ID;Geslacht;Leeftijd;BurgerlijkeStaat;RegioS;Perioden;BevolkingOp1Januari_1;GemiddeldeBevolking_2
0;Totaal mannen en vrouwen;Totaal;Totaal burgerlijke staat;Nederland;1988;14714948.0;
1;Totaal mannen en vrouwen;Totaal;Totaal burgerlijke staat;Nederland;1989;14805240.0;
2;Totaal mannen en vrouwen;Totaal;Totaal burgerlijke staat;Nederland;1990;14892574.0;
3;Totaal mannen en vrouwen;Totaal;Totaal burgerlijke staat;Nederland;1991;15010445.0;
4;Totaal mannen en vrouwen;Totaal;Totaal burgerlijke staat;Nederland;1992;15129150.0;
5;Totaal mannen en vrouwen;Totaal;Totaal burgerlijke staat;Nederland;1993;15239182.0;
6;Totaal mannen en vrouwen;Totaal;Totaal burgerlijke staat;Nederland;1994;15341553.0;
7;Totaal mannen en vrouwen;Totaal;Totaal burgerlijke staat;Nederland;1995;15424122.0;15459005.5
8;Totaal mannen en vrouwen;Totaal;Totaal burgerlijke staat;Nederland;1996;15493889.0;15530498.0
9;Totaal mannen en vrouwen;Totaal;Totaal burgerlijke staat;Nederland;1997;15567107.0;15610649.5
10;Totaal mannen en vrouwen;Totaal;Totaal burgerlijke staat;Nederland;1998;15654192.0;15707208.5
11;Totaal mannen en vrouwen;Totaal;Totaal burgerlijke staat;Nederland;1999;15760225.0;15812087.5
12;Totaal mannen en vrouwen;Totaal;Totaal burgerlijke staat;Nederland;2000;15863950.0;15925512.5
13;Totaal mannen en vrouwen;Totaal;Totaal burgerlijke staat;Nederland;2001;15987075.0;16046180.0
14;Totaal mannen en vrouwen;Totaal;Totaal burgerlijke staat;Nederland;2002;16105285.0;16148928.5
15;Totaal mannen en vrouwen;Totaal;Totaal burgerlijke staat;Nederland;2003;16192572.0;16225302.0
16;Totaal mannen en vrouwen;Totaal;Totaal burgerlijke staat;Nederland;2004;16258032.0;16281779.0
17;Totaal mannen en vrouwen;Totaal;Totaal burgerlijke staat;Nederland;2005;16305526.0;16319868.0
18;Totaal mannen en vrouwen;Totaal;Totaal burgerlijke staat;Nederland;2006;16334210.0;16346101.0
19;Totaal mannen en vrouwen;Totaal;Totaal burgerlijke staat;Nederland;2007;16357992.0;16381695.5
20;Totaal mannen en vrouwen;Totaal;Totaal burgerlijke staat;Nederland;2008;16405399.0;16445593.0
21;Totaal mannen en vrouwen;Totaal;Totaal burgerlijke staat;Nederland;2009;16485787.0;16530388.0
22;Totaal mannen en vrouwen;Totaal;Totaal burgerlijke staat;Nederland;2010;16574989.0;16615394.0
23;Totaal mannen en vrouwen;Totaal;Totaal burgerlijke staat;Nederland;2011;16655799.0;16693073.5
24;Totaal mannen en vrouwen;Totaal;Totaal burgerlijke staat;Nederland;2012;16730348.0;16754961.5
25;Totaal mannen en vrouwen;Totaal;Totaal burgerlijke staat;Nederland;2013;16779575.0;16804432.0
26;Totaal mannen en vrouwen;Totaal;Totaal burgerlijke staat;Nederland;2014;16829289.0;16865007.5
27;Totaal mannen en vrouwen;Totaal;Totaal burgerlijke staat;Nederland;2015;16900726.0;16939923.0
28;Totaal mannen en vrouwen;Totaal;Totaal burgerlijke staat;Nederland;2016;16979120.0;17030313.5
29;Totaal mannen en vrouwen;Totaal;Totaal burgerlijke staat;Nederland;2017;17081507.0;17131295.5
30;Totaal mannen en vrouwen;Totaal;Totaal burgerlijke staat;Nederland;2018;17181084.0;17231623.5
31;Totaal mannen en vrouwen;Totaal;Totaal burgerlijke staat;Nederland;2019;17282163.0;17344874.0
32;Totaal mannen en vrouwen;Totaal;Totaal burgerlijke staat;Nederland;2020;17407585.0;17441500.0
33;Totaal mannen en vrouwen;Totaal;Totaal burgerlijke staat;Nederland;2021;17475415.0;17533043.5
34;Totaal mannen en vrouwen;Totaal;Totaal burgerlijke staat;Nederland;2022;17590672.0;17700981.5
35;Totaal mannen en vrouwen;Totaal;Totaal burgerlijke staat;Nederland;2023;17811291.0;17877116.5
36;Totaal mannen en vrouwen;Totaal;Totaal burgerlijke staat;Nederland;2024;17942942.0;
37;Totaal mannen en vrouwen;Totaal;Totaal burgerlijke staat;Noord-Nederland (LD);1988;1592447.0;
38;Totaal mannen en vrouwen;Totaal;Totaal burgerlijke staat;Noord-Nederland (LD);1989;1593456.0;
39;Totaal mannen en vrouwen;Totaal;Totaal burgerlijke staat;Noord-Nederland (LD);1990;1594041.0;
40;Totaal mannen en vrouwen;Totaal;Totaal burgerlijke staat;Noord-Nederland (LD);1991;1598127.0;
41;Totaal mannen en vrouwen;Totaal;Totaal burgerlijke staat;Noord-Nederland (LD);1992;1602661.0;
42;Totaal mannen en vrouwen;Totaal;Totaal burgerlijke staat;Noord-Nederland (LD);1993;1607651.0;
43;Totaal mannen en vrouwen;Totaal;Totaal burgerlijke staat;Noord-Nederland (LD);1994;1615032.0;
44;Totaal mannen en vrouwen;Totaal;Totaal burgerlijke staat;Noord-Nederland (LD);1995;1622438.0;1624947.5
45;Totaal mannen en vrouwen;Totaal;Totaal burgerlijke staat;Noord-Nederland (LD);1996;1627457.0;1630716.5
46;Totaal mannen en vrouwen;Totaal;Totaal burgerlijke staat;Noord-Nederland (LD);1997;1633986.0;1637395.0
47;Totaal mannen en vrouwen;Totaal;Totaal burgerlijke staat;Noord-Nederland (LD);1998;1640804.0;1644553.5
48;Totaal mannen en vrouwen;Totaal;Totaal burgerlijke staat;Noord-Nederland (LD);1999;1648303.0;1652627.5
49;Totaal mannen en vrouwen;Totaal;Totaal burgerlijke staat;Noord-Nederland (LD);2000;1656952.0;1664243.0
50;Totaal mannen en vrouwen;Totaal;Totaal burgerlijke staat;Noord-Nederland (LD);2001;1671534.0;1678498.5
51;Totaal mannen en vrouwen;Totaal;Totaal burgerlijke staat;Noord-Nederland (LD);2002;1685463.0;1689750.5
52;Totaal mannen en vrouwen;Totaal;Totaal burgerlijke staat;Noord-Nederland (LD);2003;1694038.0;1696451.5
53;Totaal mannen en vrouwen;Totaal;Totaal burgerlijke staat;Noord-Nederland (LD);2004;1698865.0;1700141.5
54;Totaal mannen en vrouwen;Totaal;Totaal burgerlijke staat;Noord-Nederland (LD);2005;1701418.0;1701085.5
55;Totaal mannen en vrouwen;Totaal;Totaal burgerlijke staat;Noord-Nederland (LD);2006;1700753.0;1701386.5
56;Totaal mannen en vrouwen;Totaal;Totaal burgerlijke staat;Noord-Nederland (LD);2007;1702020.0;1703401.5
57;Totaal mannen en vrouwen;Totaal;Totaal burgerlijke staat;Noord-Nederland (LD);2008;1704783.0;1706802.0
58;Totaal mannen en vrouwen;Totaal;Totaal burgerlijke staat;Noord-Nederland (LD);2009;1708821.0;1711387.5
59;Totaal mannen en vrouwen;Totaal;Totaal burgerlijke staat;Noord-Nederland (LD);2010;1713954.0;1715841.5
60;Totaal mannen en vrouwen;Totaal;Totaal burgerlijke staat;Noord-Nederland (LD);2011;1717729.0;1718312.5
61;Totaal mannen en vrouwen;Totaal;Totaal burgerlijke staat;Noord-Nederland (LD);2012;1718896.0;1718690.5
62;Totaal mannen en vrouwen;Totaal;Totaal burgerlijke staat;Noord-Nederland (LD);2013;1718485.0;1718259.0
63;Totaal mannen en vrouwen;Totaal;Totaal burgerlijke staat;Noord-Nederland (LD);2014;1718033.0;1718404.0
64;Totaal mannen en vrouwen;Totaal;Totaal burgerlijke staat;Noord-Nederland (LD);2015;1718775.0;1718582.5
65;Totaal mannen en vrouwen;Totaal;Totaal burgerlijke staat;Noord-Nederland (LD);2016;1718390.0;1720318.5
66;Totaal mannen en vrouwen;Totaal;Totaal burgerlijke staat;Noord-Nederland (LD);2017;1722247.0;1722279.5
67;Totaal mannen en vrouwen;Totaal;Totaal burgerlijke staat;Noord-Nederland (LD);2018;1722312.0;1723070.5
68;Totaal mannen en vrouwen;Totaal;Totaal burgerlijke staat;Noord-Nederland (LD);2019;1723829.0;1726667.0
69;Totaal mannen en vrouwen;Totaal;Totaal burgerlijke staat;Noord-Nederland (LD);2020;1729505.0;1731324.0
70;Totaal mannen en vrouwen;Totaal;Totaal burgerlijke staat;Noord-Nederland (LD);2021;1733143.0;1737537.5
71;Totaal mannen en vrouwen;Totaal;Totaal burgerlijke staat;Noord-Nederland (LD);2022;1741932.0;1749804.5
72;Totaal mannen en vrouwen;Totaal;Totaal burgerlijke staat;Noord-Nederland (LD);2023;1757677.0;1762528.5
73;Totaal mannen en vrouwen;Totaal;Totaal burgerlijke staat;Noord-Nederland (LD);2024;1767380.0;
74;Totaal mannen en vrouwen;Totaal;Totaal burgerlijke staat;Oost-Nederland (LD);1988;2987346.0;
75;Totaal mannen en vrouwen;Totaal;Totaal burgerlijke staat;Oost-Nederland (LD);1989;3012305.0;
76;Totaal mannen en vrouwen;Totaal;Totaal burgerlijke staat;Oost-Nederland (LD);1990;3036140.0;
77;Totaal mannen en vrouwen;Totaal;Totaal burgerlijke staat;Oost-Nederland (LD);1991;3064765.0;
78;Totaal mannen en vrouwen;Totaal;Totaal burgerlijke staat;Oost-Nederland (LD);1992;3094049.0;
79;Totaal mannen en vrouwen;Totaal;Totaal burgerlijke staat;Oost-Nederland (LD);1993;3122407.0;
80;Totaal mannen en vrouwen;Totaal;Totaal burgerlijke staat;Oost-Nederland (LD);1994;3149749.0;
81;Totaal mannen en vrouwen;Totaal;Totaal burgerlijke staat;Oost-Nederland (LD);1995;3177446.0;3190277.0
82;Totaal mannen en vrouwen;Totaal;Totaal burgerlijke staat;Oost-Nederland (LD);1996;3203108.0;3214321.5
83;Totaal mannen en vrouwen;Totaal;Totaal burgerlijke staat;Oost-Nederland (LD);1997;3225525.0;3239224.0
84;Totaal mannen en vrouwen;Totaal;Totaal burgerlijke staat;Oost-Nederland (LD);1998;3252469.0;3268079.5
85;Totaal mannen en vrouwen;Totaal;Totaal burgerlijke staat;Oost-Nederland (LD);1999;3283690.0;3298839.5
86;Totaal mannen en vrouwen;Totaal;Totaal burgerlijke staat;Oost-Nederland (LD);2000;3313989.0;3331759.5
87;Totaal mannen en vrouwen;Totaal;Totaal burgerlijke staat;Oost-Nederland (LD);2001;3349530.0;3367258.0
88;Totaal mannen en vrouwen;Totaal;Totaal burgerlijke staat;Oost-Nederland (LD);2002;3384986.0;3398882.5
89;Totaal mannen en vrouwen;Totaal;Totaal burgerlijke staat;Oost-Nederland (LD);2003;3412779.0;3422562.0
90;Totaal mannen en vrouwen;Totaal;Totaal burgerlijke staat;Oost-Nederland (LD);2004;3432345.0;3439823.0
91;Totaal mannen en vrouwen;Totaal;Totaal burgerlijke staat;Oost-Nederland (LD);2005;3447301.0;3453595.0
92;Totaal mannen en vrouwen;Totaal;Totaal burgerlijke staat;Oost-Nederland (LD);2006;3459889.0;3464873.0
93;Totaal mannen en vrouwen;Totaal;Totaal burgerlijke staat;Oost-Nederland (LD);2007;3469857.0;3476204.0
94;Totaal mannen en vrouwen;Totaal;Totaal burgerlijke staat;Oost-Nederland (LD);2008;3482551.0;3491248.5
95;Totaal mannen en vrouwen;Totaal;Totaal burgerlijke staat;Oost-Nederland (LD);2009;3499946.0;3508554.0
96;Totaal mannen en vrouwen;Totaal;Totaal burgerlijke staat;Oost-Nederland (LD);2010;3517162.0;3524132.5
97;Totaal mannen en vrouwen;Totaal;Totaal burgerlijke staat;Oost-Nederland (LD);2011;3531103.0;3537520.5
98;Totaal mannen en vrouwen;Totaal;Totaal burgerlijke staat;Oost-Nederland (LD);2012;3543938.0;3548760.0
99;Totaal mannen en vrouwen;Totaal;Totaal burgerlijke staat;Oost-Nederland (LD);2013;3553582.0;3556432.0
100;Totaal mannen en vrouwen;Totaal;Totaal burgerlijke staat;Oost-Nederland (LD);2014;3559282.0;3564151.5
101;Totaal mannen en vrouwen;Totaal;Totaal burgerlijke staat;Oost-Nederland (LD);2015;3569021.0;3576360.0
102;Totaal mannen en vrouwen;Totaal;Totaal burgerlijke staat;Oost-Nederland (LD);2016;3583699.0;3593552.5
103;Totaal mannen en vrouwen;Totaal;Totaal burgerlijke staat;Oost-Nederland (LD);2017;3603406.0;3613340.0
104;Totaal mannen en vrouwen;Totaal;Totaal burgerlijke staat;Oost-Nederland (LD);2018;3623274.0;3634111.5
105;Totaal mannen en vrouwen;Totaal;Totaal burgerlijke staat;Oost-Nederland (LD);2019;3644949.0;3658164.0
106;Totaal mannen en vrouwen;Totaal;Totaal burgerlijke staat;Oost-Nederland (LD);2020;3671379.0;3681370.5
107;Totaal mannen en vrouwen;Totaal;Totaal burgerlijke staat;Oost-Nederland (LD);2021;3691362.0;3704257.5
108;Totaal mannen en vrouwen;Totaal;Totaal burgerlijke staat;Oost-Nederland (LD);2022;3717153.0;3739947.5
109;Totaal mannen en vrouwen;Totaal;Totaal burgerlijke staat;Oost-Nederland (LD);2023;3762742.0;3775836.0
110;Totaal mannen en vrouwen;Totaal;Totaal burgerlijke staat;Oost-Nederland (LD);2024;3788930.0;
111;Totaal mannen en vrouwen;Totaal;Totaal burgerlijke staat;West-Nederland (LD);1988;6882032.0;
112;Totaal mannen en vrouwen;Totaal;Totaal burgerlijke staat;West-Nederland (LD);1989;6925785.0;
113;Totaal mannen en vrouwen;Totaal;Totaal burgerlijke staat;West-Nederland (LD);1990;6967316.0;
114;Totaal mannen en vrouwen;Totaal;Totaal burgerlijke staat;West-Nederland (LD);1991;7026830.0;
115;Totaal mannen en vrouwen;Totaal;Totaal burgerlijke staat;West-Nederland (LD);1992;7089671.0;
116;Totaal mannen en vrouwen;Totaal;Totaal burgerlijke staat;West-Nederland (LD);1993;7143917.0;
117;Totaal mannen en vrouwen;Totaal;Totaal burgerlijke staat;West-Nederland (LD);1994;7190422.0;
118;Totaal mannen en vrouwen;Totaal;Totaal burgerlijke staat;West-Nederland (LD);1995;7217981.0;7228606.0
119;Totaal mannen en vrouwen;Totaal;Totaal burgerlijke staat;West-Nederland (LD);1996;7239231.0;7253267.0
120;Totaal mannen en vrouwen;Totaal;Totaal burgerlijke staat;West-Nederland (LD);1997;7267303.0;7285285.5
121;Totaal mannen en vrouwen;Totaal;Totaal burgerlijke staat;West-Nederland (LD);1998;7303722.0;7327471.5
122;Totaal mannen en vrouwen;Totaal;Totaal burgerlijke staat;West-Nederland (LD);1999;7351221.0;7373517.0
123;Totaal mannen en vrouwen;Totaal;Totaal burgerlijke staat;West-Nederland (LD);2000;7395813.0;7422014.5
124;Totaal mannen en vrouwen;Totaal;Totaal burgerlijke staat;West-Nederland (LD);2001;7448216.0;7474316.5
125;Totaal mannen en vrouwen;Totaal;Totaal burgerlijke staat;West-Nederland (LD);2002;7500417.0;7522042.5
126;Totaal mannen en vrouwen;Totaal;Totaal burgerlijke staat;West-Nederland (LD);2003;7543668.0;7562080.5
127;Totaal mannen en vrouwen;Totaal;Totaal burgerlijke staat;West-Nederland (LD);2004;7580493.0;7594623.0
128;Totaal mannen en vrouwen;Totaal;Totaal burgerlijke staat;West-Nederland (LD);2005;7608753.0;7617218.5
129;Totaal mannen en vrouwen;Totaal;Totaal burgerlijke staat;West-Nederland (LD);2006;7625684.0;7632476.0
130;Totaal mannen en vrouwen;Totaal;Totaal burgerlijke staat;West-Nederland (LD);2007;7639268.0;7654400.5
131;Totaal mannen en vrouwen;Totaal;Totaal burgerlijke staat;West-Nederland (LD);2008;7669533.0;7694694.5
132;Totaal mannen en vrouwen;Totaal;Totaal burgerlijke staat;West-Nederland (LD);2009;7719856.0;7748435.0
133;Totaal mannen en vrouwen;Totaal;Totaal burgerlijke staat;West-Nederland (LD);2010;7777014.0;7803569.5
134;Totaal mannen en vrouwen;Totaal;Totaal burgerlijke staat;West-Nederland (LD);2011;7830125.0;7855439.0
135;Totaal mannen en vrouwen;Totaal;Totaal burgerlijke staat;West-Nederland (LD);2012;7880753.0;7897679.5
136;Totaal mannen en vrouwen;Totaal;Totaal burgerlijke staat;West-Nederland (LD);2013;7914606.0;7933650.0
137;Totaal mannen en vrouwen;Totaal;Totaal burgerlijke staat;West-Nederland (LD);2014;7952694.0;7979466.0
138;Totaal mannen en vrouwen;Totaal;Totaal burgerlijke staat;West-Nederland (LD);2015;8006238.0;8034130.0
139;Totaal mannen en vrouwen;Totaal;Totaal burgerlijke staat;West-Nederland (LD);2016;8062022.0;8093899.5
140;Totaal mannen en vrouwen;Totaal;Totaal burgerlijke staat;West-Nederland (LD);2017;8125777.0;8157895.5
141;Totaal mannen en vrouwen;Totaal;Totaal burgerlijke staat;West-Nederland (LD);2018;8190014.0;8221228.0
142;Totaal mannen en vrouwen;Totaal;Totaal burgerlijke staat;West-Nederland (LD);2019;8252442.0;8289493.5
143;Totaal mannen en vrouwen;Totaal;Totaal burgerlijke staat;West-Nederland (LD);2020;8326545.0;8343817.0
144;Totaal mannen en vrouwen;Totaal;Totaal burgerlijke staat;West-Nederland (LD);2021;8361089.0;8390750.0
145;Totaal mannen en vrouwen;Totaal;Totaal burgerlijke staat;West-Nederland (LD);2022;8420411.0;8478353.0
146;Totaal mannen en vrouwen;Totaal;Totaal burgerlijke staat;West-Nederland (LD);2023;8536295.0;8572466.5
147;Totaal mannen en vrouwen;Totaal;Totaal burgerlijke staat;West-Nederland (LD);2024;8608638.0;
148;Totaal mannen en vrouwen;Totaal;Totaal burgerlijke staat;Zuid-Nederland (LD);1988;3251704.0;
149;Totaal mannen en vrouwen;Totaal;Totaal burgerlijke staat;Zuid-Nederland (LD);1989;3272226.0;
150;Totaal mannen en vrouwen;Totaal;Totaal burgerlijke staat;Zuid-Nederland (LD);1990;3293441.0;
151;Totaal mannen en vrouwen;Totaal;Totaal burgerlijke staat;Zuid-Nederland (LD);1991;3318888.0;
152;Totaal mannen en vrouwen;Totaal;Totaal burgerlijke staat;Zuid-Nederland (LD);1992;3340816.0;
153;Totaal mannen en vrouwen;Totaal;Totaal burgerlijke staat;Zuid-Nederland (LD);1993;3363488.0;
154;Totaal mannen en vrouwen;Totaal;Totaal burgerlijke staat;Zuid-Nederland (LD);1994;3384966.0;
155;Totaal mannen en vrouwen;Totaal;Totaal burgerlijke staat;Zuid-Nederland (LD);1995;3406257.0;3415175.0
156;Totaal mannen en vrouwen;Totaal;Totaal burgerlijke staat;Zuid-Nederland (LD);1996;3424093.0;3432193.0
157;Totaal mannen en vrouwen;Totaal;Totaal burgerlijke staat;Zuid-Nederland (LD);1997;3440293.0;3448745.0
158;Totaal mannen en vrouwen;Totaal;Totaal burgerlijke staat;Zuid-Nederland (LD);1998;3457197.0;3467104.0
159;Totaal mannen en vrouwen;Totaal;Totaal burgerlijke staat;Zuid-Nederland (LD);1999;3477011.0;3487103.5
160;Totaal mannen en vrouwen;Totaal;Totaal burgerlijke staat;Zuid-Nederland (LD);2000;3497196.0;3507495.5
161;Totaal mannen en vrouwen;Totaal;Totaal burgerlijke staat;Zuid-Nederland (LD);2001;3517795.0;3526107.0
162;Totaal mannen en vrouwen;Totaal;Totaal burgerlijke staat;Zuid-Nederland (LD);2002;3534419.0;3538253.0
163;Totaal mannen en vrouwen;Totaal;Totaal burgerlijke staat;Zuid-Nederland (LD);2003;3542087.0;3544208.0
164;Totaal mannen en vrouwen;Totaal;Totaal burgerlijke staat;Zuid-Nederland (LD);2004;3546329.0;3547191.5
165;Totaal mannen en vrouwen;Totaal;Totaal burgerlijke staat;Zuid-Nederland (LD);2005;3548054.0;3547969.0
166;Totaal mannen en vrouwen;Totaal;Totaal burgerlijke staat;Zuid-Nederland (LD);2006;3547884.0;3547365.5
167;Totaal mannen en vrouwen;Totaal;Totaal burgerlijke staat;Zuid-Nederland (LD);2007;3546847.0;3547689.5
168;Totaal mannen en vrouwen;Totaal;Totaal burgerlijke staat;Zuid-Nederland (LD);2008;3548532.0;3552848.0
169;Totaal mannen en vrouwen;Totaal;Totaal burgerlijke staat;Zuid-Nederland (LD);2009;3557164.0;3562011.5
170;Totaal mannen en vrouwen;Totaal;Totaal burgerlijke staat;Zuid-Nederland (LD);2010;3566859.0;3571850.5
171;Totaal mannen en vrouwen;Totaal;Totaal burgerlijke staat;Zuid-Nederland (LD);2011;3576842.0;3581801.5
172;Totaal mannen en vrouwen;Totaal;Totaal burgerlijke staat;Zuid-Nederland (LD);2012;3586761.0;3589831.5
173;Totaal mannen en vrouwen;Totaal;Totaal burgerlijke staat;Zuid-Nederland (LD);2013;3592902.0;3596091.0
174;Totaal mannen en vrouwen;Totaal;Totaal burgerlijke staat;Zuid-Nederland (LD);2014;3599280.0;3602986.0
175;Totaal mannen en vrouwen;Totaal;Totaal burgerlijke staat;Zuid-Nederland (LD);2015;3606692.0;3610850.5
176;Totaal mannen en vrouwen;Totaal;Totaal burgerlijke staat;Zuid-Nederland (LD);2016;3615009.0;3622543.0
177;Totaal mannen en vrouwen;Totaal;Totaal burgerlijke staat;Zuid-Nederland (LD);2017;3630077.0;3637780.5
178;Totaal mannen en vrouwen;Totaal;Totaal burgerlijke staat;Zuid-Nederland (LD);2018;3645484.0;3653213.5
179;Totaal mannen en vrouwen;Totaal;Totaal burgerlijke staat;Zuid-Nederland (LD);2019;3660943.0;3670549.5
180;Totaal mannen en vrouwen;Totaal;Totaal burgerlijke staat;Zuid-Nederland (LD);2020;3680156.0;3684988.5
181;Totaal mannen en vrouwen;Totaal;Totaal burgerlijke staat;Zuid-Nederland (LD);2021;3689821.0;3700498.5
182;Totaal mannen en vrouwen;Totaal;Totaal burgerlijke staat;Zuid-Nederland (LD);2022;3711176.0;3732876.5
183;Totaal mannen en vrouwen;Totaal;Totaal burgerlijke staat;Zuid-Nederland (LD);2023;3754577.0;3766285.5
184;Totaal mannen en vrouwen;Totaal;Totaal burgerlijke staat;Zuid-Nederland (LD);2024;3777994.0;
185;Totaal mannen en vrouwen;Totaal;Totaal burgerlijke staat;Groningen (PV);1988;556757.0;
186;Totaal mannen en vrouwen;Totaal;Totaal burgerlijke staat;Groningen (PV);1989;555200.0;
187;Totaal mannen en vrouwen;Totaal;Totaal burgerlijke staat;Groningen (PV);1990;553862.0;
188;Totaal mannen en vrouwen;Totaal;Totaal burgerlijke staat;Groningen (PV);1991;554604.0;
189;Totaal mannen en vrouwen;Totaal;Totaal burgerlijke staat;Groningen (PV);1992;555226.0;
190;Totaal mannen en vrouwen;Totaal;Totaal burgerlijke staat;Groningen (PV);1993;555397.0;
191;Totaal mannen en vrouwen;Totaal;Totaal burgerlijke staat;Groningen (PV);1994;556607.0;
192;Totaal mannen en vrouwen;Totaal;Totaal burgerlijke staat;Groningen (PV);1995;557995.0;558054.0
193;Totaal mannen en vrouwen;Totaal;Totaal burgerlijke staat;Groningen (PV);1996;558113.0;558118.5
194;Totaal mannen en vrouwen;Totaal;Totaal burgerlijke staat;Groningen (PV);1997;558124.0;558030.0
195;Totaal mannen en vrouwen;Totaal;Totaal burgerlijke staat;Groningen (PV);1998;558017.0;559002.5
196;Totaal mannen en vrouwen;Totaal;Totaal burgerlijke staat;Groningen (PV);1999;559988.0;561317.0
197;Totaal mannen en vrouwen;Totaal;Totaal burgerlijke staat;Groningen (PV);2000;562646.0;564567.5
198;Totaal mannen en vrouwen;Totaal;Totaal burgerlijke staat;Groningen (PV);2001;566489.0;568484.5
199;Totaal mannen en vrouwen;Totaal;Totaal burgerlijke staat;Groningen (PV);2002;570480.0;571738.5
200;Totaal mannen en vrouwen;Totaal;Totaal burgerlijke staat;Groningen (PV);2003;572997.0;573690.5
201;Totaal mannen en vrouwen;Totaal;Totaal burgerlijke staat;Groningen (PV);2004;574384.0;574728.0
202;Totaal mannen en vrouwen;Totaal;Totaal burgerlijke staat;Groningen (PV);2005;575072.0;574557.0
203;Totaal mannen en vrouwen;Totaal;Totaal burgerlijke staat;Groningen (PV);2006;574042.0;573828.0
204;Totaal mannen en vrouwen;Totaal;Totaal burgerlijke staat;Groningen (PV);2007;573614.0;573536.5
205;Totaal mannen en vrouwen;Totaal;Totaal burgerlijke staat;Groningen (PV);2008;573459.0;573775.5
206;Totaal mannen en vrouwen;Totaal;Totaal burgerlijke staat;Groningen (PV);2009;574092.0;575380.0
207;Totaal mannen en vrouwen;Totaal;Totaal burgerlijke staat;Groningen (PV);2010;576668.0;577852.0
208;Totaal mannen en vrouwen;Totaal;Totaal burgerlijke staat;Groningen (PV);2011;579036.0;579955.5
209;Totaal mannen en vrouwen;Totaal;Totaal burgerlijke staat;Groningen (PV);2012;580875.0;581290.0
210;Totaal mannen en vrouwen;Totaal;Totaal burgerlijke staat;Groningen (PV);2013;581705.0;582216.5
211;Totaal mannen en vrouwen;Totaal;Totaal burgerlijke staat;Groningen (PV);2014;582728.0;583335.0
212;Totaal mannen en vrouwen;Totaal;Totaal burgerlijke staat;Groningen (PV);2015;583942.0;583831.5
213;Totaal mannen en vrouwen;Totaal;Totaal burgerlijke staat;Groningen (PV);2016;583721.0;583651.0
214;Totaal mannen en vrouwen;Totaal;Totaal burgerlijke staat;Groningen (PV);2017;583581.0;583262.5
215;Totaal mannen en vrouwen;Totaal;Totaal burgerlijke staat;Groningen (PV);2018;582944.0;583467.0
216;Totaal mannen en vrouwen;Totaal;Totaal burgerlijke staat;Groningen (PV);2019;583990.0;584928.0
217;Totaal mannen en vrouwen;Totaal;Totaal burgerlijke staat;Groningen (PV);2020;585866.0;586401.5
218;Totaal mannen en vrouwen;Totaal;Totaal burgerlijke staat;Groningen (PV);2021;586937.0;588553.5
219;Totaal mannen en vrouwen;Totaal;Totaal burgerlijke staat;Groningen (PV);2022;590170.0;593122.5
220;Totaal mannen en vrouwen;Totaal;Totaal burgerlijke staat;Groningen (PV);2023;596075.0;598711.0
221;Totaal mannen en vrouwen;Totaal;Totaal burgerlijke staat;Groningen (PV);2024;601347.0;
222;Totaal mannen en vrouwen;Totaal;Totaal burgerlijke staat;Fryslân (PV);1988;599104.0;
223;Totaal mannen en vrouwen;Totaal;Totaal burgerlijke staat;Fryslân (PV);1989;599190.0;
224;Totaal mannen en vrouwen;Totaal;Totaal burgerlijke staat;Fryslân (PV);1990;599151.0;
225;Totaal mannen en vrouwen;Totaal;Totaal burgerlijke staat;Fryslân (PV);1991;600013.0;
226;Totaal mannen en vrouwen;Totaal;Totaal burgerlijke staat;Fryslân (PV);1992;601839.0;
227;Totaal mannen en vrouwen;Totaal;Totaal burgerlijke staat;Fryslân (PV);1993;603998.0;
228;Totaal mannen en vrouwen;Totaal;Totaal burgerlijke staat;Fryslân (PV);1994;607016.0;
229;Totaal mannen en vrouwen;Totaal;Totaal burgerlijke staat;Fryslân (PV);1995;609579.0;610803.5
230;Totaal mannen en vrouwen;Totaal;Totaal burgerlijke staat;Fryslân (PV);1996;612028.0;613536.5
231;Totaal mannen en vrouwen;Totaal;Totaal burgerlijke staat;Fryslân (PV);1997;615045.0;616577.5
232;Totaal mannen en vrouwen;Totaal;Totaal burgerlijke staat;Fryslân (PV);1998;618115.0;619668.5
233;Totaal mannen en vrouwen;Totaal;Totaal burgerlijke staat;Fryslân (PV);1999;621222.0;622861.0
234;Totaal mannen en vrouwen;Totaal;Totaal burgerlijke staat;Fryslân (PV);2000;624500.0;627519.5
235;Totaal mannen en vrouwen;Totaal;Totaal burgerlijke staat;Fryslân (PV);2001;630539.0;633361.5
236;Totaal mannen en vrouwen;Totaal;Totaal burgerlijke staat;Fryslân (PV);2002;636184.0;637985.5
237;Totaal mannen en vrouwen;Totaal;Totaal burgerlijke staat;Fryslân (PV);2003;639787.0;640926.5
238;Totaal mannen en vrouwen;Totaal;Totaal burgerlijke staat;Fryslân (PV);2004;642066.0;642521.5
239;Totaal mannen en vrouwen;Totaal;Totaal burgerlijke staat;Fryslân (PV);2005;642977.0;642603.5
240;Totaal mannen en vrouwen;Totaal;Totaal burgerlijke staat;Fryslân (PV);2006;642230.0;642219.5
241;Totaal mannen en vrouwen;Totaal;Totaal burgerlijke staat;Fryslân (PV);2007;642209.0;642699.0
242;Totaal mannen en vrouwen;Totaal;Totaal burgerlijke staat;Fryslân (PV);2008;643189.0;644000.0
243;Totaal mannen en vrouwen;Totaal;Totaal burgerlijke staat;Fryslân (PV);2009;644811.0;645558.0
244;Totaal mannen en vrouwen;Totaal;Totaal burgerlijke staat;Fryslân (PV);2010;646305.0;646793.5
245;Totaal mannen en vrouwen;Totaal;Totaal burgerlijke staat;Fryslân (PV);2011;647282.0;647248.0
246;Totaal mannen en vrouwen;Totaal;Totaal burgerlijke staat;Fryslân (PV);2012;647214.0;647038.0
247;Totaal mannen en vrouwen;Totaal;Totaal burgerlijke staat;Fryslân (PV);2013;646862.0;646589.5
248;Totaal mannen en vrouwen;Totaal;Totaal burgerlijke staat;Fryslân (PV);2014;646317.0;646287.0
249;Totaal mannen en vrouwen;Totaal;Totaal burgerlijke staat;Fryslân (PV);2015;646257.0;646148.5
250;Totaal mannen en vrouwen;Totaal;Totaal burgerlijke staat;Fryslân (PV);2016;646040.0;646457.0
251;Totaal mannen en vrouwen;Totaal;Totaal burgerlijke staat;Fryslân (PV);2017;646874.0;647071.0
252;Totaal mannen en vrouwen;Totaal;Totaal burgerlijke staat;Fryslân (PV);2018;647268.0;647470.0
253;Totaal mannen en vrouwen;Totaal;Totaal burgerlijke staat;Fryslân (PV);2019;647672.0;648814.5
254;Totaal mannen en vrouwen;Totaal;Totaal burgerlijke staat;Fryslân (PV);2020;649957.0;650696.0
255;Totaal mannen en vrouwen;Totaal;Totaal burgerlijke staat;Fryslân (PV);2021;651435.0;652727.0
256;Totaal mannen en vrouwen;Totaal;Totaal burgerlijke staat;Fryslân (PV);2022;654019.0;656785.0
257;Totaal mannen en vrouwen;Totaal;Totaal burgerlijke staat;Fryslân (PV);2023;659551.0;660727.5
258;Totaal mannen en vrouwen;Totaal;Totaal burgerlijke staat;Fryslân (PV);2024;661904.0;
259;Totaal mannen en vrouwen;Totaal;Totaal burgerlijke staat;Drenthe (PV);1988;436586.0;
260;Totaal mannen en vrouwen;Totaal;Totaal burgerlijke staat;Drenthe (PV);1989;439066.0;
261;Totaal mannen en vrouwen;Totaal;Totaal burgerlijke staat;Drenthe (PV);1990;441028.0;
262;Totaal mannen en vrouwen;Totaal;Totaal burgerlijke staat;Drenthe (PV);1991;443510.0;
263;Totaal mannen en vrouwen;Totaal;Totaal burgerlijke staat;Drenthe (PV);1992;445596.0;
264;Totaal mannen en vrouwen;Totaal;Totaal burgerlijke staat;Drenthe (PV);1993;448256.0;
265;Totaal mannen en vrouwen;Totaal;Totaal burgerlijke staat;Drenthe (PV);1994;451409.0;
266;Totaal mannen en vrouwen;Totaal;Totaal burgerlijke staat;Drenthe (PV);1995;454864.0;456090.0
267;Totaal mannen en vrouwen;Totaal;Totaal burgerlijke staat;Drenthe (PV);1996;457316.0;459061.5
268;Totaal mannen en vrouwen;Totaal;Totaal burgerlijke staat;Drenthe (PV);1997;460817.0;462787.5
269;Totaal mannen en vrouwen;Totaal;Totaal burgerlijke staat;Drenthe (PV);1998;464672.0;465882.5
270;Totaal mannen en vrouwen;Totaal;Totaal burgerlijke staat;Drenthe (PV);1999;467093.0;468449.5
271;Totaal mannen en vrouwen;Totaal;Totaal burgerlijke staat;Drenthe (PV);2000;469806.0;472156.0
272;Totaal mannen en vrouwen;Totaal;Totaal burgerlijke staat;Drenthe (PV);2001;474506.0;476652.5
273;Totaal mannen en vrouwen;Totaal;Totaal burgerlijke staat;Drenthe (PV);2002;478799.0;480026.5
274;Totaal mannen en vrouwen;Totaal;Totaal burgerlijke staat;Drenthe (PV);2003;481254.0;481834.5
275;Totaal mannen en vrouwen;Totaal;Totaal burgerlijke staat;Drenthe (PV);2004;482415.0;482892.0
276;Totaal mannen en vrouwen;Totaal;Totaal burgerlijke staat;Drenthe (PV);2005;483369.0;483925.0
277;Totaal mannen en vrouwen;Totaal;Totaal burgerlijke staat;Drenthe (PV);2006;484481.0;485339.0
278;Totaal mannen en vrouwen;Totaal;Totaal burgerlijke staat;Drenthe (PV);2007;486197.0;487166.0
279;Totaal mannen en vrouwen;Totaal;Totaal burgerlijke staat;Drenthe (PV);2008;488135.0;489026.5
280;Totaal mannen en vrouwen;Totaal;Totaal burgerlijke staat;Drenthe (PV);2009;489918.0;490449.5
281;Totaal mannen en vrouwen;Totaal;Totaal burgerlijke staat;Drenthe (PV);2010;490981.0;491196.0
282;Totaal mannen en vrouwen;Totaal;Totaal burgerlijke staat;Drenthe (PV);2011;491411.0;491109.0
283;Totaal mannen en vrouwen;Totaal;Totaal burgerlijke staat;Drenthe (PV);2012;490807.0;490362.5
284;Totaal mannen en vrouwen;Totaal;Totaal burgerlijke staat;Drenthe (PV);2013;489918.0;489453.0
285;Totaal mannen en vrouwen;Totaal;Totaal burgerlijke staat;Drenthe (PV);2014;488988.0;488782.0
286;Totaal mannen en vrouwen;Totaal;Totaal burgerlijke staat;Drenthe (PV);2015;488576.0;488602.5
287;Totaal mannen en vrouwen;Totaal;Totaal burgerlijke staat;Drenthe (PV);2016;488629.0;490210.5
288;Totaal mannen en vrouwen;Totaal;Totaal burgerlijke staat;Drenthe (PV);2017;491792.0;491946.0
289;Totaal mannen en vrouwen;Totaal;Totaal burgerlijke staat;Drenthe (PV);2018;492100.0;492133.5
290;Totaal mannen en vrouwen;Totaal;Totaal burgerlijke staat;Drenthe (PV);2019;492167.0;492924.5
291;Totaal mannen en vrouwen;Totaal;Totaal burgerlijke staat;Drenthe (PV);2020;493682.0;494226.5
292;Totaal mannen en vrouwen;Totaal;Totaal burgerlijke staat;Drenthe (PV);2021;494771.0;496257.0
293;Totaal mannen en vrouwen;Totaal;Totaal burgerlijke staat;Drenthe (PV);2022;497743.0;499897.0
294;Totaal mannen en vrouwen;Totaal;Totaal burgerlijke staat;Drenthe (PV);2023;502051.0;503090.0
295;Totaal mannen en vrouwen;Totaal;Totaal burgerlijke staat;Drenthe (PV);2024;504129.0;
296;Totaal mannen en vrouwen;Totaal;Totaal burgerlijke staat;Overijssel (PV);1988;1009997.0;
297;Totaal mannen en vrouwen;Totaal;Totaal burgerlijke staat;Overijssel (PV);1989;1014949.0;
298;Totaal mannen en vrouwen;Totaal;Totaal burgerlijke staat;Overijssel (PV);1990;1020424.0;
299;Totaal mannen en vrouwen;Totaal;Totaal burgerlijke staat;Overijssel (PV);1991;1026325.0;
300;Totaal mannen en vrouwen;Totaal;Totaal burgerlijke staat;Overijssel (PV);1992;1032418.0;
301;Totaal mannen en vrouwen;Totaal;Totaal burgerlijke staat;Overijssel (PV);1993;1039083.0;
302;Totaal mannen en vrouwen;Totaal;Totaal burgerlijke staat;Overijssel (PV);1994;1044648.0;
303;Totaal mannen en vrouwen;Totaal;Totaal burgerlijke staat;Overijssel (PV);1995;1050389.0;1052177.5
304;Totaal mannen en vrouwen;Totaal;Totaal burgerlijke staat;Overijssel (PV);1996;1053966.0;1055960.0
305;Totaal mannen en vrouwen;Totaal;Totaal burgerlijke staat;Overijssel (PV);1997;1057944.0;1060735.5
306;Totaal mannen en vrouwen;Totaal;Totaal burgerlijke staat;Overijssel (PV);1998;1063527.0;1066985.5
307;Totaal mannen en vrouwen;Totaal;Totaal burgerlijke staat;Overijssel (PV);1999;1070444.0;1074005.5
308;Totaal mannen en vrouwen;Totaal;Totaal burgerlijke staat;Overijssel (PV);2000;1077625.0;1081952.5
309;Totaal mannen en vrouwen;Totaal;Totaal burgerlijke staat;Overijssel (PV);2001;1086280.0;1090156.0
310;Totaal mannen en vrouwen;Totaal;Totaal burgerlijke staat;Overijssel (PV);2002;1094032.0;1097354.5
311;Totaal mannen en vrouwen;Totaal;Totaal burgerlijke staat;Overijssel (PV);2003;1100677.0;1103094.5
312;Totaal mannen en vrouwen;Totaal;Totaal burgerlijke staat;Overijssel (PV);2004;1105512.0;1107472.0
313;Totaal mannen en vrouwen;Totaal;Totaal burgerlijke staat;Overijssel (PV);2005;1109432.0;1111480.5
314;Totaal mannen en vrouwen;Totaal;Totaal burgerlijke staat;Overijssel (PV);2006;1113529.0;1114951.5
315;Totaal mannen en vrouwen;Totaal;Totaal burgerlijke staat;Overijssel (PV);2007;1116374.0;1118184.0
316;Totaal mannen en vrouwen;Totaal;Totaal burgerlijke staat;Overijssel (PV);2008;1119994.0;1122714.5
317;Totaal mannen en vrouwen;Totaal;Totaal burgerlijke staat;Overijssel (PV);2009;1125435.0;1127890.0
318;Totaal mannen en vrouwen;Totaal;Totaal burgerlijke staat;Overijssel (PV);2010;1130345.0;1132405.0
319;Totaal mannen en vrouwen;Totaal;Totaal burgerlijke staat;Overijssel (PV);2011;1134465.0;1136066.5
320;Totaal mannen en vrouwen;Totaal;Totaal burgerlijke staat;Overijssel (PV);2012;1137668.0;1138509.0
321;Totaal mannen en vrouwen;Totaal;Totaal burgerlijke staat;Overijssel (PV);2013;1139350.0;1139523.5
322;Totaal mannen en vrouwen;Totaal;Totaal burgerlijke staat;Overijssel (PV);2014;1139697.0;1140174.5
323;Totaal mannen en vrouwen;Totaal;Totaal burgerlijke staat;Overijssel (PV);2015;1140652.0;1142466.0
324;Totaal mannen en vrouwen;Totaal;Totaal burgerlijke staat;Overijssel (PV);2016;1144280.0;1145983.5
325;Totaal mannen en vrouwen;Totaal;Totaal burgerlijke staat;Overijssel (PV);2017;1147687.0;1149594.0
326;Totaal mannen en vrouwen;Totaal;Totaal burgerlijke staat;Overijssel (PV);2018;1151501.0;1153966.0
327;Totaal mannen en vrouwen;Totaal;Totaal burgerlijke staat;Overijssel (PV);2019;1156431.0;1159418.5
328;Totaal mannen en vrouwen;Totaal;Totaal burgerlijke staat;Overijssel (PV);2020;1162406.0;1164469.5
329;Totaal mannen en vrouwen;Totaal;Totaal burgerlijke staat;Overijssel (PV);2021;1166533.0;1169221.5
330;Totaal mannen en vrouwen;Totaal;Totaal burgerlijke staat;Overijssel (PV);2022;1171910.0;1178121.5
331;Totaal mannen en vrouwen;Totaal;Totaal burgerlijke staat;Overijssel (PV);2023;1184333.0;1186683.0
332;Totaal mannen en vrouwen;Totaal;Totaal burgerlijke staat;Overijssel (PV);2024;1189033.0;
333;Totaal mannen en vrouwen;Totaal;Totaal burgerlijke staat;Flevoland (PV);1988;193739.0;
334;Totaal mannen en vrouwen;Totaal;Totaal burgerlijke staat;Flevoland (PV);1989;202678.0;
335;Totaal mannen en vrouwen;Totaal;Totaal burgerlijke staat;Flevoland (PV);1990;211507.0;
336;Totaal mannen en vrouwen;Totaal;Totaal burgerlijke staat;Flevoland (PV);1991;221505.0;
337;Totaal mannen en vrouwen;Totaal;Totaal burgerlijke staat;Flevoland (PV);1992;232823.0;
338;Totaal mannen en vrouwen;Totaal;Totaal burgerlijke staat;Flevoland (PV);1993;243441.0;
339;Totaal mannen en vrouwen;Totaal;Totaal burgerlijke staat;Flevoland (PV);1994;253699.0;
340;Totaal mannen en vrouwen;Totaal;Totaal burgerlijke staat;Flevoland (PV);1995;262325.0;267584.0
341;Totaal mannen en vrouwen;Totaal;Totaal burgerlijke staat;Flevoland (PV);1996;272843.0;277157.5
342;Totaal mannen en vrouwen;Totaal;Totaal burgerlijke staat;Flevoland (PV);1997;281472.0;287379.0
343;Totaal mannen en vrouwen;Totaal;Totaal burgerlijke staat;Flevoland (PV);1998;293286.0;299877.0
344;Totaal mannen en vrouwen;Totaal;Totaal burgerlijke staat;Flevoland (PV);1999;306468.0;311837.0
345;Totaal mannen en vrouwen;Totaal;Totaal burgerlijke staat;Flevoland (PV);2000;317206.0;323071.0
346;Totaal mannen en vrouwen;Totaal;Totaal burgerlijke staat;Flevoland (PV);2001;328936.0;335328.5
347;Totaal mannen en vrouwen;Totaal;Totaal burgerlijke staat;Flevoland (PV);2002;341721.0;346700.5
348;Totaal mannen en vrouwen;Totaal;Totaal burgerlijke staat;Flevoland (PV);2003;351680.0;355792.0
349;Totaal mannen en vrouwen;Totaal;Totaal burgerlijke staat;Flevoland (PV);2004;359904.0;362881.5
350;Totaal mannen en vrouwen;Totaal;Totaal burgerlijke staat;Flevoland (PV);2005;365859.0;368257.5
351;Totaal mannen en vrouwen;Totaal;Totaal burgerlijke staat;Flevoland (PV);2006;370656.0;372540.0
352;Totaal mannen en vrouwen;Totaal;Totaal burgerlijke staat;Flevoland (PV);2007;374424.0;376556.0
353;Totaal mannen en vrouwen;Totaal;Totaal burgerlijke staat;Flevoland (PV);2008;378688.0;381068.5
354;Totaal mannen en vrouwen;Totaal;Totaal burgerlijke staat;Flevoland (PV);2009;383449.0;385665.0
355;Totaal mannen en vrouwen;Totaal;Totaal burgerlijke staat;Flevoland (PV);2010;387881.0;389924.0
356;Totaal mannen en vrouwen;Totaal;Totaal burgerlijke staat;Flevoland (PV);2011;391967.0;393746.0
357;Totaal mannen en vrouwen;Totaal;Totaal burgerlijke staat;Flevoland (PV);2012;395525.0;396983.0
358;Totaal mannen en vrouwen;Totaal;Totaal burgerlijke staat;Flevoland (PV);2013;398441.0;399167.0
359;Totaal mannen en vrouwen;Totaal;Totaal burgerlijke staat;Flevoland (PV);2014;399893.0;400842.0
360;Totaal mannen en vrouwen;Totaal;Totaal burgerlijke staat;Flevoland (PV);2015;401791.0;402929.5
361;Totaal mannen en vrouwen;Totaal;Totaal burgerlijke staat;Flevoland (PV);2016;404068.0;405943.0
362;Totaal mannen en vrouwen;Totaal;Totaal burgerlijke staat;Flevoland (PV);2017;407818.0;409744.0
363;Totaal mannen en vrouwen;Totaal;Totaal burgerlijke staat;Flevoland (PV);2018;411670.0;414108.0
364;Totaal mannen en vrouwen;Totaal;Totaal burgerlijke staat;Flevoland (PV);2019;416546.0;419783.5
365;Totaal mannen en vrouwen;Totaal;Totaal burgerlijke staat;Flevoland (PV);2020;423021.0;425623.5
366;Totaal mannen en vrouwen;Totaal;Totaal burgerlijke staat;Flevoland (PV);2021;428226.0;431498.5
367;Totaal mannen en vrouwen;Totaal;Totaal burgerlijke staat;Flevoland (PV);2022;434771.0;439736.0
368;Totaal mannen en vrouwen;Totaal;Totaal burgerlijke staat;Flevoland (PV);2023;444701.0;447763.5
369;Totaal mannen en vrouwen;Totaal;Totaal burgerlijke staat;Flevoland (PV);2024;450826.0;
370;Totaal mannen en vrouwen;Totaal;Totaal burgerlijke staat;Gelderland (PV);1988;1783610.0;
371;Totaal mannen en vrouwen;Totaal;Totaal burgerlijke staat;Gelderland (PV);1989;1794678.0;
372;Totaal mannen en vrouwen;Totaal;Totaal burgerlijke staat;Gelderland (PV);1990;1804209.0;
373;Totaal mannen en vrouwen;Totaal;Totaal burgerlijke staat;Gelderland (PV);1991;1816935.0;
374;Totaal mannen en vrouwen;Totaal;Totaal burgerlijke staat;Gelderland (PV);1992;1828808.0;
375;Totaal mannen en vrouwen;Totaal;Totaal burgerlijke staat;Gelderland (PV);1993;1839883.0;
376;Totaal mannen en vrouwen;Totaal;Totaal burgerlijke staat;Gelderland (PV);1994;1851402.0;
377;Totaal mannen en vrouwen;Totaal;Totaal burgerlijke staat;Gelderland (PV);1995;1864732.0;1870515.5
378;Totaal mannen en vrouwen;Totaal;Totaal burgerlijke staat;Gelderland (PV);1996;1876299.0;1881204.0
379;Totaal mannen en vrouwen;Totaal;Totaal burgerlijke staat;Gelderland (PV);1997;1886109.0;1891109.5
380;Totaal mannen en vrouwen;Totaal;Totaal burgerlijke staat;Gelderland (PV);1998;1895656.0;1901217.0
381;Totaal mannen en vrouwen;Totaal;Totaal burgerlijke staat;Gelderland (PV);1999;1906778.0;1912997.0
382;Totaal mannen en vrouwen;Totaal;Totaal burgerlijke staat;Gelderland (PV);2000;1919158.0;1926736.0
383;Totaal mannen en vrouwen;Totaal;Totaal burgerlijke staat;Gelderland (PV);2001;1934314.0;1941773.5
384;Totaal mannen en vrouwen;Totaal;Totaal burgerlijke staat;Gelderland (PV);2002;1949233.0;1954827.5
385;Totaal mannen en vrouwen;Totaal;Totaal burgerlijke staat;Gelderland (PV);2003;1960422.0;1963675.5
386;Totaal mannen en vrouwen;Totaal;Totaal burgerlijke staat;Gelderland (PV);2004;1966929.0;1969469.5
387;Totaal mannen en vrouwen;Totaal;Totaal burgerlijke staat;Gelderland (PV);2005;1972010.0;1973857.0
388;Totaal mannen en vrouwen;Totaal;Totaal burgerlijke staat;Gelderland (PV);2006;1975704.0;1977381.5
389;Totaal mannen en vrouwen;Totaal;Totaal burgerlijke staat;Gelderland (PV);2007;1979059.0;1981464.0
390;Totaal mannen en vrouwen;Totaal;Totaal burgerlijke staat;Gelderland (PV);2008;1983869.0;1987465.5
391;Totaal mannen en vrouwen;Totaal;Totaal burgerlijke staat;Gelderland (PV);2009;1991062.0;1994999.0
392;Totaal mannen en vrouwen;Totaal;Totaal burgerlijke staat;Gelderland (PV);2010;1998936.0;2001803.5
393;Totaal mannen en vrouwen;Totaal;Totaal burgerlijke staat;Gelderland (PV);2011;2004671.0;2007708.0
394;Totaal mannen en vrouwen;Totaal;Totaal burgerlijke staat;Gelderland (PV);2012;2010745.0;2013268.0
395;Totaal mannen en vrouwen;Totaal;Totaal burgerlijke staat;Gelderland (PV);2013;2015791.0;2017741.5
396;Totaal mannen en vrouwen;Totaal;Totaal burgerlijke staat;Gelderland (PV);2014;2019692.0;2023135.0
397;Totaal mannen en vrouwen;Totaal;Totaal burgerlijke staat;Gelderland (PV);2015;2026578.0;2030964.5
398;Totaal mannen en vrouwen;Totaal;Totaal burgerlijke staat;Gelderland (PV);2016;2035351.0;2041626.0
399;Totaal mannen en vrouwen;Totaal;Totaal burgerlijke staat;Gelderland (PV);2017;2047901.0;2054002.0
400;Totaal mannen en vrouwen;Totaal;Totaal burgerlijke staat;Gelderland (PV);2018;2060103.0;2066037.5
401;Totaal mannen en vrouwen;Totaal;Totaal burgerlijke staat;Gelderland (PV);2019;2071972.0;2078962.0
402;Totaal mannen en vrouwen;Totaal;Totaal burgerlijke staat;Gelderland (PV);2020;2085952.0;2091277.5
403;Totaal mannen en vrouwen;Totaal;Totaal burgerlijke staat;Gelderland (PV);2021;2096603.0;2103537.5
404;Totaal mannen en vrouwen;Totaal;Totaal burgerlijke staat;Gelderland (PV);2022;2110472.0;2122090.0
405;Totaal mannen en vrouwen;Totaal;Totaal burgerlijke staat;Gelderland (PV);2023;2133708.0;2141389.5
406;Totaal mannen en vrouwen;Totaal;Totaal burgerlijke staat;Gelderland (PV);2024;2149071.0;
407;Totaal mannen en vrouwen;Totaal;Totaal burgerlijke staat;Utrecht (PV);1988;965229.0;
408;Totaal mannen en vrouwen;Totaal;Totaal burgerlijke staat;Utrecht (PV);1989;1004632.0;
409;Totaal mannen en vrouwen;Totaal;Totaal burgerlijke staat;Utrecht (PV);1990;1015515.0;
410;Totaal mannen en vrouwen;Totaal;Totaal burgerlijke staat;Utrecht (PV);1991;1026841.0;
411;Totaal mannen en vrouwen;Totaal;Totaal burgerlijke staat;Utrecht (PV);1992;1037294.0;
412;Totaal mannen en vrouwen;Totaal;Totaal burgerlijke staat;Utrecht (PV);1993;1047035.0;
413;Totaal mannen en vrouwen;Totaal;Totaal burgerlijke staat;Utrecht (PV);1994;1056033.0;
414;Totaal mannen en vrouwen;Totaal;Totaal burgerlijke staat;Utrecht (PV);1995;1063460.0;1067022.5
415;Totaal mannen en vrouwen;Totaal;Totaal burgerlijke staat;Utrecht (PV);1996;1070585.0;1075006.5
416;Totaal mannen en vrouwen;Totaal;Totaal burgerlijke staat;Utrecht (PV);1997;1079428.0;1083797.5
417;Totaal mannen en vrouwen;Totaal;Totaal burgerlijke staat;Utrecht (PV);1998;1088621.0;1093671.5
418;Totaal mannen en vrouwen;Totaal;Totaal burgerlijke staat;Utrecht (PV);1999;1098722.0;1103285.5
419;Totaal mannen en vrouwen;Totaal;Totaal burgerlijke staat;Utrecht (PV);2000;1107849.0;1112923.0
420;Totaal mannen en vrouwen;Totaal;Totaal burgerlijke staat;Utrecht (PV);2001;1117997.0;1123690.5
421;Totaal mannen en vrouwen;Totaal;Totaal burgerlijke staat;Utrecht (PV);2002;1139925.0;1146071.5
422;Totaal mannen en vrouwen;Totaal;Totaal burgerlijke staat;Utrecht (PV);2003;1152218.0;1157238.0
423;Totaal mannen en vrouwen;Totaal;Totaal burgerlijke staat;Utrecht (PV);2004;1162258.0;1166774.5
424;Totaal mannen en vrouwen;Totaal;Totaal burgerlijke staat;Utrecht (PV);2005;1171291.0;1175665.0
425;Totaal mannen en vrouwen;Totaal;Totaal burgerlijke staat;Utrecht (PV);2006;1180039.0;1185321.5
426;Totaal mannen en vrouwen;Totaal;Totaal burgerlijke staat;Utrecht (PV);2007;1190604.0;1195977.0
427;Totaal mannen en vrouwen;Totaal;Totaal burgerlijke staat;Utrecht (PV);2008;1201350.0;1206109.5
428;Totaal mannen en vrouwen;Totaal;Totaal burgerlijke staat;Utrecht (PV);2009;1210869.0;1215889.5
429;Totaal mannen en vrouwen;Totaal;Totaal burgerlijke staat;Utrecht (PV);2010;1220910.0;1224852.0
430;Totaal mannen en vrouwen;Totaal;Totaal burgerlijke staat;Utrecht (PV);2011;1228794.0;1232953.5
431;Totaal mannen en vrouwen;Totaal;Totaal burgerlijke staat;Utrecht (PV);2012;1237117.0;1241205.5
432;Totaal mannen en vrouwen;Totaal;Totaal burgerlijke staat;Utrecht (PV);2013;1245294.0;1249483.0
433;Totaal mannen en vrouwen;Totaal;Totaal burgerlijke staat;Utrecht (PV);2014;1253672.0;1258622.0
434;Totaal mannen en vrouwen;Totaal;Totaal burgerlijke staat;Utrecht (PV);2015;1263572.0;1268592.5
435;Totaal mannen en vrouwen;Totaal;Totaal burgerlijke staat;Utrecht (PV);2016;1273613.0;1279058.5
436;Totaal mannen en vrouwen;Totaal;Totaal burgerlijke staat;Utrecht (PV);2017;1284504.0;1289994.0
437;Totaal mannen en vrouwen;Totaal;Totaal burgerlijke staat;Utrecht (PV);2018;1295484.0;1301187.0
438;Totaal mannen en vrouwen;Totaal;Totaal burgerlijke staat;Utrecht (PV);2019;1342158.0;1348496.0
439;Totaal mannen en vrouwen;Totaal;Totaal burgerlijke staat;Utrecht (PV);2020;1354834.0;1357993.5
440;Totaal mannen en vrouwen;Totaal;Totaal burgerlijke staat;Utrecht (PV);2021;1361153.0;1365513.0
441;Totaal mannen en vrouwen;Totaal;Totaal burgerlijke staat;Utrecht (PV);2022;1369873.0;1378758.0
442;Totaal mannen en vrouwen;Totaal;Totaal burgerlijke staat;Utrecht (PV);2023;1387643.0;1393850.0
443;Totaal mannen en vrouwen;Totaal;Totaal burgerlijke staat;Utrecht (PV);2024;1400057.0;
444;Totaal mannen en vrouwen;Totaal;Totaal burgerlijke staat;Noord-Holland (PV);1988;2352888.0;
445;Totaal mannen en vrouwen;Totaal;Totaal burgerlijke staat;Noord-Holland (PV);1989;2365160.0;
446;Totaal mannen en vrouwen;Totaal;Totaal burgerlijke staat;Noord-Holland (PV);1990;2376015.0;
447;Totaal mannen en vrouwen;Totaal;Totaal burgerlijke staat;Noord-Holland (PV);1991;2397088.0;
448;Totaal mannen en vrouwen;Totaal;Totaal burgerlijke staat;Noord-Holland (PV);1992;2421665.0;
449;Totaal mannen en vrouwen;Totaal;Totaal burgerlijke staat;Noord-Holland (PV);1993;2440165.0;
450;Totaal mannen en vrouwen;Totaal;Totaal burgerlijke staat;Noord-Holland (PV);1994;2457329.0;
451;Totaal mannen en vrouwen;Totaal;Totaal burgerlijke staat;Noord-Holland (PV);1995;2463611.0;2466021.5
452;Totaal mannen en vrouwen;Totaal;Totaal burgerlijke staat;Noord-Holland (PV);1996;2468432.0;2471593.0
453;Totaal mannen en vrouwen;Totaal;Totaal burgerlijke staat;Noord-Holland (PV);1997;2474754.0;2480429.5
454;Totaal mannen en vrouwen;Totaal;Totaal burgerlijke staat;Noord-Holland (PV);1998;2486105.0;2494631.5
455;Totaal mannen en vrouwen;Totaal;Totaal burgerlijke staat;Noord-Holland (PV);1999;2503158.0;2510756.0
456;Totaal mannen en vrouwen;Totaal;Totaal burgerlijke staat;Noord-Holland (PV);2000;2518354.0;2526476.5
457;Totaal mannen en vrouwen;Totaal;Totaal burgerlijke staat;Noord-Holland (PV);2001;2534599.0;2542587.0
458;Totaal mannen en vrouwen;Totaal;Totaal burgerlijke staat;Noord-Holland (PV);2002;2559477.0;2566298.5
459;Totaal mannen en vrouwen;Totaal;Totaal burgerlijke staat;Noord-Holland (PV);2003;2573120.0;2580192.5
460;Totaal mannen en vrouwen;Totaal;Totaal burgerlijke staat;Noord-Holland (PV);2004;2587265.0;2593184.0
461;Totaal mannen en vrouwen;Totaal;Totaal burgerlijke staat;Noord-Holland (PV);2005;2599103.0;2602843.5
462;Totaal mannen en vrouwen;Totaal;Totaal burgerlijke staat;Noord-Holland (PV);2006;2606584.0;2609827.0
463;Totaal mannen en vrouwen;Totaal;Totaal burgerlijke staat;Noord-Holland (PV);2007;2613070.0;2619616.5
464;Totaal mannen en vrouwen;Totaal;Totaal burgerlijke staat;Noord-Holland (PV);2008;2626163.0;2636304.0
465;Totaal mannen en vrouwen;Totaal;Totaal burgerlijke staat;Noord-Holland (PV);2009;2646445.0;2657764.5
466;Totaal mannen en vrouwen;Totaal;Totaal burgerlijke staat;Noord-Holland (PV);2010;2669084.0;2680280.5
467;Totaal mannen en vrouwen;Totaal;Totaal burgerlijke staat;Noord-Holland (PV);2011;2691477.0;2700656.5
468;Totaal mannen en vrouwen;Totaal;Totaal burgerlijke staat;Noord-Holland (PV);2012;2709822.0;2717061.0
469;Totaal mannen en vrouwen;Totaal;Totaal burgerlijke staat;Noord-Holland (PV);2013;2724300.0;2732834.5
470;Totaal mannen en vrouwen;Totaal;Totaal burgerlijke staat;Noord-Holland (PV);2014;2741369.0;2751649.0
471;Totaal mannen en vrouwen;Totaal;Totaal burgerlijke staat;Noord-Holland (PV);2015;2761929.0;2773391.5
472;Totaal mannen en vrouwen;Totaal;Totaal burgerlijke staat;Noord-Holland (PV);2016;2784854.0;2797168.5
473;Totaal mannen en vrouwen;Totaal;Totaal burgerlijke staat;Noord-Holland (PV);2017;2809483.0;2820332.5
474;Totaal mannen en vrouwen;Totaal;Totaal burgerlijke staat;Noord-Holland (PV);2018;2831182.0;2842270.5
475;Totaal mannen en vrouwen;Totaal;Totaal burgerlijke staat;Noord-Holland (PV);2019;2853359.0;2866443.0
476;Totaal mannen en vrouwen;Totaal;Totaal burgerlijke staat;Noord-Holland (PV);2020;2879527.0;2884006.5
477;Totaal mannen en vrouwen;Totaal;Totaal burgerlijke staat;Noord-Holland (PV);2021;2888486.0;2899156.5
478;Totaal mannen en vrouwen;Totaal;Totaal burgerlijke staat;Noord-Holland (PV);2022;2909827.0;2931224.5
479;Totaal mannen en vrouwen;Totaal;Totaal burgerlijke staat;Noord-Holland (PV);2023;2952622.0;2964554.5
480;Totaal mannen en vrouwen;Totaal;Totaal burgerlijke staat;Noord-Holland (PV);2024;2976487.0;
481;Totaal mannen en vrouwen;Totaal;Totaal burgerlijke staat;Zuid-Holland (PV);1988;3208414.0;
482;Totaal mannen en vrouwen;Totaal;Totaal burgerlijke staat;Zuid-Holland (PV);1989;3200408.0;
483;Totaal mannen en vrouwen;Totaal;Totaal burgerlijke staat;Zuid-Holland (PV);1990;3219839.0;
484;Totaal mannen en vrouwen;Totaal;Totaal burgerlijke staat;Zuid-Holland (PV);1991;3245447.0;
485;Totaal mannen en vrouwen;Totaal;Totaal burgerlijke staat;Zuid-Holland (PV);1992;3271507.0;
486;Totaal mannen en vrouwen;Totaal;Totaal burgerlijke staat;Zuid-Holland (PV);1993;3295522.0;
487;Totaal mannen en vrouwen;Totaal;Totaal burgerlijke staat;Zuid-Holland (PV);1994;3313193.0;
488;Totaal mannen en vrouwen;Totaal;Totaal burgerlijke staat;Zuid-Holland (PV);1995;3325064.0;3328962.0
489;Totaal mannen en vrouwen;Totaal;Totaal burgerlijke staat;Zuid-Holland (PV);1996;3332860.0;3338777.5
490;Totaal mannen en vrouwen;Totaal;Totaal burgerlijke staat;Zuid-Holland (PV);1997;3344695.0;3351871.0
491;Totaal mannen en vrouwen;Totaal;Totaal burgerlijke staat;Zuid-Holland (PV);1998;3359047.0;3368908.5
492;Totaal mannen en vrouwen;Totaal;Totaal burgerlijke staat;Zuid-Holland (PV);1999;3378770.0;3388257.0
493;Totaal mannen en vrouwen;Totaal;Totaal burgerlijke staat;Zuid-Holland (PV);2000;3397744.0;3409222.0
494;Totaal mannen en vrouwen;Totaal;Totaal burgerlijke staat;Zuid-Holland (PV);2001;3420700.0;3431961.5
495;Totaal mannen en vrouwen;Totaal;Totaal burgerlijke staat;Zuid-Holland (PV);2002;3423780.0;3431881.0
496;Totaal mannen en vrouwen;Totaal;Totaal burgerlijke staat;Zuid-Holland (PV);2003;3439982.0;3445962.0
497;Totaal mannen en vrouwen;Totaal;Totaal burgerlijke staat;Zuid-Holland (PV);2004;3451942.0;3455161.5
498;Totaal mannen en vrouwen;Totaal;Totaal burgerlijke staat;Zuid-Holland (PV);2005;3458381.0;3458628.0
499;Totaal mannen en vrouwen;Totaal;Totaal burgerlijke staat;Zuid-Holland (PV);2006;3458875.0;3456986.0
500;Totaal mannen en vrouwen;Totaal;Totaal burgerlijke staat;Zuid-Holland (PV);2007;3455097.0;3458266.0
501;Totaal mannen en vrouwen;Totaal;Totaal burgerlijke staat;Zuid-Holland (PV);2008;3461435.0;3471496.5
502;Totaal mannen en vrouwen;Totaal;Totaal burgerlijke staat;Zuid-Holland (PV);2009;3481558.0;3493584.5
503;Totaal mannen en vrouwen;Totaal;Totaal burgerlijke staat;Zuid-Holland (PV);2010;3505611.0;3516967.5
504;Totaal mannen en vrouwen;Totaal;Totaal burgerlijke staat;Zuid-Holland (PV);2011;3528324.0;3540360.5
505;Totaal mannen en vrouwen;Totaal;Totaal burgerlijke staat;Zuid-Holland (PV);2012;3552407.0;3558171.0
506;Totaal mannen en vrouwen;Totaal;Totaal burgerlijke staat;Zuid-Holland (PV);2013;3563935.0;3570483.5
507;Totaal mannen en vrouwen;Totaal;Totaal burgerlijke staat;Zuid-Holland (PV);2014;3577032.0;3588521.5
508;Totaal mannen en vrouwen;Totaal;Totaal burgerlijke staat;Zuid-Holland (PV);2015;3600011.0;3611157.0
509;Totaal mannen en vrouwen;Totaal;Totaal burgerlijke staat;Zuid-Holland (PV);2016;3622303.0;3636262.5
510;Totaal mannen en vrouwen;Totaal;Totaal burgerlijke staat;Zuid-Holland (PV);2017;3650222.0;3665633.0
511;Totaal mannen en vrouwen;Totaal;Totaal burgerlijke staat;Zuid-Holland (PV);2018;3681044.0;3695102.5
512;Totaal mannen en vrouwen;Totaal;Totaal burgerlijke staat;Zuid-Holland (PV);2019;3673893.0;3691294.5
513;Totaal mannen en vrouwen;Totaal;Totaal burgerlijke staat;Zuid-Holland (PV);2020;3708696.0;3717373.0
514;Totaal mannen en vrouwen;Totaal;Totaal burgerlijke staat;Zuid-Holland (PV);2021;3726050.0;3739997.0
515;Totaal mannen en vrouwen;Totaal;Totaal burgerlijke staat;Zuid-Holland (PV);2022;3753944.0;3779425.0
516;Totaal mannen en vrouwen;Totaal;Totaal burgerlijke staat;Zuid-Holland (PV);2023;3804906.0;3822683.0
517;Totaal mannen en vrouwen;Totaal;Totaal burgerlijke staat;Zuid-Holland (PV);2024;3840460.0;
518;Totaal mannen en vrouwen;Totaal;Totaal burgerlijke staat;Zeeland (PV);1988;355501.0;
519;Totaal mannen en vrouwen;Totaal;Totaal burgerlijke staat;Zeeland (PV);1989;355585.0;
520;Totaal mannen en vrouwen;Totaal;Totaal burgerlijke staat;Zeeland (PV);1990;355947.0;
521;Totaal mannen en vrouwen;Totaal;Totaal burgerlijke staat;Zeeland (PV);1991;357454.0;
522;Totaal mannen en vrouwen;Totaal;Totaal burgerlijke staat;Zeeland (PV);1992;359205.0;
523;Totaal mannen en vrouwen;Totaal;Totaal burgerlijke staat;Zeeland (PV);1993;361195.0;
524;Totaal mannen en vrouwen;Totaal;Totaal burgerlijke staat;Zeeland (PV);1994;363867.0;
525;Totaal mannen en vrouwen;Totaal;Totaal burgerlijke staat;Zeeland (PV);1995;365846.0;366600.0
526;Totaal mannen en vrouwen;Totaal;Totaal burgerlijke staat;Zeeland (PV);1996;367354.0;367890.0
527;Totaal mannen en vrouwen;Totaal;Totaal burgerlijke staat;Zeeland (PV);1997;368426.0;369187.5
528;Totaal mannen en vrouwen;Totaal;Totaal burgerlijke staat;Zeeland (PV);1998;369949.0;370260.0
529;Totaal mannen en vrouwen;Totaal;Totaal burgerlijke staat;Zeeland (PV);1999;370571.0;371218.5
530;Totaal mannen en vrouwen;Totaal;Totaal burgerlijke staat;Zeeland (PV);2000;371866.0;373393.0
531;Totaal mannen en vrouwen;Totaal;Totaal burgerlijke staat;Zeeland (PV);2001;374920.0;376077.5
532;Totaal mannen en vrouwen;Totaal;Totaal burgerlijke staat;Zeeland (PV);2002;377235.0;377791.5
533;Totaal mannen en vrouwen;Totaal;Totaal burgerlijke staat;Zeeland (PV);2003;378348.0;378688.0
534;Totaal mannen en vrouwen;Totaal;Totaal burgerlijke staat;Zeeland (PV);2004;379028.0;379503.0
535;Totaal mannen en vrouwen;Totaal;Totaal burgerlijke staat;Zeeland (PV);2005;379978.0;380082.0
536;Totaal mannen en vrouwen;Totaal;Totaal burgerlijke staat;Zeeland (PV);2006;380186.0;380341.5
537;Totaal mannen en vrouwen;Totaal;Totaal burgerlijke staat;Zeeland (PV);2007;380497.0;380541.0
538;Totaal mannen en vrouwen;Totaal;Totaal burgerlijke staat;Zeeland (PV);2008;380585.0;380784.5
539;Totaal mannen en vrouwen;Totaal;Totaal burgerlijke staat;Zeeland (PV);2009;380984.0;381196.5
540;Totaal mannen en vrouwen;Totaal;Totaal burgerlijke staat;Zeeland (PV);2010;381409.0;381469.5
541;Totaal mannen en vrouwen;Totaal;Totaal burgerlijke staat;Zeeland (PV);2011;381530.0;381468.5
542;Totaal mannen en vrouwen;Totaal;Totaal burgerlijke staat;Zeeland (PV);2012;381407.0;381242.0
543;Totaal mannen en vrouwen;Totaal;Totaal burgerlijke staat;Zeeland (PV);2013;381077.0;380849.0
544;Totaal mannen en vrouwen;Totaal;Totaal burgerlijke staat;Zeeland (PV);2014;380621.0;380673.5
545;Totaal mannen en vrouwen;Totaal;Totaal burgerlijke staat;Zeeland (PV);2015;380726.0;380989.0
546;Totaal mannen en vrouwen;Totaal;Totaal burgerlijke staat;Zeeland (PV);2016;381252.0;381410.0
547;Totaal mannen en vrouwen;Totaal;Totaal burgerlijke staat;Zeeland (PV);2017;381568.0;381936.0
548;Totaal mannen en vrouwen;Totaal;Totaal burgerlijke staat;Zeeland (PV);2018;382304.0;382668.0
549;Totaal mannen en vrouwen;Totaal;Totaal burgerlijke staat;Zeeland (PV);2019;383032.0;383260.0
550;Totaal mannen en vrouwen;Totaal;Totaal burgerlijke staat;Zeeland (PV);2020;383488.0;384444.0
551;Totaal mannen en vrouwen;Totaal;Totaal burgerlijke staat;Zeeland (PV);2021;385400.0;386083.5
552;Totaal mannen en vrouwen;Totaal;Totaal burgerlijke staat;Zeeland (PV);2022;386767.0;388945.5
553;Totaal mannen en vrouwen;Totaal;Totaal burgerlijke staat;Zeeland (PV);2023;391124.0;391379.0
554;Totaal mannen en vrouwen;Totaal;Totaal burgerlijke staat;Zeeland (PV);2024;391634.0;
555;Totaal mannen en vrouwen;Totaal;Totaal burgerlijke staat;Noord-Brabant (PV);1988;2156280.0;
556;Totaal mannen en vrouwen;Totaal;Totaal burgerlijke staat;Noord-Brabant (PV);1989;2172604.0;
557;Totaal mannen en vrouwen;Totaal;Totaal burgerlijke staat;Noord-Brabant (PV);1990;2189481.0;
558;Totaal mannen en vrouwen;Totaal;Totaal burgerlijke staat;Noord-Brabant (PV);1991;2209047.0;
559;Totaal mannen en vrouwen;Totaal;Totaal burgerlijke staat;Noord-Brabant (PV);1992;2225331.0;
560;Totaal mannen en vrouwen;Totaal;Totaal burgerlijke staat;Noord-Brabant (PV);1993;2243546.0;
561;Totaal mannen en vrouwen;Totaal;Totaal burgerlijke staat;Noord-Brabant (PV);1994;2259779.0;
562;Totaal mannen en vrouwen;Totaal;Totaal burgerlijke staat;Noord-Brabant (PV);1995;2276207.0;2283315.5
563;Totaal mannen en vrouwen;Totaal;Totaal burgerlijke staat;Noord-Brabant (PV);1996;2290424.0;2297259.0
564;Totaal mannen en vrouwen;Totaal;Totaal burgerlijke staat;Noord-Brabant (PV);1997;2304094.0;2311678.0
565;Totaal mannen en vrouwen;Totaal;Totaal burgerlijke staat;Noord-Brabant (PV);1998;2319262.0;2328485.5
566;Totaal mannen en vrouwen;Totaal;Totaal burgerlijke staat;Noord-Brabant (PV);1999;2337709.0;2346856.5
567;Totaal mannen en vrouwen;Totaal;Totaal burgerlijke staat;Noord-Brabant (PV);2000;2356004.0;2365560.0
568;Totaal mannen en vrouwen;Totaal;Totaal burgerlijke staat;Noord-Brabant (PV);2001;2375116.0;2383119.5
569;Totaal mannen en vrouwen;Totaal;Totaal burgerlijke staat;Noord-Brabant (PV);2002;2391123.0;2395660.5
570;Totaal mannen en vrouwen;Totaal;Totaal burgerlijke staat;Noord-Brabant (PV);2003;2400198.0;2403596.0
571;Totaal mannen en vrouwen;Totaal;Totaal burgerlijke staat;Noord-Brabant (PV);2004;2406994.0;2409176.5
572;Totaal mannen en vrouwen;Totaal;Totaal burgerlijke staat;Noord-Brabant (PV);2005;2411359.0;2413652.5
573;Totaal mannen en vrouwen;Totaal;Totaal burgerlijke staat;Noord-Brabant (PV);2006;2415946.0;2417494.0
574;Totaal mannen en vrouwen;Totaal;Totaal burgerlijke staat;Noord-Brabant (PV);2007;2419042.0;2421934.5
575;Totaal mannen en vrouwen;Totaal;Totaal burgerlijke staat;Noord-Brabant (PV);2008;2424827.0;2429693.5
576;Totaal mannen en vrouwen;Totaal;Totaal burgerlijke staat;Noord-Brabant (PV);2009;2434560.0;2439359.0
577;Totaal mannen en vrouwen;Totaal;Totaal burgerlijke staat;Noord-Brabant (PV);2010;2444158.0;2449186.5
578;Totaal mannen en vrouwen;Totaal;Totaal burgerlijke staat;Noord-Brabant (PV);2011;2454215.0;2458950.5
579;Totaal mannen en vrouwen;Totaal;Totaal burgerlijke staat;Noord-Brabant (PV);2012;2463686.0;2467348.5
580;Totaal mannen en vrouwen;Totaal;Totaal burgerlijke staat;Noord-Brabant (PV);2013;2471011.0;2475142.5
581;Totaal mannen en vrouwen;Totaal;Totaal burgerlijke staat;Noord-Brabant (PV);2014;2479274.0;2484012.5
582;Totaal mannen en vrouwen;Totaal;Totaal burgerlijke staat;Noord-Brabant (PV);2015;2488751.0;2493750.0
583;Totaal mannen en vrouwen;Totaal;Totaal burgerlijke staat;Noord-Brabant (PV);2016;2498749.0;2505640.0
584;Totaal mannen en vrouwen;Totaal;Totaal burgerlijke staat;Noord-Brabant (PV);2017;2512531.0;2520408.5
585;Totaal mannen en vrouwen;Totaal;Totaal burgerlijke staat;Noord-Brabant (PV);2018;2528286.0;2536546.0
586;Totaal mannen en vrouwen;Totaal;Totaal burgerlijke staat;Noord-Brabant (PV);2019;2544806.0;2553880.5
587;Totaal mannen en vrouwen;Totaal;Totaal burgerlijke staat;Noord-Brabant (PV);2020;2562955.0;2568452.0
588;Totaal mannen en vrouwen;Totaal;Totaal burgerlijke staat;Noord-Brabant (PV);2021;2573949.0;2583411.5
589;Totaal mannen en vrouwen;Totaal;Totaal burgerlijke staat;Noord-Brabant (PV);2022;2592874.0;2609542.0
590;Totaal mannen en vrouwen;Totaal;Totaal burgerlijke staat;Noord-Brabant (PV);2023;2626210.0;2635474.5
591;Totaal mannen en vrouwen;Totaal;Totaal burgerlijke staat;Noord-Brabant (PV);2024;2644739.0;
592;Totaal mannen en vrouwen;Totaal;Totaal burgerlijke staat;Limburg (PV);1988;1095424.0;
593;Totaal mannen en vrouwen;Totaal;Totaal burgerlijke staat;Limburg (PV);1989;1099622.0;
594;Totaal mannen en vrouwen;Totaal;Totaal burgerlijke staat;Limburg (PV);1990;1103960.0;
595;Totaal mannen en vrouwen;Totaal;Totaal burgerlijke staat;Limburg (PV);1991;1109841.0;
596;Totaal mannen en vrouwen;Totaal;Totaal burgerlijke staat;Limburg (PV);1992;1115485.0;
597;Totaal mannen en vrouwen;Totaal;Totaal burgerlijke staat;Limburg (PV);1993;1119942.0;
598;Totaal mannen en vrouwen;Totaal;Totaal burgerlijke staat;Limburg (PV);1994;1125187.0;
599;Totaal mannen en vrouwen;Totaal;Totaal burgerlijke staat;Limburg (PV);1995;1130050.0;1131859.5
600;Totaal mannen en vrouwen;Totaal;Totaal burgerlijke staat;Limburg (PV);1996;1133669.0;1134934.0
601;Totaal mannen en vrouwen;Totaal;Totaal burgerlijke staat;Limburg (PV);1997;1136199.0;1137067.0
602;Totaal mannen en vrouwen;Totaal;Totaal burgerlijke staat;Limburg (PV);1998;1137935.0;1138618.5
603;Totaal mannen en vrouwen;Totaal;Totaal burgerlijke staat;Limburg (PV);1999;1139302.0;1140247.0
604;Totaal mannen en vrouwen;Totaal;Totaal burgerlijke staat;Limburg (PV);2000;1141192.0;1141935.5
605;Totaal mannen en vrouwen;Totaal;Totaal burgerlijke staat;Limburg (PV);2001;1142679.0;1142987.5
606;Totaal mannen en vrouwen;Totaal;Totaal burgerlijke staat;Limburg (PV);2002;1143296.0;1142592.5
607;Totaal mannen en vrouwen;Totaal;Totaal burgerlijke staat;Limburg (PV);2003;1141889.0;1140612.0
608;Totaal mannen en vrouwen;Totaal;Totaal burgerlijke staat;Limburg (PV);2004;1139335.0;1138015.0
609;Totaal mannen en vrouwen;Totaal;Totaal burgerlijke staat;Limburg (PV);2005;1136695.0;1134316.5
610;Totaal mannen en vrouwen;Totaal;Totaal burgerlijke staat;Limburg (PV);2006;1131938.0;1129871.5
611;Totaal mannen en vrouwen;Totaal;Totaal burgerlijke staat;Limburg (PV);2007;1127805.0;1125755.0
612;Totaal mannen en vrouwen;Totaal;Totaal burgerlijke staat;Limburg (PV);2008;1123705.0;1123154.5
613;Totaal mannen en vrouwen;Totaal;Totaal burgerlijke staat;Limburg (PV);2009;1122604.0;1122652.5
614;Totaal mannen en vrouwen;Totaal;Totaal burgerlijke staat;Limburg (PV);2010;1122701.0;1122664.0
615;Totaal mannen en vrouwen;Totaal;Totaal burgerlijke staat;Limburg (PV);2011;1122627.0;1122851.0
616;Totaal mannen en vrouwen;Totaal;Totaal burgerlijke staat;Limburg (PV);2012;1123075.0;1122483.0
617;Totaal mannen en vrouwen;Totaal;Totaal burgerlijke staat;Limburg (PV);2013;1121891.0;1120948.5
618;Totaal mannen en vrouwen;Totaal;Totaal burgerlijke staat;Limburg (PV);2014;1120006.0;1118973.5
619;Totaal mannen en vrouwen;Totaal;Totaal burgerlijke staat;Limburg (PV);2015;1117941.0;1117100.5
620;Totaal mannen en vrouwen;Totaal;Totaal burgerlijke staat;Limburg (PV);2016;1116260.0;1116903.0
621;Totaal mannen en vrouwen;Totaal;Totaal burgerlijke staat;Limburg (PV);2017;1117546.0;1117372.0
622;Totaal mannen en vrouwen;Totaal;Totaal burgerlijke staat;Limburg (PV);2018;1117198.0;1116667.5
623;Totaal mannen en vrouwen;Totaal;Totaal burgerlijke staat;Limburg (PV);2019;1116137.0;1116669.0
624;Totaal mannen en vrouwen;Totaal;Totaal burgerlijke staat;Limburg (PV);2020;1117201.0;1116536.5
625;Totaal mannen en vrouwen;Totaal;Totaal burgerlijke staat;Limburg (PV);2021;1115872.0;1117087.0
626;Totaal mannen en vrouwen;Totaal;Totaal burgerlijke staat;Limburg (PV);2022;1118302.0;1123334.5
627;Totaal mannen en vrouwen;Totaal;Totaal burgerlijke staat;Limburg (PV);2023;1128367.0;1130811.0
628;Totaal mannen en vrouwen;Totaal;Totaal burgerlijke staat;Limburg (PV);2024;1133255.0;
629;Totaal mannen en vrouwen;Totaal;Totaal burgerlijke staat;Oost-Groningen (CR);1988;147616.0;
630;Totaal mannen en vrouwen;Totaal;Totaal burgerlijke staat;Oost-Groningen (CR);1989;147032.0;
631;Totaal mannen en vrouwen;Totaal;Totaal burgerlijke staat;Oost-Groningen (CR);1990;151499.0;
632;Totaal mannen en vrouwen;Totaal;Totaal burgerlijke staat;Oost-Groningen (CR);1991;151517.0;
633;Totaal mannen en vrouwen;Totaal;Totaal burgerlijke staat;Oost-Groningen (CR);1992;151354.0;
634;Totaal mannen en vrouwen;Totaal;Totaal burgerlijke staat;Oost-Groningen (CR);1993;151205.0;
635;Totaal mannen en vrouwen;Totaal;Totaal burgerlijke staat;Oost-Groningen (CR);1994;151287.0;
636;Totaal mannen en vrouwen;Totaal;Totaal burgerlijke staat;Oost-Groningen (CR);1995;151696.0;151877.0
637;Totaal mannen en vrouwen;Totaal;Totaal burgerlijke staat;Oost-Groningen (CR);1996;152058.0;152287.5
638;Totaal mannen en vrouwen;Totaal;Totaal burgerlijke staat;Oost-Groningen (CR);1997;152517.0;152533.5
639;Totaal mannen en vrouwen;Totaal;Totaal burgerlijke staat;Oost-Groningen (CR);1998;152550.0;152600.5
640;Totaal mannen en vrouwen;Totaal;Totaal burgerlijke staat;Oost-Groningen (CR);1999;152651.0;152842.5
641;Totaal mannen en vrouwen;Totaal;Totaal burgerlijke staat;Oost-Groningen (CR);2000;153034.0;153561.5
642;Totaal mannen en vrouwen;Totaal;Totaal burgerlijke staat;Oost-Groningen (CR);2001;154089.0;154333.0
643;Totaal mannen en vrouwen;Totaal;Totaal burgerlijke staat;Oost-Groningen (CR);2002;154577.0;154605.5
644;Totaal mannen en vrouwen;Totaal;Totaal burgerlijke staat;Oost-Groningen (CR);2003;154634.0;154622.5
645;Totaal mannen en vrouwen;Totaal;Totaal burgerlijke staat;Oost-Groningen (CR);2004;154611.0;154261.5
646;Totaal mannen en vrouwen;Totaal;Totaal burgerlijke staat;Oost-Groningen (CR);2005;153912.0;154107.0
647;Totaal mannen en vrouwen;Totaal;Totaal burgerlijke staat;Oost-Groningen (CR);2006;154302.0;154055.5
648;Totaal mannen en vrouwen;Totaal;Totaal burgerlijke staat;Oost-Groningen (CR);2007;153809.0;153436.0
649;Totaal mannen en vrouwen;Totaal;Totaal burgerlijke staat;Oost-Groningen (CR);2008;153063.0;152617.5
650;Totaal mannen en vrouwen;Totaal;Totaal burgerlijke staat;Oost-Groningen (CR);2009;152172.0;152088.0
651;Totaal mannen en vrouwen;Totaal;Totaal burgerlijke staat;Oost-Groningen (CR);2010;152004.0;151767.0
652;Totaal mannen en vrouwen;Totaal;Totaal burgerlijke staat;Oost-Groningen (CR);2011;151530.0;151156.0
653;Totaal mannen en vrouwen;Totaal;Totaal burgerlijke staat;Oost-Groningen (CR);2012;150782.0;150310.0
654;Totaal mannen en vrouwen;Totaal;Totaal burgerlijke staat;Oost-Groningen (CR);2013;149838.0;149391.0
655;Totaal mannen en vrouwen;Totaal;Totaal burgerlijke staat;Oost-Groningen (CR);2014;148944.0;148955.0
656;Totaal mannen en vrouwen;Totaal;Totaal burgerlijke staat;Oost-Groningen (CR);2015;148966.0;148774.5
657;Totaal mannen en vrouwen;Totaal;Totaal burgerlijke staat;Oost-Groningen (CR);2016;148583.0;147988.0
658;Totaal mannen en vrouwen;Totaal;Totaal burgerlijke staat;Oost-Groningen (CR);2017;147393.0;147088.0
659;Totaal mannen en vrouwen;Totaal;Totaal burgerlijke staat;Oost-Groningen (CR);2018;134770.0;134796.0
660;Totaal mannen en vrouwen;Totaal;Totaal burgerlijke staat;Oost-Groningen (CR);2019;134822.0;135015.0
661;Totaal mannen en vrouwen;Totaal;Totaal burgerlijke staat;Oost-Groningen (CR);2020;135208.0;135523.5
662;Totaal mannen en vrouwen;Totaal;Totaal burgerlijke staat;Oost-Groningen (CR);2021;135839.0;136222.0
663;Totaal mannen en vrouwen;Totaal;Totaal burgerlijke staat;Oost-Groningen (CR);2022;136605.0;137170.5
664;Totaal mannen en vrouwen;Totaal;Totaal burgerlijke staat;Oost-Groningen (CR);2023;137736.0;137828.0
665;Totaal mannen en vrouwen;Totaal;Totaal burgerlijke staat;Oost-Groningen (CR);2024;137920.0;
666;Totaal mannen en vrouwen;Totaal;Totaal burgerlijke staat;Delfzijl en omgeving (CR);1988;53486.0;
667;Totaal mannen en vrouwen;Totaal;Totaal burgerlijke staat;Delfzijl en omgeving (CR);1989;53242.0;
668;Totaal mannen en vrouwen;Totaal;Totaal burgerlijke staat;Delfzijl en omgeving (CR);1990;55687.0;
669;Totaal mannen en vrouwen;Totaal;Totaal burgerlijke staat;Delfzijl en omgeving (CR);1991;55401.0;
670;Totaal mannen en vrouwen;Totaal;Totaal burgerlijke staat;Delfzijl en omgeving (CR);1992;55067.0;
671;Totaal mannen en vrouwen;Totaal;Totaal burgerlijke staat;Delfzijl en omgeving (CR);1993;54709.0;
672;Totaal mannen en vrouwen;Totaal;Totaal burgerlijke staat;Delfzijl en omgeving (CR);1994;54385.0;
673;Totaal mannen en vrouwen;Totaal;Totaal burgerlijke staat;Delfzijl en omgeving (CR);1995;54239.0;54248.0
674;Totaal mannen en vrouwen;Totaal;Totaal burgerlijke staat;Delfzijl en omgeving (CR);1996;54257.0;54097.5
675;Totaal mannen en vrouwen;Totaal;Totaal burgerlijke staat;Delfzijl en omgeving (CR);1997;53938.0;53630.5
676;Totaal mannen en vrouwen;Totaal;Totaal burgerlijke staat;Delfzijl en omgeving (CR);1998;53323.0;53111.0
677;Totaal mannen en vrouwen;Totaal;Totaal burgerlijke staat;Delfzijl en omgeving (CR);1999;52899.0;52622.5
678;Totaal mannen en vrouwen;Totaal;Totaal burgerlijke staat;Delfzijl en omgeving (CR);2000;52346.0;52394.5
679;Totaal mannen en vrouwen;Totaal;Totaal burgerlijke staat;Delfzijl en omgeving (CR);2001;52443.0;52476.5
680;Totaal mannen en vrouwen;Totaal;Totaal burgerlijke staat;Delfzijl en omgeving (CR);2002;52510.0;52550.5
681;Totaal mannen en vrouwen;Totaal;Totaal burgerlijke staat;Delfzijl en omgeving (CR);2003;52591.0;52438.0
682;Totaal mannen en vrouwen;Totaal;Totaal burgerlijke staat;Delfzijl en omgeving (CR);2004;52285.0;52100.0
683;Totaal mannen en vrouwen;Totaal;Totaal burgerlijke staat;Delfzijl en omgeving (CR);2005;51915.0;51560.5
684;Totaal mannen en vrouwen;Totaal;Totaal burgerlijke staat;Delfzijl en omgeving (CR);2006;51206.0;50914.0
685;Totaal mannen en vrouwen;Totaal;Totaal burgerlijke staat;Delfzijl en omgeving (CR);2007;50622.0;50384.5
686;Totaal mannen en vrouwen;Totaal;Totaal burgerlijke staat;Delfzijl en omgeving (CR);2008;50147.0;49774.0
687;Totaal mannen en vrouwen;Totaal;Totaal burgerlijke staat;Delfzijl en omgeving (CR);2009;49401.0;49260.0
688;Totaal mannen en vrouwen;Totaal;Totaal burgerlijke staat;Delfzijl en omgeving (CR);2010;49119.0;49127.0
689;Totaal mannen en vrouwen;Totaal;Totaal burgerlijke staat;Delfzijl en omgeving (CR);2011;49135.0;48929.5
690;Totaal mannen en vrouwen;Totaal;Totaal burgerlijke staat;Delfzijl en omgeving (CR);2012;48724.0;48547.0
691;Totaal mannen en vrouwen;Totaal;Totaal burgerlijke staat;Delfzijl en omgeving (CR);2013;48370.0;48164.0
692;Totaal mannen en vrouwen;Totaal;Totaal burgerlijke staat;Delfzijl en omgeving (CR);2014;47958.0;47759.0
693;Totaal mannen en vrouwen;Totaal;Totaal burgerlijke staat;Delfzijl en omgeving (CR);2015;47560.0;47335.5
694;Totaal mannen en vrouwen;Totaal;Totaal burgerlijke staat;Delfzijl en omgeving (CR);2016;47111.0;46980.5
695;Totaal mannen en vrouwen;Totaal;Totaal burgerlijke staat;Delfzijl en omgeving (CR);2017;46850.0;46623.0
696;Totaal mannen en vrouwen;Totaal;Totaal burgerlijke staat;Delfzijl en omgeving (CR);2018;46396.0;46223.5
697;Totaal mannen en vrouwen;Totaal;Totaal burgerlijke staat;Delfzijl en omgeving (CR);2019;46051.0;45954.0
698;Totaal mannen en vrouwen;Totaal;Totaal burgerlijke staat;Delfzijl en omgeving (CR);2020;45857.0;45722.0
699;Totaal mannen en vrouwen;Totaal;Totaal burgerlijke staat;Delfzijl en omgeving (CR);2021;45587.0;45488.0
700;Totaal mannen en vrouwen;Totaal;Totaal burgerlijke staat;Delfzijl en omgeving (CR);2022;45389.0;45391.5
701;Totaal mannen en vrouwen;Totaal;Totaal burgerlijke staat;Delfzijl en omgeving (CR);2023;45394.0;45250.0
702;Totaal mannen en vrouwen;Totaal;Totaal burgerlijke staat;Delfzijl en omgeving (CR);2024;45106.0;
703;Totaal mannen en vrouwen;Totaal;Totaal burgerlijke staat;Overig Groningen (CR);1988;355655.0;
704;Totaal mannen en vrouwen;Totaal;Totaal burgerlijke staat;Overig Groningen (CR);1989;354926.0;
705;Totaal mannen en vrouwen;Totaal;Totaal burgerlijke staat;Overig Groningen (CR);1990;346676.0;
706;Totaal mannen en vrouwen;Totaal;Totaal burgerlijke staat;Overig Groningen (CR);1991;347686.0;
707;Totaal mannen en vrouwen;Totaal;Totaal burgerlijke staat;Overig Groningen (CR);1992;348805.0;
708;Totaal mannen en vrouwen;Totaal;Totaal burgerlijke staat;Overig Groningen (CR);1993;349483.0;
709;Totaal mannen en vrouwen;Totaal;Totaal burgerlijke staat;Overig Groningen (CR);1994;350935.0;
710;Totaal mannen en vrouwen;Totaal;Totaal burgerlijke staat;Overig Groningen (CR);1995;352060.0;351929.0
711;Totaal mannen en vrouwen;Totaal;Totaal burgerlijke staat;Overig Groningen (CR);1996;351798.0;351733.5
712;Totaal mannen en vrouwen;Totaal;Totaal burgerlijke staat;Overig Groningen (CR);1997;351669.0;351866.0
713;Totaal mannen en vrouwen;Totaal;Totaal burgerlijke staat;Overig Groningen (CR);1998;352144.0;353291.0
714;Totaal mannen en vrouwen;Totaal;Totaal burgerlijke staat;Overig Groningen (CR);1999;354438.0;355852.0
715;Totaal mannen en vrouwen;Totaal;Totaal burgerlijke staat;Overig Groningen (CR);2000;357266.0;358611.5
716;Totaal mannen en vrouwen;Totaal;Totaal burgerlijke staat;Overig Groningen (CR);2001;359957.0;361675.0
717;Totaal mannen en vrouwen;Totaal;Totaal burgerlijke staat;Overig Groningen (CR);2002;363393.0;364582.5
718;Totaal mannen en vrouwen;Totaal;Totaal burgerlijke staat;Overig Groningen (CR);2003;365772.0;366630.0
719;Totaal mannen en vrouwen;Totaal;Totaal burgerlijke staat;Overig Groningen (CR);2004;367488.0;368366.5
720;Totaal mannen en vrouwen;Totaal;Totaal burgerlijke staat;Overig Groningen (CR);2005;369245.0;368889.5
721;Totaal mannen en vrouwen;Totaal;Totaal burgerlijke staat;Overig Groningen (CR);2006;368534.0;368858.5
722;Totaal mannen en vrouwen;Totaal;Totaal burgerlijke staat;Overig Groningen (CR);2007;369183.0;369716.0
723;Totaal mannen en vrouwen;Totaal;Totaal burgerlijke staat;Overig Groningen (CR);2008;370249.0;371384.0
724;Totaal mannen en vrouwen;Totaal;Totaal burgerlijke staat;Overig Groningen (CR);2009;372519.0;374032.0
725;Totaal mannen en vrouwen;Totaal;Totaal burgerlijke staat;Overig Groningen (CR);2010;375545.0;376958.0
726;Totaal mannen en vrouwen;Totaal;Totaal burgerlijke staat;Overig Groningen (CR);2011;378371.0;379870.0
727;Totaal mannen en vrouwen;Totaal;Totaal burgerlijke staat;Overig Groningen (CR);2012;381369.0;382433.0
728;Totaal mannen en vrouwen;Totaal;Totaal burgerlijke staat;Overig Groningen (CR);2013;383497.0;384661.5
729;Totaal mannen en vrouwen;Totaal;Totaal burgerlijke staat;Overig Groningen (CR);2014;385826.0;386621.0
730;Totaal mannen en vrouwen;Totaal;Totaal burgerlijke staat;Overig Groningen (CR);2015;387416.0;387721.5
731;Totaal mannen en vrouwen;Totaal;Totaal burgerlijke staat;Overig Groningen (CR);2016;388027.0;388682.5
732;Totaal mannen en vrouwen;Totaal;Totaal burgerlijke staat;Overig Groningen (CR);2017;389338.0;389551.5
733;Totaal mannen en vrouwen;Totaal;Totaal burgerlijke staat;Overig Groningen (CR);2018;401778.0;402447.5
734;Totaal mannen en vrouwen;Totaal;Totaal burgerlijke staat;Overig Groningen (CR);2019;403117.0;403959.0
735;Totaal mannen en vrouwen;Totaal;Totaal burgerlijke staat;Overig Groningen (CR);2020;404801.0;405156.0
736;Totaal mannen en vrouwen;Totaal;Totaal burgerlijke staat;Overig Groningen (CR);2021;405511.0;406843.5
737;Totaal mannen en vrouwen;Totaal;Totaal burgerlijke staat;Overig Groningen (CR);2022;408176.0;410560.5
738;Totaal mannen en vrouwen;Totaal;Totaal burgerlijke staat;Overig Groningen (CR);2023;412945.0;415633.0
739;Totaal mannen en vrouwen;Totaal;Totaal burgerlijke staat;Overig Groningen (CR);2024;418321.0;
740;Totaal mannen en vrouwen;Totaal;Totaal burgerlijke staat;Noord-Friesland (CR);1988;315048.0;
741;Totaal mannen en vrouwen;Totaal;Totaal burgerlijke staat;Noord-Friesland (CR);1989;315157.0;
742;Totaal mannen en vrouwen;Totaal;Totaal burgerlijke staat;Noord-Friesland (CR);1990;315095.0;
743;Totaal mannen en vrouwen;Totaal;Totaal burgerlijke staat;Noord-Friesland (CR);1991;314968.0;
744;Totaal mannen en vrouwen;Totaal;Totaal burgerlijke staat;Noord-Friesland (CR);1992;315798.0;
745;Totaal mannen en vrouwen;Totaal;Totaal burgerlijke staat;Noord-Friesland (CR);1993;316886.0;
746;Totaal mannen en vrouwen;Totaal;Totaal burgerlijke staat;Noord-Friesland (CR);1994;318544.0;
747;Totaal mannen en vrouwen;Totaal;Totaal burgerlijke staat;Noord-Friesland (CR);1995;319471.0;320037.5
748;Totaal mannen en vrouwen;Totaal;Totaal burgerlijke staat;Noord-Friesland (CR);1996;320604.0;321275.5
749;Totaal mannen en vrouwen;Totaal;Totaal burgerlijke staat;Noord-Friesland (CR);1997;321947.0;322101.5
750;Totaal mannen en vrouwen;Totaal;Totaal burgerlijke staat;Noord-Friesland (CR);1998;322256.0;322469.0
751;Totaal mannen en vrouwen;Totaal;Totaal burgerlijke staat;Noord-Friesland (CR);1999;322682.0;322991.5
752;Totaal mannen en vrouwen;Totaal;Totaal burgerlijke staat;Noord-Friesland (CR);2000;323301.0;324549.5
753;Totaal mannen en vrouwen;Totaal;Totaal burgerlijke staat;Noord-Friesland (CR);2001;325798.0;327170.5
754;Totaal mannen en vrouwen;Totaal;Totaal burgerlijke staat;Noord-Friesland (CR);2002;328543.0;329362.5
755;Totaal mannen en vrouwen;Totaal;Totaal burgerlijke staat;Noord-Friesland (CR);2003;330182.0;330690.0
756;Totaal mannen en vrouwen;Totaal;Totaal burgerlijke staat;Noord-Friesland (CR);2004;331198.0;331414.0
757;Totaal mannen en vrouwen;Totaal;Totaal burgerlijke staat;Noord-Friesland (CR);2005;331630.0;331383.0
758;Totaal mannen en vrouwen;Totaal;Totaal burgerlijke staat;Noord-Friesland (CR);2006;331136.0;330960.0
759;Totaal mannen en vrouwen;Totaal;Totaal burgerlijke staat;Noord-Friesland (CR);2007;330784.0;330774.0
760;Totaal mannen en vrouwen;Totaal;Totaal burgerlijke staat;Noord-Friesland (CR);2008;330764.0;331109.5
761;Totaal mannen en vrouwen;Totaal;Totaal burgerlijke staat;Noord-Friesland (CR);2009;331455.0;331751.5
762;Totaal mannen en vrouwen;Totaal;Totaal burgerlijke staat;Noord-Friesland (CR);2010;332048.0;332466.0
763;Totaal mannen en vrouwen;Totaal;Totaal burgerlijke staat;Noord-Friesland (CR);2011;332884.0;332813.0
764;Totaal mannen en vrouwen;Totaal;Totaal burgerlijke staat;Noord-Friesland (CR);2012;332742.0;332840.0
765;Totaal mannen en vrouwen;Totaal;Totaal burgerlijke staat;Noord-Friesland (CR);2013;332938.0;332880.0
766;Totaal mannen en vrouwen;Totaal;Totaal burgerlijke staat;Noord-Friesland (CR);2014;324368.0;324235.5
767;Totaal mannen en vrouwen;Totaal;Totaal burgerlijke staat;Noord-Friesland (CR);2015;324103.0;324090.0
768;Totaal mannen en vrouwen;Totaal;Totaal burgerlijke staat;Noord-Friesland (CR);2016;324077.0;324222.0
769;Totaal mannen en vrouwen;Totaal;Totaal burgerlijke staat;Noord-Friesland (CR);2017;324367.0;324348.5
770;Totaal mannen en vrouwen;Totaal;Totaal burgerlijke staat;Noord-Friesland (CR);2018;318919.0;319098.0
771;Totaal mannen en vrouwen;Totaal;Totaal burgerlijke staat;Noord-Friesland (CR);2019;319277.0;319962.0
772;Totaal mannen en vrouwen;Totaal;Totaal burgerlijke staat;Noord-Friesland (CR);2020;320647.0;321104.5
773;Totaal mannen en vrouwen;Totaal;Totaal burgerlijke staat;Noord-Friesland (CR);2021;321562.0;322460.5
774;Totaal mannen en vrouwen;Totaal;Totaal burgerlijke staat;Noord-Friesland (CR);2022;323359.0;324971.0
775;Totaal mannen en vrouwen;Totaal;Totaal burgerlijke staat;Noord-Friesland (CR);2023;326583.0;327659.5
776;Totaal mannen en vrouwen;Totaal;Totaal burgerlijke staat;Noord-Friesland (CR);2024;328736.0;
777;Totaal mannen en vrouwen;Totaal;Totaal burgerlijke staat;Zuidwest-Friesland (CR);1988;96356.0;
778;Totaal mannen en vrouwen;Totaal;Totaal burgerlijke staat;Zuidwest-Friesland (CR);1989;96394.0;
779;Totaal mannen en vrouwen;Totaal;Totaal burgerlijke staat;Zuidwest-Friesland (CR);1990;96172.0;
780;Totaal mannen en vrouwen;Totaal;Totaal burgerlijke staat;Zuidwest-Friesland (CR);1991;96277.0;
781;Totaal mannen en vrouwen;Totaal;Totaal burgerlijke staat;Zuidwest-Friesland (CR);1992;96242.0;
782;Totaal mannen en vrouwen;Totaal;Totaal burgerlijke staat;Zuidwest-Friesland (CR);1993;96430.0;
783;Totaal mannen en vrouwen;Totaal;Totaal burgerlijke staat;Zuidwest-Friesland (CR);1994;96869.0;
784;Totaal mannen en vrouwen;Totaal;Totaal burgerlijke staat;Zuidwest-Friesland (CR);1995;97278.0;97590.5
785;Totaal mannen en vrouwen;Totaal;Totaal burgerlijke staat;Zuidwest-Friesland (CR);1996;97903.0;98151.5
786;Totaal mannen en vrouwen;Totaal;Totaal burgerlijke staat;Zuidwest-Friesland (CR);1997;98400.0;99068.0
787;Totaal mannen en vrouwen;Totaal;Totaal burgerlijke staat;Zuidwest-Friesland (CR);1998;99736.0;100345.0
788;Totaal mannen en vrouwen;Totaal;Totaal burgerlijke staat;Zuidwest-Friesland (CR);1999;100954.0;101546.5
789;Totaal mannen en vrouwen;Totaal;Totaal burgerlijke staat;Zuidwest-Friesland (CR);2000;102139.0;102641.5
790;Totaal mannen en vrouwen;Totaal;Totaal burgerlijke staat;Zuidwest-Friesland (CR);2001;103144.0;103656.0
791;Totaal mannen en vrouwen;Totaal;Totaal burgerlijke staat;Zuidwest-Friesland (CR);2002;104168.0;104511.0
792;Totaal mannen en vrouwen;Totaal;Totaal burgerlijke staat;Zuidwest-Friesland (CR);2003;104854.0;104911.0
793;Totaal mannen en vrouwen;Totaal;Totaal burgerlijke staat;Zuidwest-Friesland (CR);2004;104968.0;105039.5
794;Totaal mannen en vrouwen;Totaal;Totaal burgerlijke staat;Zuidwest-Friesland (CR);2005;105111.0;105162.5
795;Totaal mannen en vrouwen;Totaal;Totaal burgerlijke staat;Zuidwest-Friesland (CR);2006;105214.0;105274.5
796;Totaal mannen en vrouwen;Totaal;Totaal burgerlijke staat;Zuidwest-Friesland (CR);2007;105335.0;105449.5
797;Totaal mannen en vrouwen;Totaal;Totaal burgerlijke staat;Zuidwest-Friesland (CR);2008;105564.0;105683.0
798;Totaal mannen en vrouwen;Totaal;Totaal burgerlijke staat;Zuidwest-Friesland (CR);2009;105802.0;105989.0
799;Totaal mannen en vrouwen;Totaal;Totaal burgerlijke staat;Zuidwest-Friesland (CR);2010;106176.0;106233.5
800;Totaal mannen en vrouwen;Totaal;Totaal burgerlijke staat;Zuidwest-Friesland (CR);2011;106291.0;106341.5
801;Totaal mannen en vrouwen;Totaal;Totaal burgerlijke staat;Zuidwest-Friesland (CR);2012;106392.0;106396.5
802;Totaal mannen en vrouwen;Totaal;Totaal burgerlijke staat;Zuidwest-Friesland (CR);2013;106401.0;106319.0
803;Totaal mannen en vrouwen;Totaal;Totaal burgerlijke staat;Zuidwest-Friesland (CR);2014;135594.0;135485.5
804;Totaal mannen en vrouwen;Totaal;Totaal burgerlijke staat;Zuidwest-Friesland (CR);2015;135377.0;135345.0
805;Totaal mannen en vrouwen;Totaal;Totaal burgerlijke staat;Zuidwest-Friesland (CR);2016;135313.0;135528.0
806;Totaal mannen en vrouwen;Totaal;Totaal burgerlijke staat;Zuidwest-Friesland (CR);2017;135743.0;135834.0
807;Totaal mannen en vrouwen;Totaal;Totaal burgerlijke staat;Zuidwest-Friesland (CR);2018;141336.0;141238.0
808;Totaal mannen en vrouwen;Totaal;Totaal burgerlijke staat;Zuidwest-Friesland (CR);2019;141140.0;141345.5
809;Totaal mannen en vrouwen;Totaal;Totaal burgerlijke staat;Zuidwest-Friesland (CR);2020;141551.0;141664.0
810;Totaal mannen en vrouwen;Totaal;Totaal burgerlijke staat;Zuidwest-Friesland (CR);2021;141777.0;141837.0
811;Totaal mannen en vrouwen;Totaal;Totaal burgerlijke staat;Zuidwest-Friesland (CR);2022;141897.0;142386.0
812;Totaal mannen en vrouwen;Totaal;Totaal burgerlijke staat;Zuidwest-Friesland (CR);2023;142875.0;142612.5
813;Totaal mannen en vrouwen;Totaal;Totaal burgerlijke staat;Zuidwest-Friesland (CR);2024;142350.0;
814;Totaal mannen en vrouwen;Totaal;Totaal burgerlijke staat;Zuidoost-Friesland (CR);1988;187700.0;
815;Totaal mannen en vrouwen;Totaal;Totaal burgerlijke staat;Zuidoost-Friesland (CR);1989;187639.0;
816;Totaal mannen en vrouwen;Totaal;Totaal burgerlijke staat;Zuidoost-Friesland (CR);1990;187884.0;
817;Totaal mannen en vrouwen;Totaal;Totaal burgerlijke staat;Zuidoost-Friesland (CR);1991;188768.0;
818;Totaal mannen en vrouwen;Totaal;Totaal burgerlijke staat;Zuidoost-Friesland (CR);1992;189799.0;
819;Totaal mannen en vrouwen;Totaal;Totaal burgerlijke staat;Zuidoost-Friesland (CR);1993;190682.0;
820;Totaal mannen en vrouwen;Totaal;Totaal burgerlijke staat;Zuidoost-Friesland (CR);1994;191603.0;
821;Totaal mannen en vrouwen;Totaal;Totaal burgerlijke staat;Zuidoost-Friesland (CR);1995;192830.0;193175.5
822;Totaal mannen en vrouwen;Totaal;Totaal burgerlijke staat;Zuidoost-Friesland (CR);1996;193521.0;194109.5
823;Totaal mannen en vrouwen;Totaal;Totaal burgerlijke staat;Zuidoost-Friesland (CR);1997;194698.0;195408.0
824;Totaal mannen en vrouwen;Totaal;Totaal burgerlijke staat;Zuidoost-Friesland (CR);1998;196123.0;196854.5
825;Totaal mannen en vrouwen;Totaal;Totaal burgerlijke staat;Zuidoost-Friesland (CR);1999;197586.0;198323.0
826;Totaal mannen en vrouwen;Totaal;Totaal burgerlijke staat;Zuidoost-Friesland (CR);2000;199060.0;200328.5
827;Totaal mannen en vrouwen;Totaal;Totaal burgerlijke staat;Zuidoost-Friesland (CR);2001;201597.0;202535.0
828;Totaal mannen en vrouwen;Totaal;Totaal burgerlijke staat;Zuidoost-Friesland (CR);2002;203473.0;204112.0
829;Totaal mannen en vrouwen;Totaal;Totaal burgerlijke staat;Zuidoost-Friesland (CR);2003;204751.0;205325.5
830;Totaal mannen en vrouwen;Totaal;Totaal burgerlijke staat;Zuidoost-Friesland (CR);2004;205900.0;206068.0
831;Totaal mannen en vrouwen;Totaal;Totaal burgerlijke staat;Zuidoost-Friesland (CR);2005;206236.0;206058.0
832;Totaal mannen en vrouwen;Totaal;Totaal burgerlijke staat;Zuidoost-Friesland (CR);2006;205880.0;205985.0
833;Totaal mannen en vrouwen;Totaal;Totaal burgerlijke staat;Zuidoost-Friesland (CR);2007;206090.0;206475.5
834;Totaal mannen en vrouwen;Totaal;Totaal burgerlijke staat;Zuidoost-Friesland (CR);2008;206861.0;207207.5
835;Totaal mannen en vrouwen;Totaal;Totaal burgerlijke staat;Zuidoost-Friesland (CR);2009;207554.0;207817.5
836;Totaal mannen en vrouwen;Totaal;Totaal burgerlijke staat;Zuidoost-Friesland (CR);2010;208081.0;208094.0
837;Totaal mannen en vrouwen;Totaal;Totaal burgerlijke staat;Zuidoost-Friesland (CR);2011;208107.0;208093.5
838;Totaal mannen en vrouwen;Totaal;Totaal burgerlijke staat;Zuidoost-Friesland (CR);2012;208080.0;207801.5
839;Totaal mannen en vrouwen;Totaal;Totaal burgerlijke staat;Zuidoost-Friesland (CR);2013;207523.0;207390.5
840;Totaal mannen en vrouwen;Totaal;Totaal burgerlijke staat;Zuidoost-Friesland (CR);2014;186355.0;186566.0
841;Totaal mannen en vrouwen;Totaal;Totaal burgerlijke staat;Zuidoost-Friesland (CR);2015;186777.0;186713.5
842;Totaal mannen en vrouwen;Totaal;Totaal burgerlijke staat;Zuidoost-Friesland (CR);2016;186650.0;186707.0
843;Totaal mannen en vrouwen;Totaal;Totaal burgerlijke staat;Zuidoost-Friesland (CR);2017;186764.0;186888.5
844;Totaal mannen en vrouwen;Totaal;Totaal burgerlijke staat;Zuidoost-Friesland (CR);2018;187013.0;187134.0
845;Totaal mannen en vrouwen;Totaal;Totaal burgerlijke staat;Zuidoost-Friesland (CR);2019;187255.0;187507.0
846;Totaal mannen en vrouwen;Totaal;Totaal burgerlijke staat;Zuidoost-Friesland (CR);2020;187759.0;187927.5
847;Totaal mannen en vrouwen;Totaal;Totaal burgerlijke staat;Zuidoost-Friesland (CR);2021;188096.0;188429.5
848;Totaal mannen en vrouwen;Totaal;Totaal burgerlijke staat;Zuidoost-Friesland (CR);2022;188763.0;189428.0
849;Totaal mannen en vrouwen;Totaal;Totaal burgerlijke staat;Zuidoost-Friesland (CR);2023;190093.0;190455.5
850;Totaal mannen en vrouwen;Totaal;Totaal burgerlijke staat;Zuidoost-Friesland (CR);2024;190818.0;
851;Totaal mannen en vrouwen;Totaal;Totaal burgerlijke staat;Noord-Drenthe (CR);1988;154197.0;
852;Totaal mannen en vrouwen;Totaal;Totaal burgerlijke staat;Noord-Drenthe (CR);1989;155743.0;
853;Totaal mannen en vrouwen;Totaal;Totaal burgerlijke staat;Noord-Drenthe (CR);1990;156517.0;
854;Totaal mannen en vrouwen;Totaal;Totaal burgerlijke staat;Noord-Drenthe (CR);1991;157630.0;
855;Totaal mannen en vrouwen;Totaal;Totaal burgerlijke staat;Noord-Drenthe (CR);1992;158784.0;
856;Totaal mannen en vrouwen;Totaal;Totaal burgerlijke staat;Noord-Drenthe (CR);1993;160255.0;
857;Totaal mannen en vrouwen;Totaal;Totaal burgerlijke staat;Noord-Drenthe (CR);1994;161569.0;
858;Totaal mannen en vrouwen;Totaal;Totaal burgerlijke staat;Noord-Drenthe (CR);1995;162630.0;163080.5
859;Totaal mannen en vrouwen;Totaal;Totaal burgerlijke staat;Noord-Drenthe (CR);1996;163531.0;164122.0
860;Totaal mannen en vrouwen;Totaal;Totaal burgerlijke staat;Noord-Drenthe (CR);1997;164713.0;165627.0
861;Totaal mannen en vrouwen;Totaal;Totaal burgerlijke staat;Noord-Drenthe (CR);1998;175422.0;175968.5
862;Totaal mannen en vrouwen;Totaal;Totaal burgerlijke staat;Noord-Drenthe (CR);1999;176515.0;177213.0
863;Totaal mannen en vrouwen;Totaal;Totaal burgerlijke staat;Noord-Drenthe (CR);2000;177911.0;178824.5
864;Totaal mannen en vrouwen;Totaal;Totaal burgerlijke staat;Noord-Drenthe (CR);2001;179738.0;180820.5
865;Totaal mannen en vrouwen;Totaal;Totaal burgerlijke staat;Noord-Drenthe (CR);2002;181903.0;182772.5
866;Totaal mannen en vrouwen;Totaal;Totaal burgerlijke staat;Noord-Drenthe (CR);2003;183642.0;183961.5
867;Totaal mannen en vrouwen;Totaal;Totaal burgerlijke staat;Noord-Drenthe (CR);2004;184281.0;184681.0
868;Totaal mannen en vrouwen;Totaal;Totaal burgerlijke staat;Noord-Drenthe (CR);2005;185081.0;185401.5
869;Totaal mannen en vrouwen;Totaal;Totaal burgerlijke staat;Noord-Drenthe (CR);2006;185722.0;186195.5
870;Totaal mannen en vrouwen;Totaal;Totaal burgerlijke staat;Noord-Drenthe (CR);2007;186669.0;187284.0
871;Totaal mannen en vrouwen;Totaal;Totaal burgerlijke staat;Noord-Drenthe (CR);2008;187899.0;188407.0
872;Totaal mannen en vrouwen;Totaal;Totaal burgerlijke staat;Noord-Drenthe (CR);2009;188915.0;189055.5
873;Totaal mannen en vrouwen;Totaal;Totaal burgerlijke staat;Noord-Drenthe (CR);2010;189196.0;189491.5
874;Totaal mannen en vrouwen;Totaal;Totaal burgerlijke staat;Noord-Drenthe (CR);2011;189787.0;189801.5
875;Totaal mannen en vrouwen;Totaal;Totaal burgerlijke staat;Noord-Drenthe (CR);2012;189816.0;189731.5
876;Totaal mannen en vrouwen;Totaal;Totaal burgerlijke staat;Noord-Drenthe (CR);2013;189647.0;189570.0
877;Totaal mannen en vrouwen;Totaal;Totaal burgerlijke staat;Noord-Drenthe (CR);2014;189493.0;189426.0
878;Totaal mannen en vrouwen;Totaal;Totaal burgerlijke staat;Noord-Drenthe (CR);2015;189359.0;189478.0
879;Totaal mannen en vrouwen;Totaal;Totaal burgerlijke staat;Noord-Drenthe (CR);2016;189597.0;191047.0
880;Totaal mannen en vrouwen;Totaal;Totaal burgerlijke staat;Noord-Drenthe (CR);2017;192497.0;192299.5
881;Totaal mannen en vrouwen;Totaal;Totaal burgerlijke staat;Noord-Drenthe (CR);2018;192102.0;191808.5
882;Totaal mannen en vrouwen;Totaal;Totaal burgerlijke staat;Noord-Drenthe (CR);2019;191515.0;191942.0
883;Totaal mannen en vrouwen;Totaal;Totaal burgerlijke staat;Noord-Drenthe (CR);2020;192369.0;192588.5
884;Totaal mannen en vrouwen;Totaal;Totaal burgerlijke staat;Noord-Drenthe (CR);2021;192808.0;193257.0
885;Totaal mannen en vrouwen;Totaal;Totaal burgerlijke staat;Noord-Drenthe (CR);2022;193706.0;194507.0
886;Totaal mannen en vrouwen;Totaal;Totaal burgerlijke staat;Noord-Drenthe (CR);2023;195308.0;195684.0
887;Totaal mannen en vrouwen;Totaal;Totaal burgerlijke staat;Noord-Drenthe (CR);2024;196060.0;
888;Totaal mannen en vrouwen;Totaal;Totaal burgerlijke staat;Zuidoost-Drenthe (CR);1988;148288.0;
889;Totaal mannen en vrouwen;Totaal;Totaal burgerlijke staat;Zuidoost-Drenthe (CR);1989;148451.0;
890;Totaal mannen en vrouwen;Totaal;Totaal burgerlijke staat;Zuidoost-Drenthe (CR);1990;148813.0;
891;Totaal mannen en vrouwen;Totaal;Totaal burgerlijke staat;Zuidoost-Drenthe (CR);1991;149205.0;
892;Totaal mannen en vrouwen;Totaal;Totaal burgerlijke staat;Zuidoost-Drenthe (CR);1992;149401.0;
893;Totaal mannen en vrouwen;Totaal;Totaal burgerlijke staat;Zuidoost-Drenthe (CR);1993;149667.0;
894;Totaal mannen en vrouwen;Totaal;Totaal burgerlijke staat;Zuidoost-Drenthe (CR);1994;150433.0;
895;Totaal mannen en vrouwen;Totaal;Totaal burgerlijke staat;Zuidoost-Drenthe (CR);1995;151583.0;151891.5
896;Totaal mannen en vrouwen;Totaal;Totaal burgerlijke staat;Zuidoost-Drenthe (CR);1996;152200.0;152499.5
897;Totaal mannen en vrouwen;Totaal;Totaal burgerlijke staat;Zuidoost-Drenthe (CR);1997;152799.0;153210.0
898;Totaal mannen en vrouwen;Totaal;Totaal burgerlijke staat;Zuidoost-Drenthe (CR);1998;165582.0;165842.5
899;Totaal mannen en vrouwen;Totaal;Totaal burgerlijke staat;Zuidoost-Drenthe (CR);1999;166103.0;166548.5
900;Totaal mannen en vrouwen;Totaal;Totaal burgerlijke staat;Zuidoost-Drenthe (CR);2000;166994.0;168108.0
901;Totaal mannen en vrouwen;Totaal;Totaal burgerlijke staat;Zuidoost-Drenthe (CR);2001;169222.0;169839.0
902;Totaal mannen en vrouwen;Totaal;Totaal burgerlijke staat;Zuidoost-Drenthe (CR);2002;170456.0;170551.0
903;Totaal mannen en vrouwen;Totaal;Totaal burgerlijke staat;Zuidoost-Drenthe (CR);2003;170646.0;170790.0
904;Totaal mannen en vrouwen;Totaal;Totaal burgerlijke staat;Zuidoost-Drenthe (CR);2004;170934.0;170982.0
905;Totaal mannen en vrouwen;Totaal;Totaal burgerlijke staat;Zuidoost-Drenthe (CR);2005;171030.0;171028.5
906;Totaal mannen en vrouwen;Totaal;Totaal burgerlijke staat;Zuidoost-Drenthe (CR);2006;171027.0;171098.0
907;Totaal mannen en vrouwen;Totaal;Totaal burgerlijke staat;Zuidoost-Drenthe (CR);2007;171169.0;171257.0
908;Totaal mannen en vrouwen;Totaal;Totaal burgerlijke staat;Zuidoost-Drenthe (CR);2008;171345.0;171412.0
909;Totaal mannen en vrouwen;Totaal;Totaal burgerlijke staat;Zuidoost-Drenthe (CR);2009;171479.0;171581.5
910;Totaal mannen en vrouwen;Totaal;Totaal burgerlijke staat;Zuidoost-Drenthe (CR);2010;171684.0;171475.5
911;Totaal mannen en vrouwen;Totaal;Totaal burgerlijke staat;Zuidoost-Drenthe (CR);2011;171267.0;170922.5
912;Totaal mannen en vrouwen;Totaal;Totaal burgerlijke staat;Zuidoost-Drenthe (CR);2012;170578.0;170198.5
913;Totaal mannen en vrouwen;Totaal;Totaal burgerlijke staat;Zuidoost-Drenthe (CR);2013;169819.0;169633.5
914;Totaal mannen en vrouwen;Totaal;Totaal burgerlijke staat;Zuidoost-Drenthe (CR);2014;169448.0;169130.0
915;Totaal mannen en vrouwen;Totaal;Totaal burgerlijke staat;Zuidoost-Drenthe (CR);2015;168812.0;168574.0
916;Totaal mannen en vrouwen;Totaal;Totaal burgerlijke staat;Zuidoost-Drenthe (CR);2016;168336.0;168233.5
917;Totaal mannen en vrouwen;Totaal;Totaal burgerlijke staat;Zuidoost-Drenthe (CR);2017;168131.0;167986.5
918;Totaal mannen en vrouwen;Totaal;Totaal burgerlijke staat;Zuidoost-Drenthe (CR);2018;167842.0;167905.0
919;Totaal mannen en vrouwen;Totaal;Totaal burgerlijke staat;Zuidoost-Drenthe (CR);2019;167968.0;167936.0
920;Totaal mannen en vrouwen;Totaal;Totaal burgerlijke staat;Zuidoost-Drenthe (CR);2020;167904.0;167921.5
921;Totaal mannen en vrouwen;Totaal;Totaal burgerlijke staat;Zuidoost-Drenthe (CR);2021;167939.0;168496.5
922;Totaal mannen en vrouwen;Totaal;Totaal burgerlijke staat;Zuidoost-Drenthe (CR);2022;169054.0;169719.0
923;Totaal mannen en vrouwen;Totaal;Totaal burgerlijke staat;Zuidoost-Drenthe (CR);2023;170384.0;170734.5
924;Totaal mannen en vrouwen;Totaal;Totaal burgerlijke staat;Zuidoost-Drenthe (CR);2024;171085.0;
925;Totaal mannen en vrouwen;Totaal;Totaal burgerlijke staat;Zuidwest-Drenthe (CR);1988;134101.0;
926;Totaal mannen en vrouwen;Totaal;Totaal burgerlijke staat;Zuidwest-Drenthe (CR);1989;134872.0;
927;Totaal mannen en vrouwen;Totaal;Totaal burgerlijke staat;Zuidwest-Drenthe (CR);1990;135698.0;
928;Totaal mannen en vrouwen;Totaal;Totaal burgerlijke staat;Zuidwest-Drenthe (CR);1991;136675.0;
929;Totaal mannen en vrouwen;Totaal;Totaal burgerlijke staat;Zuidwest-Drenthe (CR);1992;137411.0;
930;Totaal mannen en vrouwen;Totaal;Totaal burgerlijke staat;Zuidwest-Drenthe (CR);1993;138334.0;
931;Totaal mannen en vrouwen;Totaal;Totaal burgerlijke staat;Zuidwest-Drenthe (CR);1994;139407.0;
932;Totaal mannen en vrouwen;Totaal;Totaal burgerlijke staat;Zuidwest-Drenthe (CR);1995;140651.0;141118.0
933;Totaal mannen en vrouwen;Totaal;Totaal burgerlijke staat;Zuidwest-Drenthe (CR);1996;141585.0;142440.0
934;Totaal mannen en vrouwen;Totaal;Totaal burgerlijke staat;Zuidwest-Drenthe (CR);1997;143305.0;143950.5
935;Totaal mannen en vrouwen;Totaal;Totaal burgerlijke staat;Zuidwest-Drenthe (CR);1998;123668.0;124071.5
936;Totaal mannen en vrouwen;Totaal;Totaal burgerlijke staat;Zuidwest-Drenthe (CR);1999;124475.0;124688.0
937;Totaal mannen en vrouwen;Totaal;Totaal burgerlijke staat;Zuidwest-Drenthe (CR);2000;124901.0;125223.5
938;Totaal mannen en vrouwen;Totaal;Totaal burgerlijke staat;Zuidwest-Drenthe (CR);2001;125546.0;125993.0
939;Totaal mannen en vrouwen;Totaal;Totaal burgerlijke staat;Zuidwest-Drenthe (CR);2002;126440.0;126703.0
940;Totaal mannen en vrouwen;Totaal;Totaal burgerlijke staat;Zuidwest-Drenthe (CR);2003;126966.0;127083.0
941;Totaal mannen en vrouwen;Totaal;Totaal burgerlijke staat;Zuidwest-Drenthe (CR);2004;127200.0;127229.0
942;Totaal mannen en vrouwen;Totaal;Totaal burgerlijke staat;Zuidwest-Drenthe (CR);2005;127258.0;127495.0
943;Totaal mannen en vrouwen;Totaal;Totaal burgerlijke staat;Zuidwest-Drenthe (CR);2006;127732.0;128045.5
944;Totaal mannen en vrouwen;Totaal;Totaal burgerlijke staat;Zuidwest-Drenthe (CR);2007;128359.0;128625.0
945;Totaal mannen en vrouwen;Totaal;Totaal burgerlijke staat;Zuidwest-Drenthe (CR);2008;128891.0;129207.5
946;Totaal mannen en vrouwen;Totaal;Totaal burgerlijke staat;Zuidwest-Drenthe (CR);2009;129524.0;129812.5
947;Totaal mannen en vrouwen;Totaal;Totaal burgerlijke staat;Zuidwest-Drenthe (CR);2010;130101.0;130229.0
948;Totaal mannen en vrouwen;Totaal;Totaal burgerlijke staat;Zuidwest-Drenthe (CR);2011;130357.0;130385.0
949;Totaal mannen en vrouwen;Totaal;Totaal burgerlijke staat;Zuidwest-Drenthe (CR);2012;130413.0;130432.5
950;Totaal mannen en vrouwen;Totaal;Totaal burgerlijke staat;Zuidwest-Drenthe (CR);2013;130452.0;130249.5
951;Totaal mannen en vrouwen;Totaal;Totaal burgerlijke staat;Zuidwest-Drenthe (CR);2014;130047.0;130226.0
952;Totaal mannen en vrouwen;Totaal;Totaal burgerlijke staat;Zuidwest-Drenthe (CR);2015;130405.0;130550.5
953;Totaal mannen en vrouwen;Totaal;Totaal burgerlijke staat;Zuidwest-Drenthe (CR);2016;130696.0;130930.0
954;Totaal mannen en vrouwen;Totaal;Totaal burgerlijke staat;Zuidwest-Drenthe (CR);2017;131164.0;131660.0
955;Totaal mannen en vrouwen;Totaal;Totaal burgerlijke staat;Zuidwest-Drenthe (CR);2018;132156.0;132420.0
956;Totaal mannen en vrouwen;Totaal;Totaal burgerlijke staat;Zuidwest-Drenthe (CR);2019;132684.0;133046.5
957;Totaal mannen en vrouwen;Totaal;Totaal burgerlijke staat;Zuidwest-Drenthe (CR);2020;133409.0;133716.5
958;Totaal mannen en vrouwen;Totaal;Totaal burgerlijke staat;Zuidwest-Drenthe (CR);2021;134024.0;134503.5
959;Totaal mannen en vrouwen;Totaal;Totaal burgerlijke staat;Zuidwest-Drenthe (CR);2022;134983.0;135671.0
960;Totaal mannen en vrouwen;Totaal;Totaal burgerlijke staat;Zuidwest-Drenthe (CR);2023;136359.0;136671.5
961;Totaal mannen en vrouwen;Totaal;Totaal burgerlijke staat;Zuidwest-Drenthe (CR);2024;136984.0;
962;Totaal mannen en vrouwen;Totaal;Totaal burgerlijke staat;Noord-Overijssel (CR);1988;314444.0;
963;Totaal mannen en vrouwen;Totaal;Totaal burgerlijke staat;Noord-Overijssel (CR);1989;317190.0;
964;Totaal mannen en vrouwen;Totaal;Totaal burgerlijke staat;Noord-Overijssel (CR);1990;319578.0;
965;Totaal mannen en vrouwen;Totaal;Totaal burgerlijke staat;Noord-Overijssel (CR);1991;322167.0;
966;Totaal mannen en vrouwen;Totaal;Totaal burgerlijke staat;Noord-Overijssel (CR);1992;324899.0;
967;Totaal mannen en vrouwen;Totaal;Totaal burgerlijke staat;Noord-Overijssel (CR);1993;327733.0;
968;Totaal mannen en vrouwen;Totaal;Totaal burgerlijke staat;Noord-Overijssel (CR);1994;330002.0;
969;Totaal mannen en vrouwen;Totaal;Totaal burgerlijke staat;Noord-Overijssel (CR);1995;332404.0;333614.5
970;Totaal mannen en vrouwen;Totaal;Totaal burgerlijke staat;Noord-Overijssel (CR);1996;334825.0;336040.0
971;Totaal mannen en vrouwen;Totaal;Totaal burgerlijke staat;Noord-Overijssel (CR);1997;337384.0;338318.0
972;Totaal mannen en vrouwen;Totaal;Totaal burgerlijke staat;Noord-Overijssel (CR);1998;339252.0;340900.0
973;Totaal mannen en vrouwen;Totaal;Totaal burgerlijke staat;Noord-Overijssel (CR);1999;342548.0;344100.5
974;Totaal mannen en vrouwen;Totaal;Totaal burgerlijke staat;Noord-Overijssel (CR);2000;345653.0;347536.0
975;Totaal mannen en vrouwen;Totaal;Totaal burgerlijke staat;Noord-Overijssel (CR);2001;333794.0;335554.0
976;Totaal mannen en vrouwen;Totaal;Totaal burgerlijke staat;Noord-Overijssel (CR);2002;337314.0;338647.5
977;Totaal mannen en vrouwen;Totaal;Totaal burgerlijke staat;Noord-Overijssel (CR);2003;339981.0;340770.5
978;Totaal mannen en vrouwen;Totaal;Totaal burgerlijke staat;Noord-Overijssel (CR);2004;341560.0;342100.5
979;Totaal mannen en vrouwen;Totaal;Totaal burgerlijke staat;Noord-Overijssel (CR);2005;342641.0;343721.0
980;Totaal mannen en vrouwen;Totaal;Totaal burgerlijke staat;Noord-Overijssel (CR);2006;344801.0;345848.5
981;Totaal mannen en vrouwen;Totaal;Totaal burgerlijke staat;Noord-Overijssel (CR);2007;346896.0;348096.0
982;Totaal mannen en vrouwen;Totaal;Totaal burgerlijke staat;Noord-Overijssel (CR);2008;349296.0;350587.0
983;Totaal mannen en vrouwen;Totaal;Totaal burgerlijke staat;Noord-Overijssel (CR);2009;351878.0;352966.0
984;Totaal mannen en vrouwen;Totaal;Totaal burgerlijke staat;Noord-Overijssel (CR);2010;354054.0;355107.5
985;Totaal mannen en vrouwen;Totaal;Totaal burgerlijke staat;Noord-Overijssel (CR);2011;356161.0;357154.5
986;Totaal mannen en vrouwen;Totaal;Totaal burgerlijke staat;Noord-Overijssel (CR);2012;358148.0;358977.0
987;Totaal mannen en vrouwen;Totaal;Totaal burgerlijke staat;Noord-Overijssel (CR);2013;359806.0;360276.5
988;Totaal mannen en vrouwen;Totaal;Totaal burgerlijke staat;Noord-Overijssel (CR);2014;360747.0;361220.5
989;Totaal mannen en vrouwen;Totaal;Totaal burgerlijke staat;Noord-Overijssel (CR);2015;361694.0;362997.0
990;Totaal mannen en vrouwen;Totaal;Totaal burgerlijke staat;Noord-Overijssel (CR);2016;364300.0;365309.5
991;Totaal mannen en vrouwen;Totaal;Totaal burgerlijke staat;Noord-Overijssel (CR);2017;366319.0;367569.0
992;Totaal mannen en vrouwen;Totaal;Totaal burgerlijke staat;Noord-Overijssel (CR);2018;368819.0;370213.5
993;Totaal mannen en vrouwen;Totaal;Totaal burgerlijke staat;Noord-Overijssel (CR);2019;371608.0;373133.5
994;Totaal mannen en vrouwen;Totaal;Totaal burgerlijke staat;Noord-Overijssel (CR);2020;374659.0;375975.5
995;Totaal mannen en vrouwen;Totaal;Totaal burgerlijke staat;Noord-Overijssel (CR);2021;377292.0;378601.5
996;Totaal mannen en vrouwen;Totaal;Totaal burgerlijke staat;Noord-Overijssel (CR);2022;379911.0;382692.0
997;Totaal mannen en vrouwen;Totaal;Totaal burgerlijke staat;Noord-Overijssel (CR);2023;385473.0;386548.0
998;Totaal mannen en vrouwen;Totaal;Totaal burgerlijke staat;Noord-Overijssel (CR);2024;387623.0;
999;Totaal mannen en vrouwen;Totaal;Totaal burgerlijke staat;Zuidwest-Overijssel (CR);1988;125849.0;
1000;Totaal mannen en vrouwen;Totaal;Totaal burgerlijke staat;Zuidwest-Overijssel (CR);1989;126502.0;
1001;Totaal mannen en vrouwen;Totaal;Totaal burgerlijke staat;Zuidwest-Overijssel (CR);1990;127211.0;
1002;Totaal mannen en vrouwen;Totaal;Totaal burgerlijke staat;Zuidwest-Overijssel (CR);1991;128225.0;
1003;Totaal mannen en vrouwen;Totaal;Totaal burgerlijke staat;Zuidwest-Overijssel (CR);1992;128900.0;
1004;Totaal mannen en vrouwen;Totaal;Totaal burgerlijke staat;Zuidwest-Overijssel (CR);1993;129993.0;
1005;Totaal mannen en vrouwen;Totaal;Totaal burgerlijke staat;Zuidwest-Overijssel (CR);1994;130964.0;
1006;Totaal mannen en vrouwen;Totaal;Totaal burgerlijke staat;Zuidwest-Overijssel (CR);1995;131265.0;131254.5
1007;Totaal mannen en vrouwen;Totaal;Totaal burgerlijke staat;Zuidwest-Overijssel (CR);1996;131244.0;131319.0
1008;Totaal mannen en vrouwen;Totaal;Totaal burgerlijke staat;Zuidwest-Overijssel (CR);1997;131255.0;132022.0
1009;Totaal mannen en vrouwen;Totaal;Totaal burgerlijke staat;Zuidwest-Overijssel (CR);1998;132789.0;133467.0
1010;Totaal mannen en vrouwen;Totaal;Totaal burgerlijke staat;Zuidwest-Overijssel (CR);1999;134145.0;134832.5
1011;Totaal mannen en vrouwen;Totaal;Totaal burgerlijke staat;Zuidwest-Overijssel (CR);2000;135578.0;136254.0
1012;Totaal mannen en vrouwen;Totaal;Totaal burgerlijke staat;Zuidwest-Overijssel (CR);2001;143659.0;144290.0
1013;Totaal mannen en vrouwen;Totaal;Totaal burgerlijke staat;Zuidwest-Overijssel (CR);2002;144921.0;145842.5
1014;Totaal mannen en vrouwen;Totaal;Totaal burgerlijke staat;Zuidwest-Overijssel (CR);2003;146764.0;147706.5
1015;Totaal mannen en vrouwen;Totaal;Totaal burgerlijke staat;Zuidwest-Overijssel (CR);2004;148649.0;149277.0
1016;Totaal mannen en vrouwen;Totaal;Totaal burgerlijke staat;Zuidwest-Overijssel (CR);2005;149905.0;150475.5
1017;Totaal mannen en vrouwen;Totaal;Totaal burgerlijke staat;Zuidwest-Overijssel (CR);2006;151046.0;151150.5
1018;Totaal mannen en vrouwen;Totaal;Totaal burgerlijke staat;Zuidwest-Overijssel (CR);2007;151255.0;151480.5
1019;Totaal mannen en vrouwen;Totaal;Totaal burgerlijke staat;Zuidwest-Overijssel (CR);2008;151706.0;151985.5
1020;Totaal mannen en vrouwen;Totaal;Totaal burgerlijke staat;Zuidwest-Overijssel (CR);2009;152265.0;152562.0
1021;Totaal mannen en vrouwen;Totaal;Totaal burgerlijke staat;Zuidwest-Overijssel (CR);2010;152859.0;152893.0
1022;Totaal mannen en vrouwen;Totaal;Totaal burgerlijke staat;Zuidwest-Overijssel (CR);2011;152927.0;152930.5
1023;Totaal mannen en vrouwen;Totaal;Totaal burgerlijke staat;Zuidwest-Overijssel (CR);2012;152934.0;152876.0
1024;Totaal mannen en vrouwen;Totaal;Totaal burgerlijke staat;Zuidwest-Overijssel (CR);2013;152818.0;152714.5
1025;Totaal mannen en vrouwen;Totaal;Totaal burgerlijke staat;Zuidwest-Overijssel (CR);2014;152611.0;152796.5
1026;Totaal mannen en vrouwen;Totaal;Totaal burgerlijke staat;Zuidwest-Overijssel (CR);2015;152982.0;153218.5
1027;Totaal mannen en vrouwen;Totaal;Totaal burgerlijke staat;Zuidwest-Overijssel (CR);2016;153455.0;153807.0
1028;Totaal mannen en vrouwen;Totaal;Totaal burgerlijke staat;Zuidwest-Overijssel (CR);2017;154159.0;154496.5
1029;Totaal mannen en vrouwen;Totaal;Totaal burgerlijke staat;Zuidwest-Overijssel (CR);2018;154834.0;155186.5
1030;Totaal mannen en vrouwen;Totaal;Totaal burgerlijke staat;Zuidwest-Overijssel (CR);2019;155539.0;156111.0
1031;Totaal mannen en vrouwen;Totaal;Totaal burgerlijke staat;Zuidwest-Overijssel (CR);2020;156683.0;157095.5
1032;Totaal mannen en vrouwen;Totaal;Totaal burgerlijke staat;Zuidwest-Overijssel (CR);2021;157508.0;157795.0
1033;Totaal mannen en vrouwen;Totaal;Totaal burgerlijke staat;Zuidwest-Overijssel (CR);2022;158082.0;159022.5
1034;Totaal mannen en vrouwen;Totaal;Totaal burgerlijke staat;Zuidwest-Overijssel (CR);2023;159963.0;160283.5
1035;Totaal mannen en vrouwen;Totaal;Totaal burgerlijke staat;Zuidwest-Overijssel (CR);2024;160604.0;
1036;Totaal mannen en vrouwen;Totaal;Totaal burgerlijke staat;Twente (CR);1988;569704.0;
1037;Totaal mannen en vrouwen;Totaal;Totaal burgerlijke staat;Twente (CR);1989;571257.0;
1038;Totaal mannen en vrouwen;Totaal;Totaal burgerlijke staat;Twente (CR);1990;573635.0;
1039;Totaal mannen en vrouwen;Totaal;Totaal burgerlijke staat;Twente (CR);1991;575933.0;
1040;Totaal mannen en vrouwen;Totaal;Totaal burgerlijke staat;Twente (CR);1992;578619.0;
1041;Totaal mannen en vrouwen;Totaal;Totaal burgerlijke staat;Twente (CR);1993;581357.0;
1042;Totaal mannen en vrouwen;Totaal;Totaal burgerlijke staat;Twente (CR);1994;583682.0;
1043;Totaal mannen en vrouwen;Totaal;Totaal burgerlijke staat;Twente (CR);1995;586720.0;587308.5
1044;Totaal mannen en vrouwen;Totaal;Totaal burgerlijke staat;Twente (CR);1996;587897.0;588601.0
1045;Totaal mannen en vrouwen;Totaal;Totaal burgerlijke staat;Twente (CR);1997;589305.0;590395.5
1046;Totaal mannen en vrouwen;Totaal;Totaal burgerlijke staat;Twente (CR);1998;591486.0;592618.5
1047;Totaal mannen en vrouwen;Totaal;Totaal burgerlijke staat;Twente (CR);1999;593751.0;595072.5
1048;Totaal mannen en vrouwen;Totaal;Totaal burgerlijke staat;Twente (CR);2000;596394.0;598162.5
1049;Totaal mannen en vrouwen;Totaal;Totaal burgerlijke staat;Twente (CR);2001;608827.0;610312.0
1050;Totaal mannen en vrouwen;Totaal;Totaal burgerlijke staat;Twente (CR);2002;611797.0;612864.5
1051;Totaal mannen en vrouwen;Totaal;Totaal burgerlijke staat;Twente (CR);2003;613932.0;614617.5
1052;Totaal mannen en vrouwen;Totaal;Totaal burgerlijke staat;Twente (CR);2004;615303.0;616094.5
1053;Totaal mannen en vrouwen;Totaal;Totaal burgerlijke staat;Twente (CR);2005;616886.0;617284.0
1054;Totaal mannen en vrouwen;Totaal;Totaal burgerlijke staat;Twente (CR);2006;617682.0;617952.5
1055;Totaal mannen en vrouwen;Totaal;Totaal burgerlijke staat;Twente (CR);2007;618223.0;618607.5
1056;Totaal mannen en vrouwen;Totaal;Totaal burgerlijke staat;Twente (CR);2008;618992.0;620142.0
1057;Totaal mannen en vrouwen;Totaal;Totaal burgerlijke staat;Twente (CR);2009;621292.0;622362.0
1058;Totaal mannen en vrouwen;Totaal;Totaal burgerlijke staat;Twente (CR);2010;623432.0;624404.5
1059;Totaal mannen en vrouwen;Totaal;Totaal burgerlijke staat;Twente (CR);2011;625377.0;625981.5
1060;Totaal mannen en vrouwen;Totaal;Totaal burgerlijke staat;Twente (CR);2012;626586.0;626656.0
1061;Totaal mannen en vrouwen;Totaal;Totaal burgerlijke staat;Twente (CR);2013;626726.0;626532.5
1062;Totaal mannen en vrouwen;Totaal;Totaal burgerlijke staat;Twente (CR);2014;626339.0;626157.5
1063;Totaal mannen en vrouwen;Totaal;Totaal burgerlijke staat;Twente (CR);2015;625976.0;626250.5
1064;Totaal mannen en vrouwen;Totaal;Totaal burgerlijke staat;Twente (CR);2016;626525.0;626867.0
1065;Totaal mannen en vrouwen;Totaal;Totaal burgerlijke staat;Twente (CR);2017;627209.0;627528.5
1066;Totaal mannen en vrouwen;Totaal;Totaal burgerlijke staat;Twente (CR);2018;627848.0;628566.0
1067;Totaal mannen en vrouwen;Totaal;Totaal burgerlijke staat;Twente (CR);2019;629284.0;630174.0
1068;Totaal mannen en vrouwen;Totaal;Totaal burgerlijke staat;Twente (CR);2020;631064.0;631398.5
1069;Totaal mannen en vrouwen;Totaal;Totaal burgerlijke staat;Twente (CR);2021;631733.0;632825.0
1070;Totaal mannen en vrouwen;Totaal;Totaal burgerlijke staat;Twente (CR);2022;633917.0;636407.0
1071;Totaal mannen en vrouwen;Totaal;Totaal burgerlijke staat;Twente (CR);2023;638897.0;639851.5
1072;Totaal mannen en vrouwen;Totaal;Totaal burgerlijke staat;Twente (CR);2024;640806.0;
1073;Totaal mannen en vrouwen;Totaal;Totaal burgerlijke staat;Veluwe (CR);1988;587117.0;
1074;Totaal mannen en vrouwen;Totaal;Totaal burgerlijke staat;Veluwe (CR);1989;591151.0;
1075;Totaal mannen en vrouwen;Totaal;Totaal burgerlijke staat;Veluwe (CR);1990;595106.0;
1076;Totaal mannen en vrouwen;Totaal;Totaal burgerlijke staat;Veluwe (CR);1991;599614.0;
1077;Totaal mannen en vrouwen;Totaal;Totaal burgerlijke staat;Veluwe (CR);1992;603913.0;
1078;Totaal mannen en vrouwen;Totaal;Totaal burgerlijke staat;Veluwe (CR);1993;607568.0;
1079;Totaal mannen en vrouwen;Totaal;Totaal burgerlijke staat;Veluwe (CR);1994;609963.0;
1080;Totaal mannen en vrouwen;Totaal;Totaal burgerlijke staat;Veluwe (CR);1995;612922.0;614877.0
1081;Totaal mannen en vrouwen;Totaal;Totaal burgerlijke staat;Veluwe (CR);1996;616832.0;618692.5
1082;Totaal mannen en vrouwen;Totaal;Totaal burgerlijke staat;Veluwe (CR);1997;620553.0;621740.5
1083;Totaal mannen en vrouwen;Totaal;Totaal burgerlijke staat;Veluwe (CR);1998;622474.0;623625.0
1084;Totaal mannen en vrouwen;Totaal;Totaal burgerlijke staat;Veluwe (CR);1999;624776.0;626104.0
1085;Totaal mannen en vrouwen;Totaal;Totaal burgerlijke staat;Veluwe (CR);2000;627432.0;629229.5
1086;Totaal mannen en vrouwen;Totaal;Totaal burgerlijke staat;Veluwe (CR);2001;631027.0;633305.0
1087;Totaal mannen en vrouwen;Totaal;Totaal burgerlijke staat;Veluwe (CR);2002;635583.0;637691.0
1088;Totaal mannen en vrouwen;Totaal;Totaal burgerlijke staat;Veluwe (CR);2003;639799.0;641106.0
1089;Totaal mannen en vrouwen;Totaal;Totaal burgerlijke staat;Veluwe (CR);2004;642413.0;643212.0
1090;Totaal mannen en vrouwen;Totaal;Totaal burgerlijke staat;Veluwe (CR);2005;644011.0;644697.0
1091;Totaal mannen en vrouwen;Totaal;Totaal burgerlijke staat;Veluwe (CR);2006;645383.0;646025.5
1092;Totaal mannen en vrouwen;Totaal;Totaal burgerlijke staat;Veluwe (CR);2007;646668.0;647518.0
1093;Totaal mannen en vrouwen;Totaal;Totaal burgerlijke staat;Veluwe (CR);2008;648368.0;649645.0
1094;Totaal mannen en vrouwen;Totaal;Totaal burgerlijke staat;Veluwe (CR);2009;650922.0;652692.5
1095;Totaal mannen en vrouwen;Totaal;Totaal burgerlijke staat;Veluwe (CR);2010;654463.0;655417.5
1096;Totaal mannen en vrouwen;Totaal;Totaal burgerlijke staat;Veluwe (CR);2011;656372.0;657795.0
1097;Totaal mannen en vrouwen;Totaal;Totaal burgerlijke staat;Veluwe (CR);2012;659218.0;660601.5
1098;Totaal mannen en vrouwen;Totaal;Totaal burgerlijke staat;Veluwe (CR);2013;661985.0;663026.0
1099;Totaal mannen en vrouwen;Totaal;Totaal burgerlijke staat;Veluwe (CR);2014;664067.0;666006.5
1100;Totaal mannen en vrouwen;Totaal;Totaal burgerlijke staat;Veluwe (CR);2015;667946.0;669986.5
1101;Totaal mannen en vrouwen;Totaal;Totaal burgerlijke staat;Veluwe (CR);2016;672027.0;674844.5
1102;Totaal mannen en vrouwen;Totaal;Totaal burgerlijke staat;Veluwe (CR);2017;677662.0;680451.0
1103;Totaal mannen en vrouwen;Totaal;Totaal burgerlijke staat;Veluwe (CR);2018;683240.0;686019.5
1104;Totaal mannen en vrouwen;Totaal;Totaal burgerlijke staat;Veluwe (CR);2019;688799.0;692149.5
1105;Totaal mannen en vrouwen;Totaal;Totaal burgerlijke staat;Veluwe (CR);2020;695500.0;698237.5
1106;Totaal mannen en vrouwen;Totaal;Totaal burgerlijke staat;Veluwe (CR);2021;700975.0;703931.5
1107;Totaal mannen en vrouwen;Totaal;Totaal burgerlijke staat;Veluwe (CR);2022;706888.0;711340.0
1108;Totaal mannen en vrouwen;Totaal;Totaal burgerlijke staat;Veluwe (CR);2023;715792.0;719142.5
1109;Totaal mannen en vrouwen;Totaal;Totaal burgerlijke staat;Veluwe (CR);2024;722493.0;
1110;Totaal mannen en vrouwen;Totaal;Totaal burgerlijke staat;Achterhoek (CR);1988;359422.0;
1111;Totaal mannen en vrouwen;Totaal;Totaal burgerlijke staat;Achterhoek (CR);1989;360433.0;
1112;Totaal mannen en vrouwen;Totaal;Totaal burgerlijke staat;Achterhoek (CR);1990;361067.0;
1113;Totaal mannen en vrouwen;Totaal;Totaal burgerlijke staat;Achterhoek (CR);1991;362000.0;
1114;Totaal mannen en vrouwen;Totaal;Totaal burgerlijke staat;Achterhoek (CR);1992;363179.0;
1115;Totaal mannen en vrouwen;Totaal;Totaal burgerlijke staat;Achterhoek (CR);1993;364280.0;
1116;Totaal mannen en vrouwen;Totaal;Totaal burgerlijke staat;Achterhoek (CR);1994;365307.0;
1117;Totaal mannen en vrouwen;Totaal;Totaal burgerlijke staat;Achterhoek (CR);1995;367889.0;369091.0
1118;Totaal mannen en vrouwen;Totaal;Totaal burgerlijke staat;Achterhoek (CR);1996;370293.0;371520.5
1119;Totaal mannen en vrouwen;Totaal;Totaal burgerlijke staat;Achterhoek (CR);1997;372748.0;373777.5
1120;Totaal mannen en vrouwen;Totaal;Totaal burgerlijke staat;Achterhoek (CR);1998;374807.0;375380.0
1121;Totaal mannen en vrouwen;Totaal;Totaal burgerlijke staat;Achterhoek (CR);1999;375953.0;377060.5
1122;Totaal mannen en vrouwen;Totaal;Totaal burgerlijke staat;Achterhoek (CR);2000;378110.0;379408.0
1123;Totaal mannen en vrouwen;Totaal;Totaal burgerlijke staat;Achterhoek (CR);2001;380706.0;382046.5
1124;Totaal mannen en vrouwen;Totaal;Totaal burgerlijke staat;Achterhoek (CR);2002;383387.0;384254.0
1125;Totaal mannen en vrouwen;Totaal;Totaal burgerlijke staat;Achterhoek (CR);2003;385121.0;385223.0
1126;Totaal mannen en vrouwen;Totaal;Totaal burgerlijke staat;Achterhoek (CR);2004;385325.0;385617.5
1127;Totaal mannen en vrouwen;Totaal;Totaal burgerlijke staat;Achterhoek (CR);2005;402785.0;402730.0
1128;Totaal mannen en vrouwen;Totaal;Totaal burgerlijke staat;Achterhoek (CR);2006;402675.0;402202.0
1129;Totaal mannen en vrouwen;Totaal;Totaal burgerlijke staat;Achterhoek (CR);2007;401729.0;401747.5
1130;Totaal mannen en vrouwen;Totaal;Totaal burgerlijke staat;Achterhoek (CR);2008;401766.0;401983.0
1131;Totaal mannen en vrouwen;Totaal;Totaal burgerlijke staat;Achterhoek (CR);2009;402200.0;402047.0
1132;Totaal mannen en vrouwen;Totaal;Totaal burgerlijke staat;Achterhoek (CR);2010;401894.0;401764.0
1133;Totaal mannen en vrouwen;Totaal;Totaal burgerlijke staat;Achterhoek (CR);2011;401634.0;401555.0
1134;Totaal mannen en vrouwen;Totaal;Totaal burgerlijke staat;Achterhoek (CR);2012;401476.0;401101.5
1135;Totaal mannen en vrouwen;Totaal;Totaal burgerlijke staat;Achterhoek (CR);2013;400727.0;400217.0
1136;Totaal mannen en vrouwen;Totaal;Totaal burgerlijke staat;Achterhoek (CR);2014;399707.0;399239.5
1137;Totaal mannen en vrouwen;Totaal;Totaal burgerlijke staat;Achterhoek (CR);2015;398772.0;399016.0
1138;Totaal mannen en vrouwen;Totaal;Totaal burgerlijke staat;Achterhoek (CR);2016;399260.0;399590.5
1139;Totaal mannen en vrouwen;Totaal;Totaal burgerlijke staat;Achterhoek (CR);2017;399921.0;400168.5
1140;Totaal mannen en vrouwen;Totaal;Totaal burgerlijke staat;Achterhoek (CR);2018;400416.0;400550.5
1141;Totaal mannen en vrouwen;Totaal;Totaal burgerlijke staat;Achterhoek (CR);2019;400685.0;400939.0
1142;Totaal mannen en vrouwen;Totaal;Totaal burgerlijke staat;Achterhoek (CR);2020;401193.0;401716.0
1143;Totaal mannen en vrouwen;Totaal;Totaal burgerlijke staat;Achterhoek (CR);2021;402239.0;402817.5
1144;Totaal mannen en vrouwen;Totaal;Totaal burgerlijke staat;Achterhoek (CR);2022;403396.0;404828.5
1145;Totaal mannen en vrouwen;Totaal;Totaal burgerlijke staat;Achterhoek (CR);2023;406261.0;406523.0
1146;Totaal mannen en vrouwen;Totaal;Totaal burgerlijke staat;Achterhoek (CR);2024;406785.0;
1147;Totaal mannen en vrouwen;Totaal;Totaal burgerlijke staat;Arnhem/Nijmegen (CR);1988;642186.0;
1148;Totaal mannen en vrouwen;Totaal;Totaal burgerlijke staat;Arnhem/Nijmegen (CR);1989;646196.0;
1149;Totaal mannen en vrouwen;Totaal;Totaal burgerlijke staat;Arnhem/Nijmegen (CR);1990;648973.0;
1150;Totaal mannen en vrouwen;Totaal;Totaal burgerlijke staat;Arnhem/Nijmegen (CR);1991;653907.0;
1151;Totaal mannen en vrouwen;Totaal;Totaal burgerlijke staat;Arnhem/Nijmegen (CR);1992;658241.0;
1152;Totaal mannen en vrouwen;Totaal;Totaal burgerlijke staat;Arnhem/Nijmegen (CR);1993;662198.0;
1153;Totaal mannen en vrouwen;Totaal;Totaal burgerlijke staat;Arnhem/Nijmegen (CR);1994;667641.0;
1154;Totaal mannen en vrouwen;Totaal;Totaal burgerlijke staat;Arnhem/Nijmegen (CR);1995;672676.0;674235.0
1155;Totaal mannen en vrouwen;Totaal;Totaal burgerlijke staat;Arnhem/Nijmegen (CR);1996;675794.0;676569.0
1156;Totaal mannen en vrouwen;Totaal;Totaal burgerlijke staat;Arnhem/Nijmegen (CR);1997;677344.0;678903.5
1157;Totaal mannen en vrouwen;Totaal;Totaal burgerlijke staat;Arnhem/Nijmegen (CR);1998;680463.0;683076.0
1158;Totaal mannen en vrouwen;Totaal;Totaal burgerlijke staat;Arnhem/Nijmegen (CR);1999;685689.0;688122.5
1159;Totaal mannen en vrouwen;Totaal;Totaal burgerlijke staat;Arnhem/Nijmegen (CR);2000;690556.0;693359.0
1160;Totaal mannen en vrouwen;Totaal;Totaal burgerlijke staat;Arnhem/Nijmegen (CR);2001;696162.0;698763.0
1161;Totaal mannen en vrouwen;Totaal;Totaal burgerlijke staat;Arnhem/Nijmegen (CR);2002;701364.0;703328.0
1162;Totaal mannen en vrouwen;Totaal;Totaal burgerlijke staat;Arnhem/Nijmegen (CR);2003;705292.0;706702.5
1163;Totaal mannen en vrouwen;Totaal;Totaal burgerlijke staat;Arnhem/Nijmegen (CR);2004;708113.0;708908.5
1164;Totaal mannen en vrouwen;Totaal;Totaal burgerlijke staat;Arnhem/Nijmegen (CR);2005;692829.0;693699.5
1165;Totaal mannen en vrouwen;Totaal;Totaal burgerlijke staat;Arnhem/Nijmegen (CR);2006;694570.0;695993.5
1166;Totaal mannen en vrouwen;Totaal;Totaal burgerlijke staat;Arnhem/Nijmegen (CR);2007;697417.0;698691.5
1167;Totaal mannen en vrouwen;Totaal;Totaal burgerlijke staat;Arnhem/Nijmegen (CR);2008;699966.0;701879.0
1168;Totaal mannen en vrouwen;Totaal;Totaal burgerlijke staat;Arnhem/Nijmegen (CR);2009;703792.0;705801.0
1169;Totaal mannen en vrouwen;Totaal;Totaal burgerlijke staat;Arnhem/Nijmegen (CR);2010;707810.0;709609.0
1170;Totaal mannen en vrouwen;Totaal;Totaal burgerlijke staat;Arnhem/Nijmegen (CR);2011;711408.0;712728.5
1171;Totaal mannen en vrouwen;Totaal;Totaal burgerlijke staat;Arnhem/Nijmegen (CR);2012;714049.0;715220.0
1172;Totaal mannen en vrouwen;Totaal;Totaal burgerlijke staat;Arnhem/Nijmegen (CR);2013;716391.0;717616.5
1173;Totaal mannen en vrouwen;Totaal;Totaal burgerlijke staat;Arnhem/Nijmegen (CR);2014;718842.0;720577.0
1174;Totaal mannen en vrouwen;Totaal;Totaal burgerlijke staat;Arnhem/Nijmegen (CR);2015;722312.0;724035.5
1175;Totaal mannen en vrouwen;Totaal;Totaal burgerlijke staat;Arnhem/Nijmegen (CR);2016;725759.0;728093.5
1176;Totaal mannen en vrouwen;Totaal;Totaal burgerlijke staat;Arnhem/Nijmegen (CR);2017;730428.0;732815.5
1177;Totaal mannen en vrouwen;Totaal;Totaal burgerlijke staat;Arnhem/Nijmegen (CR);2018;735203.0;736819.5
1178;Totaal mannen en vrouwen;Totaal;Totaal burgerlijke staat;Arnhem/Nijmegen (CR);2019;738436.0;740565.0
1179;Totaal mannen en vrouwen;Totaal;Totaal burgerlijke staat;Arnhem/Nijmegen (CR);2020;742694.0;743704.5
1180;Totaal mannen en vrouwen;Totaal;Totaal burgerlijke staat;Arnhem/Nijmegen (CR);2021;744715.0;746967.5
1181;Totaal mannen en vrouwen;Totaal;Totaal burgerlijke staat;Arnhem/Nijmegen (CR);2022;749220.0;753107.5
1182;Totaal mannen en vrouwen;Totaal;Totaal burgerlijke staat;Arnhem/Nijmegen (CR);2023;756995.0;760566.5
1183;Totaal mannen en vrouwen;Totaal;Totaal burgerlijke staat;Arnhem/Nijmegen (CR);2024;764138.0;
1184;Totaal mannen en vrouwen;Totaal;Totaal burgerlijke staat;Zuidwest-Gelderland (CR);1988;194885.0;
1185;Totaal mannen en vrouwen;Totaal;Totaal burgerlijke staat;Zuidwest-Gelderland (CR);1989;196898.0;
1186;Totaal mannen en vrouwen;Totaal;Totaal burgerlijke staat;Zuidwest-Gelderland (CR);1990;199063.0;
1187;Totaal mannen en vrouwen;Totaal;Totaal burgerlijke staat;Zuidwest-Gelderland (CR);1991;201414.0;
1188;Totaal mannen en vrouwen;Totaal;Totaal burgerlijke staat;Zuidwest-Gelderland (CR);1992;203475.0;
1189;Totaal mannen en vrouwen;Totaal;Totaal burgerlijke staat;Zuidwest-Gelderland (CR);1993;205837.0;
1190;Totaal mannen en vrouwen;Totaal;Totaal burgerlijke staat;Zuidwest-Gelderland (CR);1994;208491.0;
1191;Totaal mannen en vrouwen;Totaal;Totaal burgerlijke staat;Zuidwest-Gelderland (CR);1995;211245.0;212312.5
1192;Totaal mannen en vrouwen;Totaal;Totaal burgerlijke staat;Zuidwest-Gelderland (CR);1996;213380.0;214422.0
1193;Totaal mannen en vrouwen;Totaal;Totaal burgerlijke staat;Zuidwest-Gelderland (CR);1997;215464.0;216688.0
1194;Totaal mannen en vrouwen;Totaal;Totaal burgerlijke staat;Zuidwest-Gelderland (CR);1998;217912.0;219136.0
1195;Totaal mannen en vrouwen;Totaal;Totaal burgerlijke staat;Zuidwest-Gelderland (CR);1999;220360.0;221710.0
1196;Totaal mannen en vrouwen;Totaal;Totaal burgerlijke staat;Zuidwest-Gelderland (CR);2000;223060.0;224739.5
1197;Totaal mannen en vrouwen;Totaal;Totaal burgerlijke staat;Zuidwest-Gelderland (CR);2001;226419.0;227659.0
1198;Totaal mannen en vrouwen;Totaal;Totaal burgerlijke staat;Zuidwest-Gelderland (CR);2002;228899.0;229554.5
1199;Totaal mannen en vrouwen;Totaal;Totaal burgerlijke staat;Zuidwest-Gelderland (CR);2003;230210.0;230644.0
1200;Totaal mannen en vrouwen;Totaal;Totaal burgerlijke staat;Zuidwest-Gelderland (CR);2004;231078.0;231731.5
1201;Totaal mannen en vrouwen;Totaal;Totaal burgerlijke staat;Zuidwest-Gelderland (CR);2005;232385.0;232730.5
1202;Totaal mannen en vrouwen;Totaal;Totaal burgerlijke staat;Zuidwest-Gelderland (CR);2006;233076.0;233160.5
1203;Totaal mannen en vrouwen;Totaal;Totaal burgerlijke staat;Zuidwest-Gelderland (CR);2007;233245.0;233507.0
1204;Totaal mannen en vrouwen;Totaal;Totaal burgerlijke staat;Zuidwest-Gelderland (CR);2008;233769.0;233958.5
1205;Totaal mannen en vrouwen;Totaal;Totaal burgerlijke staat;Zuidwest-Gelderland (CR);2009;234148.0;234458.5
1206;Totaal mannen en vrouwen;Totaal;Totaal burgerlijke staat;Zuidwest-Gelderland (CR);2010;234769.0;235013.0
1207;Totaal mannen en vrouwen;Totaal;Totaal burgerlijke staat;Zuidwest-Gelderland (CR);2011;235257.0;235629.5
1208;Totaal mannen en vrouwen;Totaal;Totaal burgerlijke staat;Zuidwest-Gelderland (CR);2012;236002.0;236345.0
1209;Totaal mannen en vrouwen;Totaal;Totaal burgerlijke staat;Zuidwest-Gelderland (CR);2013;236688.0;236882.0
1210;Totaal mannen en vrouwen;Totaal;Totaal burgerlijke staat;Zuidwest-Gelderland (CR);2014;237076.0;237312.0
1211;Totaal mannen en vrouwen;Totaal;Totaal burgerlijke staat;Zuidwest-Gelderland (CR);2015;237548.0;237926.5
1212;Totaal mannen en vrouwen;Totaal;Totaal burgerlijke staat;Zuidwest-Gelderland (CR);2016;238305.0;239097.5
1213;Totaal mannen en vrouwen;Totaal;Totaal burgerlijke staat;Zuidwest-Gelderland (CR);2017;239890.0;240567.0
1214;Totaal mannen en vrouwen;Totaal;Totaal burgerlijke staat;Zuidwest-Gelderland (CR);2018;241244.0;242648.0
1215;Totaal mannen en vrouwen;Totaal;Totaal burgerlijke staat;Zuidwest-Gelderland (CR);2019;244052.0;245308.5
1216;Totaal mannen en vrouwen;Totaal;Totaal burgerlijke staat;Zuidwest-Gelderland (CR);2020;246565.0;247619.5
1217;Totaal mannen en vrouwen;Totaal;Totaal burgerlijke staat;Zuidwest-Gelderland (CR);2021;248674.0;249821.0
1218;Totaal mannen en vrouwen;Totaal;Totaal burgerlijke staat;Zuidwest-Gelderland (CR);2022;250968.0;252814.0
1219;Totaal mannen en vrouwen;Totaal;Totaal burgerlijke staat;Zuidwest-Gelderland (CR);2023;254660.0;255157.5
1220;Totaal mannen en vrouwen;Totaal;Totaal burgerlijke staat;Zuidwest-Gelderland (CR);2024;255655.0;
1221;Totaal mannen en vrouwen;Totaal;Totaal burgerlijke staat;Utrecht (CR);1988;965229.0;
1222;Totaal mannen en vrouwen;Totaal;Totaal burgerlijke staat;Utrecht (CR);1989;1004632.0;
1223;Totaal mannen en vrouwen;Totaal;Totaal burgerlijke staat;Utrecht (CR);1990;1015515.0;
1224;Totaal mannen en vrouwen;Totaal;Totaal burgerlijke staat;Utrecht (CR);1991;1026841.0;
1225;Totaal mannen en vrouwen;Totaal;Totaal burgerlijke staat;Utrecht (CR);1992;1037294.0;
1226;Totaal mannen en vrouwen;Totaal;Totaal burgerlijke staat;Utrecht (CR);1993;1047035.0;
1227;Totaal mannen en vrouwen;Totaal;Totaal burgerlijke staat;Utrecht (CR);1994;1056033.0;
1228;Totaal mannen en vrouwen;Totaal;Totaal burgerlijke staat;Utrecht (CR);1995;1063460.0;1067022.5
1229;Totaal mannen en vrouwen;Totaal;Totaal burgerlijke staat;Utrecht (CR);1996;1070585.0;1075006.5
1230;Totaal mannen en vrouwen;Totaal;Totaal burgerlijke staat;Utrecht (CR);1997;1079428.0;1083797.5
1231;Totaal mannen en vrouwen;Totaal;Totaal burgerlijke staat;Utrecht (CR);1998;1088621.0;1093671.5
1232;Totaal mannen en vrouwen;Totaal;Totaal burgerlijke staat;Utrecht (CR);1999;1098722.0;1103285.5
1233;Totaal mannen en vrouwen;Totaal;Totaal burgerlijke staat;Utrecht (CR);2000;1107849.0;1112923.0
1234;Totaal mannen en vrouwen;Totaal;Totaal burgerlijke staat;Utrecht (CR);2001;1117997.0;1123690.5
1235;Totaal mannen en vrouwen;Totaal;Totaal burgerlijke staat;Utrecht (CR);2002;1139925.0;1146071.5
1236;Totaal mannen en vrouwen;Totaal;Totaal burgerlijke staat;Utrecht (CR);2003;1152218.0;1157238.0
1237;Totaal mannen en vrouwen;Totaal;Totaal burgerlijke staat;Utrecht (CR);2004;1162258.0;1166774.5
1238;Totaal mannen en vrouwen;Totaal;Totaal burgerlijke staat;Utrecht (CR);2005;1171291.0;1175665.0
1239;Totaal mannen en vrouwen;Totaal;Totaal burgerlijke staat;Utrecht (CR);2006;1180039.0;1185321.5
1240;Totaal mannen en vrouwen;Totaal;Totaal burgerlijke staat;Utrecht (CR);2007;1190604.0;1195977.0
1241;Totaal mannen en vrouwen;Totaal;Totaal burgerlijke staat;Utrecht (CR);2008;1201350.0;1206109.5
1242;Totaal mannen en vrouwen;Totaal;Totaal burgerlijke staat;Utrecht (CR);2009;1210869.0;1215889.5
1243;Totaal mannen en vrouwen;Totaal;Totaal burgerlijke staat;Utrecht (CR);2010;1220910.0;1224852.0
1244;Totaal mannen en vrouwen;Totaal;Totaal burgerlijke staat;Utrecht (CR);2011;1228794.0;1232953.5
1245;Totaal mannen en vrouwen;Totaal;Totaal burgerlijke staat;Utrecht (CR);2012;1237117.0;1241205.5
1246;Totaal mannen en vrouwen;Totaal;Totaal burgerlijke staat;Utrecht (CR);2013;1245294.0;1249483.0
1247;Totaal mannen en vrouwen;Totaal;Totaal burgerlijke staat;Utrecht (CR);2014;1253672.0;1258622.0
1248;Totaal mannen en vrouwen;Totaal;Totaal burgerlijke staat;Utrecht (CR);2015;1263572.0;1268592.5
1249;Totaal mannen en vrouwen;Totaal;Totaal burgerlijke staat;Utrecht (CR);2016;1273613.0;1279058.5
1250;Totaal mannen en vrouwen;Totaal;Totaal burgerlijke staat;Utrecht (CR);2017;1284504.0;1289994.0
1251;Totaal mannen en vrouwen;Totaal;Totaal burgerlijke staat;Utrecht (CR);2018;1295484.0;1301187.0
1252;Totaal mannen en vrouwen;Totaal;Totaal burgerlijke staat;Utrecht (CR);2019;1342158.0;1348496.0
1253;Totaal mannen en vrouwen;Totaal;Totaal burgerlijke staat;Utrecht (CR);2020;1354834.0;1357993.5
1254;Totaal mannen en vrouwen;Totaal;Totaal burgerlijke staat;Utrecht (CR);2021;1361153.0;1365513.0
1255;Totaal mannen en vrouwen;Totaal;Totaal burgerlijke staat;Utrecht (CR);2022;1369873.0;1378758.0
1256;Totaal mannen en vrouwen;Totaal;Totaal burgerlijke staat;Utrecht (CR);2023;1387643.0;1393850.0
1257;Totaal mannen en vrouwen;Totaal;Totaal burgerlijke staat;Utrecht (CR);2024;1400057.0;
1258;Totaal mannen en vrouwen;Totaal;Totaal burgerlijke staat;Kop van Noord-Holland (CR);1988;324515.0;
1259;Totaal mannen en vrouwen;Totaal;Totaal burgerlijke staat;Kop van Noord-Holland (CR);1989;325848.0;
1260;Totaal mannen en vrouwen;Totaal;Totaal burgerlijke staat;Kop van Noord-Holland (CR);1990;331613.0;
1261;Totaal mannen en vrouwen;Totaal;Totaal burgerlijke staat;Kop van Noord-Holland (CR);1991;333183.0;
1262;Totaal mannen en vrouwen;Totaal;Totaal burgerlijke staat;Kop van Noord-Holland (CR);1992;334933.0;
1263;Totaal mannen en vrouwen;Totaal;Totaal burgerlijke staat;Kop van Noord-Holland (CR);1993;337181.0;
1264;Totaal mannen en vrouwen;Totaal;Totaal burgerlijke staat;Kop van Noord-Holland (CR);1994;339748.0;
1265;Totaal mannen en vrouwen;Totaal;Totaal burgerlijke staat;Kop van Noord-Holland (CR);1995;342641.0;343733.0
1266;Totaal mannen en vrouwen;Totaal;Totaal burgerlijke staat;Kop van Noord-Holland (CR);1996;344825.0;346123.0
1267;Totaal mannen en vrouwen;Totaal;Totaal burgerlijke staat;Kop van Noord-Holland (CR);1997;347421.0;348424.5
1268;Totaal mannen en vrouwen;Totaal;Totaal burgerlijke staat;Kop van Noord-Holland (CR);1998;349428.0;350244.5
1269;Totaal mannen en vrouwen;Totaal;Totaal burgerlijke staat;Kop van Noord-Holland (CR);1999;351061.0;352333.0
1270;Totaal mannen en vrouwen;Totaal;Totaal burgerlijke staat;Kop van Noord-Holland (CR);2000;353605.0;355113.5
1271;Totaal mannen en vrouwen;Totaal;Totaal burgerlijke staat;Kop van Noord-Holland (CR);2001;356622.0;357928.5
1272;Totaal mannen en vrouwen;Totaal;Totaal burgerlijke staat;Kop van Noord-Holland (CR);2002;359235.0;360499.5
1273;Totaal mannen en vrouwen;Totaal;Totaal burgerlijke staat;Kop van Noord-Holland (CR);2003;361764.0;362753.5
1274;Totaal mannen en vrouwen;Totaal;Totaal burgerlijke staat;Kop van Noord-Holland (CR);2004;363743.0;364300.5
1275;Totaal mannen en vrouwen;Totaal;Totaal burgerlijke staat;Kop van Noord-Holland (CR);2005;364858.0;365122.0
1276;Totaal mannen en vrouwen;Totaal;Totaal burgerlijke staat;Kop van Noord-Holland (CR);2006;365386.0;365598.0
1277;Totaal mannen en vrouwen;Totaal;Totaal burgerlijke staat;Kop van Noord-Holland (CR);2007;365810.0;366185.5
1278;Totaal mannen en vrouwen;Totaal;Totaal burgerlijke staat;Kop van Noord-Holland (CR);2008;366561.0;367367.5
1279;Totaal mannen en vrouwen;Totaal;Totaal burgerlijke staat;Kop van Noord-Holland (CR);2009;368174.0;369176.5
1280;Totaal mannen en vrouwen;Totaal;Totaal burgerlijke staat;Kop van Noord-Holland (CR);2010;370179.0;370609.0
1281;Totaal mannen en vrouwen;Totaal;Totaal burgerlijke staat;Kop van Noord-Holland (CR);2011;371039.0;371528.0
1282;Totaal mannen en vrouwen;Totaal;Totaal burgerlijke staat;Kop van Noord-Holland (CR);2012;372017.0;371941.0
1283;Totaal mannen en vrouwen;Totaal;Totaal burgerlijke staat;Kop van Noord-Holland (CR);2013;371865.0;371740.5
1284;Totaal mannen en vrouwen;Totaal;Totaal burgerlijke staat;Kop van Noord-Holland (CR);2014;371616.0;371855.5
1285;Totaal mannen en vrouwen;Totaal;Totaal burgerlijke staat;Kop van Noord-Holland (CR);2015;372095.0;372350.5
1286;Totaal mannen en vrouwen;Totaal;Totaal burgerlijke staat;Kop van Noord-Holland (CR);2016;372606.0;372936.0
1287;Totaal mannen en vrouwen;Totaal;Totaal burgerlijke staat;Kop van Noord-Holland (CR);2017;373266.0;373863.5
1288;Totaal mannen en vrouwen;Totaal;Totaal burgerlijke staat;Kop van Noord-Holland (CR);2018;374461.0;375060.0
1289;Totaal mannen en vrouwen;Totaal;Totaal burgerlijke staat;Kop van Noord-Holland (CR);2019;375659.0;376714.0
1290;Totaal mannen en vrouwen;Totaal;Totaal burgerlijke staat;Kop van Noord-Holland (CR);2020;377769.0;378536.5
1291;Totaal mannen en vrouwen;Totaal;Totaal burgerlijke staat;Kop van Noord-Holland (CR);2021;379304.0;380185.0
1292;Totaal mannen en vrouwen;Totaal;Totaal burgerlijke staat;Kop van Noord-Holland (CR);2022;381066.0;383404.5
1293;Totaal mannen en vrouwen;Totaal;Totaal burgerlijke staat;Kop van Noord-Holland (CR);2023;385743.0;386148.5
1294;Totaal mannen en vrouwen;Totaal;Totaal burgerlijke staat;Kop van Noord-Holland (CR);2024;386554.0;
1295;Totaal mannen en vrouwen;Totaal;Totaal burgerlijke staat;Alkmaar en omgeving (CR);1988;215510.0;
1296;Totaal mannen en vrouwen;Totaal;Totaal burgerlijke staat;Alkmaar en omgeving (CR);1989;216954.0;
1297;Totaal mannen en vrouwen;Totaal;Totaal burgerlijke staat;Alkmaar en omgeving (CR);1990;213635.0;
1298;Totaal mannen en vrouwen;Totaal;Totaal burgerlijke staat;Alkmaar en omgeving (CR);1991;215365.0;
1299;Totaal mannen en vrouwen;Totaal;Totaal burgerlijke staat;Alkmaar en omgeving (CR);1992;217436.0;
1300;Totaal mannen en vrouwen;Totaal;Totaal burgerlijke staat;Alkmaar en omgeving (CR);1993;219449.0;
1301;Totaal mannen en vrouwen;Totaal;Totaal burgerlijke staat;Alkmaar en omgeving (CR);1994;221585.0;
1302;Totaal mannen en vrouwen;Totaal;Totaal burgerlijke staat;Alkmaar en omgeving (CR);1995;223298.0;224249.0
1303;Totaal mannen en vrouwen;Totaal;Totaal burgerlijke staat;Alkmaar en omgeving (CR);1996;225200.0;225731.0
1304;Totaal mannen en vrouwen;Totaal;Totaal burgerlijke staat;Alkmaar en omgeving (CR);1997;226262.0;226935.0
1305;Totaal mannen en vrouwen;Totaal;Totaal burgerlijke staat;Alkmaar en omgeving (CR);1998;227608.0;228349.0
1306;Totaal mannen en vrouwen;Totaal;Totaal burgerlijke staat;Alkmaar en omgeving (CR);1999;229090.0;229849.5
1307;Totaal mannen en vrouwen;Totaal;Totaal burgerlijke staat;Alkmaar en omgeving (CR);2000;230609.0;231731.5
1308;Totaal mannen en vrouwen;Totaal;Totaal burgerlijke staat;Alkmaar en omgeving (CR);2001;232854.0;233840.5
1309;Totaal mannen en vrouwen;Totaal;Totaal burgerlijke staat;Alkmaar en omgeving (CR);2002;222980.0;223458.0
1310;Totaal mannen en vrouwen;Totaal;Totaal burgerlijke staat;Alkmaar en omgeving (CR);2003;223936.0;224635.0
1311;Totaal mannen en vrouwen;Totaal;Totaal burgerlijke staat;Alkmaar en omgeving (CR);2004;225334.0;226241.0
1312;Totaal mannen en vrouwen;Totaal;Totaal burgerlijke staat;Alkmaar en omgeving (CR);2005;227148.0;227750.5
1313;Totaal mannen en vrouwen;Totaal;Totaal burgerlijke staat;Alkmaar en omgeving (CR);2006;228353.0;228355.5
1314;Totaal mannen en vrouwen;Totaal;Totaal burgerlijke staat;Alkmaar en omgeving (CR);2007;228358.0;228611.0
1315;Totaal mannen en vrouwen;Totaal;Totaal burgerlijke staat;Alkmaar en omgeving (CR);2008;228864.0;229371.5
1316;Totaal mannen en vrouwen;Totaal;Totaal burgerlijke staat;Alkmaar en omgeving (CR);2009;229879.0;230334.5
1317;Totaal mannen en vrouwen;Totaal;Totaal burgerlijke staat;Alkmaar en omgeving (CR);2010;230790.0;231257.5
1318;Totaal mannen en vrouwen;Totaal;Totaal burgerlijke staat;Alkmaar en omgeving (CR);2011;231725.0;232128.0
1319;Totaal mannen en vrouwen;Totaal;Totaal burgerlijke staat;Alkmaar en omgeving (CR);2012;232531.0;232628.0
1320;Totaal mannen en vrouwen;Totaal;Totaal burgerlijke staat;Alkmaar en omgeving (CR);2013;232725.0;233042.0
1321;Totaal mannen en vrouwen;Totaal;Totaal burgerlijke staat;Alkmaar en omgeving (CR);2014;233359.0;233729.0
1322;Totaal mannen en vrouwen;Totaal;Totaal burgerlijke staat;Alkmaar en omgeving (CR);2015;240505.0;241063.0
1323;Totaal mannen en vrouwen;Totaal;Totaal burgerlijke staat;Alkmaar en omgeving (CR);2016;241621.0;242626.5
1324;Totaal mannen en vrouwen;Totaal;Totaal burgerlijke staat;Alkmaar en omgeving (CR);2017;243632.0;244414.0
1325;Totaal mannen en vrouwen;Totaal;Totaal burgerlijke staat;Alkmaar en omgeving (CR);2018;245196.0;245963.0
1326;Totaal mannen en vrouwen;Totaal;Totaal burgerlijke staat;Alkmaar en omgeving (CR);2019;246730.0;247861.5
1327;Totaal mannen en vrouwen;Totaal;Totaal burgerlijke staat;Alkmaar en omgeving (CR);2020;248993.0;249735.0
1328;Totaal mannen en vrouwen;Totaal;Totaal burgerlijke staat;Alkmaar en omgeving (CR);2021;250477.0;251547.5
1329;Totaal mannen en vrouwen;Totaal;Totaal burgerlijke staat;Alkmaar en omgeving (CR);2022;252618.0;253947.0
1330;Totaal mannen en vrouwen;Totaal;Totaal burgerlijke staat;Alkmaar en omgeving (CR);2023;255276.0;255950.0
1331;Totaal mannen en vrouwen;Totaal;Totaal burgerlijke staat;Alkmaar en omgeving (CR);2024;256624.0;
1332;Totaal mannen en vrouwen;Totaal;Totaal burgerlijke staat;IJmond (CR);1988;157100.0;
1333;Totaal mannen en vrouwen;Totaal;Totaal burgerlijke staat;IJmond (CR);1989;157808.0;
1334;Totaal mannen en vrouwen;Totaal;Totaal burgerlijke staat;IJmond (CR);1990;159103.0;
1335;Totaal mannen en vrouwen;Totaal;Totaal burgerlijke staat;IJmond (CR);1991;160968.0;
1336;Totaal mannen en vrouwen;Totaal;Totaal burgerlijke staat;IJmond (CR);1992;162869.0;
1337;Totaal mannen en vrouwen;Totaal;Totaal burgerlijke staat;IJmond (CR);1993;164767.0;
1338;Totaal mannen en vrouwen;Totaal;Totaal burgerlijke staat;IJmond (CR);1994;166375.0;
1339;Totaal mannen en vrouwen;Totaal;Totaal burgerlijke staat;IJmond (CR);1995;167639.0;168438.0
1340;Totaal mannen en vrouwen;Totaal;Totaal burgerlijke staat;IJmond (CR);1996;169237.0;169638.5
1341;Totaal mannen en vrouwen;Totaal;Totaal burgerlijke staat;IJmond (CR);1997;170040.0;170358.0
1342;Totaal mannen en vrouwen;Totaal;Totaal burgerlijke staat;IJmond (CR);1998;170676.0;171132.0
1343;Totaal mannen en vrouwen;Totaal;Totaal burgerlijke staat;IJmond (CR);1999;171588.0;172041.5
1344;Totaal mannen en vrouwen;Totaal;Totaal burgerlijke staat;IJmond (CR);2000;172495.0;173142.5
1345;Totaal mannen en vrouwen;Totaal;Totaal burgerlijke staat;IJmond (CR);2001;173790.0;174178.0
1346;Totaal mannen en vrouwen;Totaal;Totaal burgerlijke staat;IJmond (CR);2002;186413.0;186934.5
1347;Totaal mannen en vrouwen;Totaal;Totaal burgerlijke staat;IJmond (CR);2003;187456.0;187730.5
1348;Totaal mannen en vrouwen;Totaal;Totaal burgerlijke staat;IJmond (CR);2004;188005.0;187849.0
1349;Totaal mannen en vrouwen;Totaal;Totaal burgerlijke staat;IJmond (CR);2005;187693.0;188137.5
1350;Totaal mannen en vrouwen;Totaal;Totaal burgerlijke staat;IJmond (CR);2006;188582.0;188991.0
1351;Totaal mannen en vrouwen;Totaal;Totaal burgerlijke staat;IJmond (CR);2007;189400.0;189797.0
1352;Totaal mannen en vrouwen;Totaal;Totaal burgerlijke staat;IJmond (CR);2008;190194.0;190832.0
1353;Totaal mannen en vrouwen;Totaal;Totaal burgerlijke staat;IJmond (CR);2009;191470.0;191899.0
1354;Totaal mannen en vrouwen;Totaal;Totaal burgerlijke staat;IJmond (CR);2010;192328.0;192811.0
1355;Totaal mannen en vrouwen;Totaal;Totaal burgerlijke staat;IJmond (CR);2011;193294.0;193531.5
1356;Totaal mannen en vrouwen;Totaal;Totaal burgerlijke staat;IJmond (CR);2012;193769.0;193770.5
1357;Totaal mannen en vrouwen;Totaal;Totaal burgerlijke staat;IJmond (CR);2013;193772.0;193847.5
1358;Totaal mannen en vrouwen;Totaal;Totaal burgerlijke staat;IJmond (CR);2014;193923.0;194030.5
1359;Totaal mannen en vrouwen;Totaal;Totaal burgerlijke staat;IJmond (CR);2015;194138.0;194583.5
1360;Totaal mannen en vrouwen;Totaal;Totaal burgerlijke staat;IJmond (CR);2016;195029.0;195604.5
1361;Totaal mannen en vrouwen;Totaal;Totaal burgerlijke staat;IJmond (CR);2017;196180.0;196681.0
1362;Totaal mannen en vrouwen;Totaal;Totaal burgerlijke staat;IJmond (CR);2018;197182.0;197585.0
1363;Totaal mannen en vrouwen;Totaal;Totaal burgerlijke staat;IJmond (CR);2019;197988.0;198548.0
1364;Totaal mannen en vrouwen;Totaal;Totaal burgerlijke staat;IJmond (CR);2020;199108.0;199248.5
1365;Totaal mannen en vrouwen;Totaal;Totaal burgerlijke staat;IJmond (CR);2021;199389.0;199485.0
1366;Totaal mannen en vrouwen;Totaal;Totaal burgerlijke staat;IJmond (CR);2022;199581.0;200165.0
1367;Totaal mannen en vrouwen;Totaal;Totaal burgerlijke staat;IJmond (CR);2023;200749.0;201037.0
1368;Totaal mannen en vrouwen;Totaal;Totaal burgerlijke staat;IJmond (CR);2024;201325.0;
1369;Totaal mannen en vrouwen;Totaal;Totaal burgerlijke staat;Agglomeratie Haarlem (CR);1988;218462.0;
1370;Totaal mannen en vrouwen;Totaal;Totaal burgerlijke staat;Agglomeratie Haarlem (CR);1989;218994.0;
1371;Totaal mannen en vrouwen;Totaal;Totaal burgerlijke staat;Agglomeratie Haarlem (CR);1990;219103.0;
1372;Totaal mannen en vrouwen;Totaal;Totaal burgerlijke staat;Agglomeratie Haarlem (CR);1991;219594.0;
1373;Totaal mannen en vrouwen;Totaal;Totaal burgerlijke staat;Agglomeratie Haarlem (CR);1992;219570.0;
1374;Totaal mannen en vrouwen;Totaal;Totaal burgerlijke staat;Agglomeratie Haarlem (CR);1993;218965.0;
1375;Totaal mannen en vrouwen;Totaal;Totaal burgerlijke staat;Agglomeratie Haarlem (CR);1994;219507.0;
1376;Totaal mannen en vrouwen;Totaal;Totaal burgerlijke staat;Agglomeratie Haarlem (CR);1995;218010.0;217245.5
1377;Totaal mannen en vrouwen;Totaal;Totaal burgerlijke staat;Agglomeratie Haarlem (CR);1996;216481.0;216467.0
1378;Totaal mannen en vrouwen;Totaal;Totaal burgerlijke staat;Agglomeratie Haarlem (CR);1997;216338.0;216359.5
1379;Totaal mannen en vrouwen;Totaal;Totaal burgerlijke staat;Agglomeratie Haarlem (CR);1998;216381.0;216577.0
1380;Totaal mannen en vrouwen;Totaal;Totaal burgerlijke staat;Agglomeratie Haarlem (CR);1999;216773.0;217103.5
1381;Totaal mannen en vrouwen;Totaal;Totaal burgerlijke staat;Agglomeratie Haarlem (CR);2000;217434.0;217873.0
1382;Totaal mannen en vrouwen;Totaal;Totaal burgerlijke staat;Agglomeratie Haarlem (CR);2001;218312.0;218411.5
1383;Totaal mannen en vrouwen;Totaal;Totaal burgerlijke staat;Agglomeratie Haarlem (CR);2002;218511.0;218058.5
1384;Totaal mannen en vrouwen;Totaal;Totaal burgerlijke staat;Agglomeratie Haarlem (CR);2003;217606.0;217589.0
1385;Totaal mannen en vrouwen;Totaal;Totaal burgerlijke staat;Agglomeratie Haarlem (CR);2004;217572.0;217183.0
1386;Totaal mannen en vrouwen;Totaal;Totaal burgerlijke staat;Agglomeratie Haarlem (CR);2005;216794.0;216852.0
1387;Totaal mannen en vrouwen;Totaal;Totaal burgerlijke staat;Agglomeratie Haarlem (CR);2006;216910.0;216836.0
1388;Totaal mannen en vrouwen;Totaal;Totaal burgerlijke staat;Agglomeratie Haarlem (CR);2007;216762.0;217044.5
1389;Totaal mannen en vrouwen;Totaal;Totaal burgerlijke staat;Agglomeratie Haarlem (CR);2008;217327.0;217652.0
1390;Totaal mannen en vrouwen;Totaal;Totaal burgerlijke staat;Agglomeratie Haarlem (CR);2009;217977.0;218833.5
1391;Totaal mannen en vrouwen;Totaal;Totaal burgerlijke staat;Agglomeratie Haarlem (CR);2010;219690.0;220380.0
1392;Totaal mannen en vrouwen;Totaal;Totaal burgerlijke staat;Agglomeratie Haarlem (CR);2011;221070.0;221655.5
1393;Totaal mannen en vrouwen;Totaal;Totaal burgerlijke staat;Agglomeratie Haarlem (CR);2012;222241.0;222982.5
1394;Totaal mannen en vrouwen;Totaal;Totaal burgerlijke staat;Agglomeratie Haarlem (CR);2013;223724.0;224702.0
1395;Totaal mannen en vrouwen;Totaal;Totaal burgerlijke staat;Agglomeratie Haarlem (CR);2014;225680.0;226663.5
1396;Totaal mannen en vrouwen;Totaal;Totaal burgerlijke staat;Agglomeratie Haarlem (CR);2015;227647.0;228609.5
1397;Totaal mannen en vrouwen;Totaal;Totaal burgerlijke staat;Agglomeratie Haarlem (CR);2016;229572.0;230563.5
1398;Totaal mannen en vrouwen;Totaal;Totaal burgerlijke staat;Agglomeratie Haarlem (CR);2017;231555.0;232194.5
1399;Totaal mannen en vrouwen;Totaal;Totaal burgerlijke staat;Agglomeratie Haarlem (CR);2018;232834.0;233986.5
1400;Totaal mannen en vrouwen;Totaal;Totaal burgerlijke staat;Agglomeratie Haarlem (CR);2019;228972.0;229897.5
1401;Totaal mannen en vrouwen;Totaal;Totaal burgerlijke staat;Agglomeratie Haarlem (CR);2020;230823.0;230778.5
1402;Totaal mannen en vrouwen;Totaal;Totaal burgerlijke staat;Agglomeratie Haarlem (CR);2021;230734.0;231014.0
1403;Totaal mannen en vrouwen;Totaal;Totaal burgerlijke staat;Agglomeratie Haarlem (CR);2022;231294.0;232966.0
1404;Totaal mannen en vrouwen;Totaal;Totaal burgerlijke staat;Agglomeratie Haarlem (CR);2023;234638.0;235561.0
1405;Totaal mannen en vrouwen;Totaal;Totaal burgerlijke staat;Agglomeratie Haarlem (CR);2024;236484.0;
1406;Totaal mannen en vrouwen;Totaal;Totaal burgerlijke staat;Zaanstreek (CR);1988;141016.0;
1407;Totaal mannen en vrouwen;Totaal;Totaal burgerlijke staat;Zaanstreek (CR);1989;141834.0;
1408;Totaal mannen en vrouwen;Totaal;Totaal burgerlijke staat;Zaanstreek (CR);1990;142337.0;
1409;Totaal mannen en vrouwen;Totaal;Totaal burgerlijke staat;Zaanstreek (CR);1991;144575.0;
1410;Totaal mannen en vrouwen;Totaal;Totaal burgerlijke staat;Zaanstreek (CR);1992;145284.0;
1411;Totaal mannen en vrouwen;Totaal;Totaal burgerlijke staat;Zaanstreek (CR);1993;145991.0;
1412;Totaal mannen en vrouwen;Totaal;Totaal burgerlijke staat;Zaanstreek (CR);1994;146808.0;
1413;Totaal mannen en vrouwen;Totaal;Totaal burgerlijke staat;Zaanstreek (CR);1995;147917.0;148109.0
1414;Totaal mannen en vrouwen;Totaal;Totaal burgerlijke staat;Zaanstreek (CR);1996;148301.0;148651.0
1415;Totaal mannen en vrouwen;Totaal;Totaal burgerlijke staat;Zaanstreek (CR);1997;149001.0;149206.5
1416;Totaal mannen en vrouwen;Totaal;Totaal burgerlijke staat;Zaanstreek (CR);1998;149412.0;149736.5
1417;Totaal mannen en vrouwen;Totaal;Totaal burgerlijke staat;Zaanstreek (CR);1999;150061.0;150512.5
1418;Totaal mannen en vrouwen;Totaal;Totaal burgerlijke staat;Zaanstreek (CR);2000;150964.0;151231.0
1419;Totaal mannen en vrouwen;Totaal;Totaal burgerlijke staat;Zaanstreek (CR);2001;151498.0;152317.0
1420;Totaal mannen en vrouwen;Totaal;Totaal burgerlijke staat;Zaanstreek (CR);2002;153136.0;154055.0
1421;Totaal mannen en vrouwen;Totaal;Totaal burgerlijke staat;Zaanstreek (CR);2003;154974.0;155256.5
1422;Totaal mannen en vrouwen;Totaal;Totaal burgerlijke staat;Zaanstreek (CR);2004;155539.0;155596.0
1423;Totaal mannen en vrouwen;Totaal;Totaal burgerlijke staat;Zaanstreek (CR);2005;155653.0;155859.5
1424;Totaal mannen en vrouwen;Totaal;Totaal burgerlijke staat;Zaanstreek (CR);2006;156066.0;156662.0
1425;Totaal mannen en vrouwen;Totaal;Totaal burgerlijke staat;Zaanstreek (CR);2007;157258.0;158011.0
1426;Totaal mannen en vrouwen;Totaal;Totaal burgerlijke staat;Zaanstreek (CR);2008;158764.0;159359.5
1427;Totaal mannen en vrouwen;Totaal;Totaal burgerlijke staat;Zaanstreek (CR);2009;159955.0;160574.5
1428;Totaal mannen en vrouwen;Totaal;Totaal burgerlijke staat;Zaanstreek (CR);2010;161194.0;161967.5
1429;Totaal mannen en vrouwen;Totaal;Totaal burgerlijke staat;Zaanstreek (CR);2011;162741.0;163401.5
1430;Totaal mannen en vrouwen;Totaal;Totaal burgerlijke staat;Zaanstreek (CR);2012;164062.0;164712.0
1431;Totaal mannen en vrouwen;Totaal;Totaal burgerlijke staat;Zaanstreek (CR);2013;165362.0;165868.5
1432;Totaal mannen en vrouwen;Totaal;Totaal burgerlijke staat;Zaanstreek (CR);2014;166375.0;166766.5
1433;Totaal mannen en vrouwen;Totaal;Totaal burgerlijke staat;Zaanstreek (CR);2015;167158.0;167644.0
1434;Totaal mannen en vrouwen;Totaal;Totaal burgerlijke staat;Zaanstreek (CR);2016;168130.0;168814.5
1435;Totaal mannen en vrouwen;Totaal;Totaal burgerlijke staat;Zaanstreek (CR);2017;169499.0;170179.5
1436;Totaal mannen en vrouwen;Totaal;Totaal burgerlijke staat;Zaanstreek (CR);2018;170860.0;171537.0
1437;Totaal mannen en vrouwen;Totaal;Totaal burgerlijke staat;Zaanstreek (CR);2019;172214.0;172639.0
1438;Totaal mannen en vrouwen;Totaal;Totaal burgerlijke staat;Zaanstreek (CR);2020;173064.0;173149.0
1439;Totaal mannen en vrouwen;Totaal;Totaal burgerlijke staat;Zaanstreek (CR);2021;173234.0;173390.5
1440;Totaal mannen en vrouwen;Totaal;Totaal burgerlijke staat;Zaanstreek (CR);2022;173547.0;174888.5
1441;Totaal mannen en vrouwen;Totaal;Totaal burgerlijke staat;Zaanstreek (CR);2023;176230.0;177085.5
1442;Totaal mannen en vrouwen;Totaal;Totaal burgerlijke staat;Zaanstreek (CR);2024;177941.0;
1443;Totaal mannen en vrouwen;Totaal;Totaal burgerlijke staat;Groot-Amsterdam (CR);1988;1059149.0;
1444;Totaal mannen en vrouwen;Totaal;Totaal burgerlijke staat;Groot-Amsterdam (CR);1989;1067088.0;
1445;Totaal mannen en vrouwen;Totaal;Totaal burgerlijke staat;Groot-Amsterdam (CR);1990;1074347.0;
1446;Totaal mannen en vrouwen;Totaal;Totaal burgerlijke staat;Groot-Amsterdam (CR);1991;1087913.0;
1447;Totaal mannen en vrouwen;Totaal;Totaal burgerlijke staat;Groot-Amsterdam (CR);1992;1106043.0;
1448;Totaal mannen en vrouwen;Totaal;Totaal burgerlijke staat;Groot-Amsterdam (CR);1993;1118612.0;
1449;Totaal mannen en vrouwen;Totaal;Totaal burgerlijke staat;Groot-Amsterdam (CR);1994;1128005.0;
1450;Totaal mannen en vrouwen;Totaal;Totaal burgerlijke staat;Groot-Amsterdam (CR);1995;1129760.0;1130394.5
1451;Totaal mannen en vrouwen;Totaal;Totaal burgerlijke staat;Groot-Amsterdam (CR);1996;1131029.0;1131786.0
1452;Totaal mannen en vrouwen;Totaal;Totaal burgerlijke staat;Groot-Amsterdam (CR);1997;1132658.0;1136317.0
1453;Totaal mannen en vrouwen;Totaal;Totaal burgerlijke staat;Groot-Amsterdam (CR);1998;1139976.0;1145903.0
1454;Totaal mannen en vrouwen;Totaal;Totaal burgerlijke staat;Groot-Amsterdam (CR);1999;1151830.0;1156204.0
1455;Totaal mannen en vrouwen;Totaal;Totaal burgerlijke staat;Groot-Amsterdam (CR);2000;1160578.0;1164608.5
1456;Totaal mannen en vrouwen;Totaal;Totaal burgerlijke staat;Groot-Amsterdam (CR);2001;1168639.0;1172660.5
1457;Totaal mannen en vrouwen;Totaal;Totaal burgerlijke staat;Groot-Amsterdam (CR);2002;1176682.0;1180834.5
1458;Totaal mannen en vrouwen;Totaal;Totaal burgerlijke staat;Groot-Amsterdam (CR);2003;1184987.0;1189810.5
1459;Totaal mannen en vrouwen;Totaal;Totaal burgerlijke staat;Groot-Amsterdam (CR);2004;1194634.0;1199585.0
1460;Totaal mannen en vrouwen;Totaal;Totaal burgerlijke staat;Groot-Amsterdam (CR);2005;1204536.0;1207003.5
1461;Totaal mannen en vrouwen;Totaal;Totaal burgerlijke staat;Groot-Amsterdam (CR);2006;1209471.0;1211503.0
1462;Totaal mannen en vrouwen;Totaal;Totaal burgerlijke staat;Groot-Amsterdam (CR);2007;1213535.0;1217920.0
1463;Totaal mannen en vrouwen;Totaal;Totaal burgerlijke staat;Groot-Amsterdam (CR);2008;1222305.0;1228909.5
1464;Totaal mannen en vrouwen;Totaal;Totaal burgerlijke staat;Groot-Amsterdam (CR);2009;1235514.0;1243420.5
1465;Totaal mannen en vrouwen;Totaal;Totaal burgerlijke staat;Groot-Amsterdam (CR);2010;1251327.0;1259227.5
1466;Totaal mannen en vrouwen;Totaal;Totaal burgerlijke staat;Groot-Amsterdam (CR);2011;1267128.0;1273649.0
1467;Totaal mannen en vrouwen;Totaal;Totaal burgerlijke staat;Groot-Amsterdam (CR);2012;1280160.0;1285947.5
1468;Totaal mannen en vrouwen;Totaal;Totaal burgerlijke staat;Groot-Amsterdam (CR);2013;1291735.0;1298521.0
1469;Totaal mannen en vrouwen;Totaal;Totaal burgerlijke staat;Groot-Amsterdam (CR);2014;1305307.0;1312801.0
1470;Totaal mannen en vrouwen;Totaal;Totaal burgerlijke staat;Groot-Amsterdam (CR);2015;1313889.0;1321730.5
1471;Totaal mannen en vrouwen;Totaal;Totaal burgerlijke staat;Groot-Amsterdam (CR);2016;1329572.0;1337115.5
1472;Totaal mannen en vrouwen;Totaal;Totaal burgerlijke staat;Groot-Amsterdam (CR);2017;1344659.0;1351167.0
1473;Totaal mannen en vrouwen;Totaal;Totaal burgerlijke staat;Groot-Amsterdam (CR);2018;1357675.0;1364167.0
1474;Totaal mannen en vrouwen;Totaal;Totaal burgerlijke staat;Groot-Amsterdam (CR);2019;1376826.0;1384760.5
1475;Totaal mannen en vrouwen;Totaal;Totaal burgerlijke staat;Groot-Amsterdam (CR);2020;1392695.0;1394467.0
1476;Totaal mannen en vrouwen;Totaal;Totaal burgerlijke staat;Groot-Amsterdam (CR);2021;1396239.0;1403648.0
1477;Totaal mannen en vrouwen;Totaal;Totaal burgerlijke staat;Groot-Amsterdam (CR);2022;1411057.0;1433622.0
1478;Totaal mannen en vrouwen;Totaal;Totaal burgerlijke staat;Groot-Amsterdam (CR);2023;1456187.0;1464490.0
1479;Totaal mannen en vrouwen;Totaal;Totaal burgerlijke staat;Groot-Amsterdam (CR);2024;1472793.0;
1480;Totaal mannen en vrouwen;Totaal;Totaal burgerlijke staat;Het Gooi en Vechtstreek (CR);1988;237136.0;
1481;Totaal mannen en vrouwen;Totaal;Totaal burgerlijke staat;Het Gooi en Vechtstreek (CR);1989;236634.0;
1482;Totaal mannen en vrouwen;Totaal;Totaal burgerlijke staat;Het Gooi en Vechtstreek (CR);1990;235877.0;
1483;Totaal mannen en vrouwen;Totaal;Totaal burgerlijke staat;Het Gooi en Vechtstreek (CR);1991;235490.0;
1484;Totaal mannen en vrouwen;Totaal;Totaal burgerlijke staat;Het Gooi en Vechtstreek (CR);1992;235530.0;
1485;Totaal mannen en vrouwen;Totaal;Totaal burgerlijke staat;Het Gooi en Vechtstreek (CR);1993;235200.0;
1486;Totaal mannen en vrouwen;Totaal;Totaal burgerlijke staat;Het Gooi en Vechtstreek (CR);1994;235301.0;
1487;Totaal mannen en vrouwen;Totaal;Totaal burgerlijke staat;Het Gooi en Vechtstreek (CR);1995;234346.0;233852.5
1488;Totaal mannen en vrouwen;Totaal;Totaal burgerlijke staat;Het Gooi en Vechtstreek (CR);1996;233359.0;233196.5
1489;Totaal mannen en vrouwen;Totaal;Totaal burgerlijke staat;Het Gooi en Vechtstreek (CR);1997;233034.0;232829.0
1490;Totaal mannen en vrouwen;Totaal;Totaal burgerlijke staat;Het Gooi en Vechtstreek (CR);1998;232624.0;232689.5
1491;Totaal mannen en vrouwen;Totaal;Totaal burgerlijke staat;Het Gooi en Vechtstreek (CR);1999;232755.0;232712.0
1492;Totaal mannen en vrouwen;Totaal;Totaal burgerlijke staat;Het Gooi en Vechtstreek (CR);2000;232669.0;232776.5
1493;Totaal mannen en vrouwen;Totaal;Totaal burgerlijke staat;Het Gooi en Vechtstreek (CR);2001;232884.0;233251.0
1494;Totaal mannen en vrouwen;Totaal;Totaal burgerlijke staat;Het Gooi en Vechtstreek (CR);2002;242520.0;242458.5
1495;Totaal mannen en vrouwen;Totaal;Totaal burgerlijke staat;Het Gooi en Vechtstreek (CR);2003;242397.0;242417.5
1496;Totaal mannen en vrouwen;Totaal;Totaal burgerlijke staat;Het Gooi en Vechtstreek (CR);2004;242438.0;242429.5
1497;Totaal mannen en vrouwen;Totaal;Totaal burgerlijke staat;Het Gooi en Vechtstreek (CR);2005;242421.0;242118.5
1498;Totaal mannen en vrouwen;Totaal;Totaal burgerlijke staat;Het Gooi en Vechtstreek (CR);2006;241816.0;241881.5
1499;Totaal mannen en vrouwen;Totaal;Totaal burgerlijke staat;Het Gooi en Vechtstreek (CR);2007;241947.0;242047.5
1500;Totaal mannen en vrouwen;Totaal;Totaal burgerlijke staat;Het Gooi en Vechtstreek (CR);2008;242148.0;242812.0
1501;Totaal mannen en vrouwen;Totaal;Totaal burgerlijke staat;Het Gooi en Vechtstreek (CR);2009;243476.0;243526.0
1502;Totaal mannen en vrouwen;Totaal;Totaal burgerlijke staat;Het Gooi en Vechtstreek (CR);2010;243576.0;244028.0
1503;Totaal mannen en vrouwen;Totaal;Totaal burgerlijke staat;Het Gooi en Vechtstreek (CR);2011;244480.0;244763.0
1504;Totaal mannen en vrouwen;Totaal;Totaal burgerlijke staat;Het Gooi en Vechtstreek (CR);2012;245042.0;245079.5
1505;Totaal mannen en vrouwen;Totaal;Totaal burgerlijke staat;Het Gooi en Vechtstreek (CR);2013;245117.0;245113.0
1506;Totaal mannen en vrouwen;Totaal;Totaal burgerlijke staat;Het Gooi en Vechtstreek (CR);2014;245109.0;245803.0
1507;Totaal mannen en vrouwen;Totaal;Totaal burgerlijke staat;Het Gooi en Vechtstreek (CR);2015;246497.0;247410.5
1508;Totaal mannen en vrouwen;Totaal;Totaal burgerlijke staat;Het Gooi en Vechtstreek (CR);2016;248324.0;249508.0
1509;Totaal mannen en vrouwen;Totaal;Totaal burgerlijke staat;Het Gooi en Vechtstreek (CR);2017;250692.0;251833.0
1510;Totaal mannen en vrouwen;Totaal;Totaal burgerlijke staat;Het Gooi en Vechtstreek (CR);2018;252974.0;253972.0
1511;Totaal mannen en vrouwen;Totaal;Totaal burgerlijke staat;Het Gooi en Vechtstreek (CR);2019;254970.0;256022.5
1512;Totaal mannen en vrouwen;Totaal;Totaal burgerlijke staat;Het Gooi en Vechtstreek (CR);2020;257075.0;258092.0
1513;Totaal mannen en vrouwen;Totaal;Totaal burgerlijke staat;Het Gooi en Vechtstreek (CR);2021;259109.0;259886.5
1514;Totaal mannen en vrouwen;Totaal;Totaal burgerlijke staat;Het Gooi en Vechtstreek (CR);2022;260664.0;252231.5
1515;Totaal mannen en vrouwen;Totaal;Totaal burgerlijke staat;Het Gooi en Vechtstreek (CR);2023;243799.0;244282.5
1516;Totaal mannen en vrouwen;Totaal;Totaal burgerlijke staat;Het Gooi en Vechtstreek (CR);2024;244766.0;
1517;Totaal mannen en vrouwen;Totaal;Totaal burgerlijke staat;Agglomeratie Leiden en Bollenstreek (CR);1988;356915.0;
1518;Totaal mannen en vrouwen;Totaal;Totaal burgerlijke staat;Agglomeratie Leiden en Bollenstreek (CR);1989;360230.0;
1519;Totaal mannen en vrouwen;Totaal;Totaal burgerlijke staat;Agglomeratie Leiden en Bollenstreek (CR);1990;363305.0;
1520;Totaal mannen en vrouwen;Totaal;Totaal burgerlijke staat;Agglomeratie Leiden en Bollenstreek (CR);1991;366293.0;
1521;Totaal mannen en vrouwen;Totaal;Totaal burgerlijke staat;Agglomeratie Leiden en Bollenstreek (CR);1992;369025.0;
1522;Totaal mannen en vrouwen;Totaal;Totaal burgerlijke staat;Agglomeratie Leiden en Bollenstreek (CR);1993;371848.0;
1523;Totaal mannen en vrouwen;Totaal;Totaal burgerlijke staat;Agglomeratie Leiden en Bollenstreek (CR);1994;374393.0;
1524;Totaal mannen en vrouwen;Totaal;Totaal burgerlijke staat;Agglomeratie Leiden en Bollenstreek (CR);1995;375823.0;376767.0
1525;Totaal mannen en vrouwen;Totaal;Totaal burgerlijke staat;Agglomeratie Leiden en Bollenstreek (CR);1996;377711.0;378776.5
1526;Totaal mannen en vrouwen;Totaal;Totaal burgerlijke staat;Agglomeratie Leiden en Bollenstreek (CR);1997;379842.0;380391.5
1527;Totaal mannen en vrouwen;Totaal;Totaal burgerlijke staat;Agglomeratie Leiden en Bollenstreek (CR);1998;380941.0;381921.0
1528;Totaal mannen en vrouwen;Totaal;Totaal burgerlijke staat;Agglomeratie Leiden en Bollenstreek (CR);1999;382901.0;383744.5
1529;Totaal mannen en vrouwen;Totaal;Totaal burgerlijke staat;Agglomeratie Leiden en Bollenstreek (CR);2000;384588.0;385497.0
1530;Totaal mannen en vrouwen;Totaal;Totaal burgerlijke staat;Agglomeratie Leiden en Bollenstreek (CR);2001;386406.0;386980.0
1531;Totaal mannen en vrouwen;Totaal;Totaal burgerlijke staat;Agglomeratie Leiden en Bollenstreek (CR);2002;387554.0;387658.5
1532;Totaal mannen en vrouwen;Totaal;Totaal burgerlijke staat;Agglomeratie Leiden en Bollenstreek (CR);2003;387763.0;388357.0
1533;Totaal mannen en vrouwen;Totaal;Totaal burgerlijke staat;Agglomeratie Leiden en Bollenstreek (CR);2004;388951.0;389077.0
1534;Totaal mannen en vrouwen;Totaal;Totaal burgerlijke staat;Agglomeratie Leiden en Bollenstreek (CR);2005;389203.0;389350.5
1535;Totaal mannen en vrouwen;Totaal;Totaal burgerlijke staat;Agglomeratie Leiden en Bollenstreek (CR);2006;389498.0;389593.0
1536;Totaal mannen en vrouwen;Totaal;Totaal burgerlijke staat;Agglomeratie Leiden en Bollenstreek (CR);2007;389688.0;390113.0
1537;Totaal mannen en vrouwen;Totaal;Totaal burgerlijke staat;Agglomeratie Leiden en Bollenstreek (CR);2008;390538.0;391262.0
1538;Totaal mannen en vrouwen;Totaal;Totaal burgerlijke staat;Agglomeratie Leiden en Bollenstreek (CR);2009;402770.0;403753.0
1539;Totaal mannen en vrouwen;Totaal;Totaal burgerlijke staat;Agglomeratie Leiden en Bollenstreek (CR);2010;404736.0;405986.5
1540;Totaal mannen en vrouwen;Totaal;Totaal burgerlijke staat;Agglomeratie Leiden en Bollenstreek (CR);2011;407237.0;408178.0
1541;Totaal mannen en vrouwen;Totaal;Totaal burgerlijke staat;Agglomeratie Leiden en Bollenstreek (CR);2012;409129.0;410240.0
1542;Totaal mannen en vrouwen;Totaal;Totaal burgerlijke staat;Agglomeratie Leiden en Bollenstreek (CR);2013;411351.0;412226.0
1543;Totaal mannen en vrouwen;Totaal;Totaal burgerlijke staat;Agglomeratie Leiden en Bollenstreek (CR);2014;413101.0;414103.5
1544;Totaal mannen en vrouwen;Totaal;Totaal burgerlijke staat;Agglomeratie Leiden en Bollenstreek (CR);2015;415106.0;416564.5
1545;Totaal mannen en vrouwen;Totaal;Totaal burgerlijke staat;Agglomeratie Leiden en Bollenstreek (CR);2016;418023.0;419659.5
1546;Totaal mannen en vrouwen;Totaal;Totaal burgerlijke staat;Agglomeratie Leiden en Bollenstreek (CR);2017;421296.0;422976.5
1547;Totaal mannen en vrouwen;Totaal;Totaal burgerlijke staat;Agglomeratie Leiden en Bollenstreek (CR);2018;424657.0;425937.0
1548;Totaal mannen en vrouwen;Totaal;Totaal burgerlijke staat;Agglomeratie Leiden en Bollenstreek (CR);2019;427217.0;428787.5
1549;Totaal mannen en vrouwen;Totaal;Totaal burgerlijke staat;Agglomeratie Leiden en Bollenstreek (CR);2020;430358.0;430976.5
1550;Totaal mannen en vrouwen;Totaal;Totaal burgerlijke staat;Agglomeratie Leiden en Bollenstreek (CR);2021;431595.0;433061.0
1551;Totaal mannen en vrouwen;Totaal;Totaal burgerlijke staat;Agglomeratie Leiden en Bollenstreek (CR);2022;434527.0;437419.5
1552;Totaal mannen en vrouwen;Totaal;Totaal burgerlijke staat;Agglomeratie Leiden en Bollenstreek (CR);2023;440312.0;443034.0
1553;Totaal mannen en vrouwen;Totaal;Totaal burgerlijke staat;Agglomeratie Leiden en Bollenstreek (CR);2024;445756.0;
1554;Totaal mannen en vrouwen;Totaal;Totaal burgerlijke staat;Agglomeratie 's-Gravenhage (CR);1988;687132.0;
1555;Totaal mannen en vrouwen;Totaal;Totaal burgerlijke staat;Agglomeratie 's-Gravenhage (CR);1989;690350.0;
1556;Totaal mannen en vrouwen;Totaal;Totaal burgerlijke staat;Agglomeratie 's-Gravenhage (CR);1990;691872.0;
1557;Totaal mannen en vrouwen;Totaal;Totaal burgerlijke staat;Agglomeratie 's-Gravenhage (CR);1991;697591.0;
1558;Totaal mannen en vrouwen;Totaal;Totaal burgerlijke staat;Agglomeratie 's-Gravenhage (CR);1992;700212.0;
1559;Totaal mannen en vrouwen;Totaal;Totaal burgerlijke staat;Agglomeratie 's-Gravenhage (CR);1993;702017.0;
1560;Totaal mannen en vrouwen;Totaal;Totaal burgerlijke staat;Agglomeratie 's-Gravenhage (CR);1994;703393.0;
1561;Totaal mannen en vrouwen;Totaal;Totaal burgerlijke staat;Agglomeratie 's-Gravenhage (CR);1995;702716.0;703179.5
1562;Totaal mannen en vrouwen;Totaal;Totaal burgerlijke staat;Agglomeratie 's-Gravenhage (CR);1996;703643.0;704735.5
1563;Totaal mannen en vrouwen;Totaal;Totaal burgerlijke staat;Agglomeratie 's-Gravenhage (CR);1997;705828.0;707443.5
1564;Totaal mannen en vrouwen;Totaal;Totaal burgerlijke staat;Agglomeratie 's-Gravenhage (CR);1998;709059.0;710123.5
1565;Totaal mannen en vrouwen;Totaal;Totaal burgerlijke staat;Agglomeratie 's-Gravenhage (CR);1999;711188.0;713244.0
1566;Totaal mannen en vrouwen;Totaal;Totaal burgerlijke staat;Agglomeratie 's-Gravenhage (CR);2000;715300.0;718843.5
1567;Totaal mannen en vrouwen;Totaal;Totaal burgerlijke staat;Agglomeratie 's-Gravenhage (CR);2001;722387.0;725027.5
1568;Totaal mannen en vrouwen;Totaal;Totaal burgerlijke staat;Agglomeratie 's-Gravenhage (CR);2002;752038.0;755908.0
1569;Totaal mannen en vrouwen;Totaal;Totaal burgerlijke staat;Agglomeratie 's-Gravenhage (CR);2003;759778.0;763890.0
1570;Totaal mannen en vrouwen;Totaal;Totaal burgerlijke staat;Agglomeratie 's-Gravenhage (CR);2004;768002.0;771250.5
1571;Totaal mannen en vrouwen;Totaal;Totaal burgerlijke staat;Agglomeratie 's-Gravenhage (CR);2005;774499.0;777342.5
1572;Totaal mannen en vrouwen;Totaal;Totaal burgerlijke staat;Agglomeratie 's-Gravenhage (CR);2006;780186.0;780196.5
1573;Totaal mannen en vrouwen;Totaal;Totaal burgerlijke staat;Agglomeratie 's-Gravenhage (CR);2007;780207.0;782306.0
1574;Totaal mannen en vrouwen;Totaal;Totaal burgerlijke staat;Agglomeratie 's-Gravenhage (CR);2008;784405.0;789207.0
1575;Totaal mannen en vrouwen;Totaal;Totaal burgerlijke staat;Agglomeratie 's-Gravenhage (CR);2009;794009.0;798377.5
1576;Totaal mannen en vrouwen;Totaal;Totaal burgerlijke staat;Agglomeratie 's-Gravenhage (CR);2010;802746.0;806797.5
1577;Totaal mannen en vrouwen;Totaal;Totaal burgerlijke staat;Agglomeratie 's-Gravenhage (CR);2011;810849.0;815247.5
1578;Totaal mannen en vrouwen;Totaal;Totaal burgerlijke staat;Agglomeratie 's-Gravenhage (CR);2012;819646.0;822332.0
1579;Totaal mannen en vrouwen;Totaal;Totaal burgerlijke staat;Agglomeratie 's-Gravenhage (CR);2013;825018.0;827627.5
1580;Totaal mannen en vrouwen;Totaal;Totaal burgerlijke staat;Agglomeratie 's-Gravenhage (CR);2014;830237.0;834126.0
1581;Totaal mannen en vrouwen;Totaal;Totaal burgerlijke staat;Agglomeratie 's-Gravenhage (CR);2015;838015.0;841720.0
1582;Totaal mannen en vrouwen;Totaal;Totaal burgerlijke staat;Agglomeratie 's-Gravenhage (CR);2016;845425.0;849706.0
1583;Totaal mannen en vrouwen;Totaal;Totaal burgerlijke staat;Agglomeratie 's-Gravenhage (CR);2017;853987.0;859058.0
1584;Totaal mannen en vrouwen;Totaal;Totaal burgerlijke staat;Agglomeratie 's-Gravenhage (CR);2018;864129.0;868170.0
1585;Totaal mannen en vrouwen;Totaal;Totaal burgerlijke staat;Agglomeratie 's-Gravenhage (CR);2019;872211.0;877965.5
1586;Totaal mannen en vrouwen;Totaal;Totaal burgerlijke staat;Agglomeratie 's-Gravenhage (CR);2020;883720.0;885791.5
1587;Totaal mannen en vrouwen;Totaal;Totaal burgerlijke staat;Agglomeratie 's-Gravenhage (CR);2021;887863.0;892167.0
1588;Totaal mannen en vrouwen;Totaal;Totaal burgerlijke staat;Agglomeratie 's-Gravenhage (CR);2022;896471.0;903411.5
1589;Totaal mannen en vrouwen;Totaal;Totaal burgerlijke staat;Agglomeratie 's-Gravenhage (CR);2023;910352.0;913955.0
1590;Totaal mannen en vrouwen;Totaal;Totaal burgerlijke staat;Agglomeratie 's-Gravenhage (CR);2024;917558.0;
1591;Totaal mannen en vrouwen;Totaal;Totaal burgerlijke staat;Delft en Westland (CR);1988;208877.0;
1592;Totaal mannen en vrouwen;Totaal;Totaal burgerlijke staat;Delft en Westland (CR);1989;210136.0;
1593;Totaal mannen en vrouwen;Totaal;Totaal burgerlijke staat;Delft en Westland (CR);1990;211990.0;
1594;Totaal mannen en vrouwen;Totaal;Totaal burgerlijke staat;Delft en Westland (CR);1991;213671.0;
1595;Totaal mannen en vrouwen;Totaal;Totaal burgerlijke staat;Delft en Westland (CR);1992;215574.0;
1596;Totaal mannen en vrouwen;Totaal;Totaal burgerlijke staat;Delft en Westland (CR);1993;217530.0;
1597;Totaal mannen en vrouwen;Totaal;Totaal burgerlijke staat;Delft en Westland (CR);1994;218633.0;
1598;Totaal mannen en vrouwen;Totaal;Totaal burgerlijke staat;Delft en Westland (CR);1995;220456.0;221297.0
1599;Totaal mannen en vrouwen;Totaal;Totaal burgerlijke staat;Delft en Westland (CR);1996;222138.0;222941.5
1600;Totaal mannen en vrouwen;Totaal;Totaal burgerlijke staat;Delft en Westland (CR);1997;223745.0;224676.0
1601;Totaal mannen en vrouwen;Totaal;Totaal burgerlijke staat;Delft en Westland (CR);1998;225607.0;227061.5
1602;Totaal mannen en vrouwen;Totaal;Totaal burgerlijke staat;Delft en Westland (CR);1999;228516.0;229789.0
1603;Totaal mannen en vrouwen;Totaal;Totaal burgerlijke staat;Delft en Westland (CR);2000;231062.0;231959.0
1604;Totaal mannen en vrouwen;Totaal;Totaal burgerlijke staat;Delft en Westland (CR);2001;232856.0;234044.0
1605;Totaal mannen en vrouwen;Totaal;Totaal burgerlijke staat;Delft en Westland (CR);2002;210862.0;210921.0
1606;Totaal mannen en vrouwen;Totaal;Totaal burgerlijke staat;Delft en Westland (CR);2003;210980.0;210626.0
1607;Totaal mannen en vrouwen;Totaal;Totaal burgerlijke staat;Delft en Westland (CR);2004;210159.0;210051.0
1608;Totaal mannen en vrouwen;Totaal;Totaal burgerlijke staat;Delft en Westland (CR);2005;209943.0;210398.0
1609;Totaal mannen en vrouwen;Totaal;Totaal burgerlijke staat;Delft en Westland (CR);2006;210853.0;211318.5
1610;Totaal mannen en vrouwen;Totaal;Totaal burgerlijke staat;Delft en Westland (CR);2007;211784.0;212351.0
1611;Totaal mannen en vrouwen;Totaal;Totaal burgerlijke staat;Delft en Westland (CR);2008;212918.0;213234.5
1612;Totaal mannen en vrouwen;Totaal;Totaal burgerlijke staat;Delft en Westland (CR);2009;213551.0;213959.0
1613;Totaal mannen en vrouwen;Totaal;Totaal burgerlijke staat;Delft en Westland (CR);2010;214367.0;214993.5
1614;Totaal mannen en vrouwen;Totaal;Totaal burgerlijke staat;Delft en Westland (CR);2011;215620.0;217250.0
1615;Totaal mannen en vrouwen;Totaal;Totaal burgerlijke staat;Delft en Westland (CR);2012;218880.0;219463.0
1616;Totaal mannen en vrouwen;Totaal;Totaal burgerlijke staat;Delft en Westland (CR);2013;220046.0;220894.5
1617;Totaal mannen en vrouwen;Totaal;Totaal burgerlijke staat;Delft en Westland (CR);2014;221743.0;222892.0
1618;Totaal mannen en vrouwen;Totaal;Totaal burgerlijke staat;Delft en Westland (CR);2015;224041.0;224454.0
1619;Totaal mannen en vrouwen;Totaal;Totaal burgerlijke staat;Delft en Westland (CR);2016;224867.0;225457.0
1620;Totaal mannen en vrouwen;Totaal;Totaal burgerlijke staat;Delft en Westland (CR);2017;226047.0;227565.0
1621;Totaal mannen en vrouwen;Totaal;Totaal burgerlijke staat;Delft en Westland (CR);2018;229083.0;230120.0
1622;Totaal mannen en vrouwen;Totaal;Totaal burgerlijke staat;Delft en Westland (CR);2019;231157.0;232234.0
1623;Totaal mannen en vrouwen;Totaal;Totaal burgerlijke staat;Delft en Westland (CR);2020;233311.0;233844.0
1624;Totaal mannen en vrouwen;Totaal;Totaal burgerlijke staat;Delft en Westland (CR);2021;234377.0;235440.5
1625;Totaal mannen en vrouwen;Totaal;Totaal burgerlijke staat;Delft en Westland (CR);2022;236504.0;238474.5
1626;Totaal mannen en vrouwen;Totaal;Totaal burgerlijke staat;Delft en Westland (CR);2023;240445.0;242670.0
1627;Totaal mannen en vrouwen;Totaal;Totaal burgerlijke staat;Delft en Westland (CR);2024;244895.0;
1628;Totaal mannen en vrouwen;Totaal;Totaal burgerlijke staat;Oost-Zuid-Holland (CR);1988;314454.0;
1629;Totaal mannen en vrouwen;Totaal;Totaal burgerlijke staat;Oost-Zuid-Holland (CR);1989;289835.0;
1630;Totaal mannen en vrouwen;Totaal;Totaal burgerlijke staat;Oost-Zuid-Holland (CR);1990;293883.0;
1631;Totaal mannen en vrouwen;Totaal;Totaal burgerlijke staat;Oost-Zuid-Holland (CR);1991;303851.0;
1632;Totaal mannen en vrouwen;Totaal;Totaal burgerlijke staat;Oost-Zuid-Holland (CR);1992;307941.0;
1633;Totaal mannen en vrouwen;Totaal;Totaal burgerlijke staat;Oost-Zuid-Holland (CR);1993;311604.0;
1634;Totaal mannen en vrouwen;Totaal;Totaal burgerlijke staat;Oost-Zuid-Holland (CR);1994;314598.0;
1635;Totaal mannen en vrouwen;Totaal;Totaal burgerlijke staat;Oost-Zuid-Holland (CR);1995;316171.0;316696.0
1636;Totaal mannen en vrouwen;Totaal;Totaal burgerlijke staat;Oost-Zuid-Holland (CR);1996;317221.0;317746.5
1637;Totaal mannen en vrouwen;Totaal;Totaal burgerlijke staat;Oost-Zuid-Holland (CR);1997;318272.0;318935.5
1638;Totaal mannen en vrouwen;Totaal;Totaal burgerlijke staat;Oost-Zuid-Holland (CR);1998;319599.0;320231.5
1639;Totaal mannen en vrouwen;Totaal;Totaal burgerlijke staat;Oost-Zuid-Holland (CR);1999;320864.0;321176.0
1640;Totaal mannen en vrouwen;Totaal;Totaal burgerlijke staat;Oost-Zuid-Holland (CR);2000;321488.0;321711.0
1641;Totaal mannen en vrouwen;Totaal;Totaal burgerlijke staat;Oost-Zuid-Holland (CR);2001;321934.0;322393.0
1642;Totaal mannen en vrouwen;Totaal;Totaal burgerlijke staat;Oost-Zuid-Holland (CR);2002;322852.0;322855.0
1643;Totaal mannen en vrouwen;Totaal;Totaal burgerlijke staat;Oost-Zuid-Holland (CR);2003;322858.0;322593.0
1644;Totaal mannen en vrouwen;Totaal;Totaal burgerlijke staat;Oost-Zuid-Holland (CR);2004;322328.0;322316.5
1645;Totaal mannen en vrouwen;Totaal;Totaal burgerlijke staat;Oost-Zuid-Holland (CR);2005;322305.0;322265.0
1646;Totaal mannen en vrouwen;Totaal;Totaal burgerlijke staat;Oost-Zuid-Holland (CR);2006;322225.0;321918.0
1647;Totaal mannen en vrouwen;Totaal;Totaal burgerlijke staat;Oost-Zuid-Holland (CR);2007;321611.0;321715.0
1648;Totaal mannen en vrouwen;Totaal;Totaal burgerlijke staat;Oost-Zuid-Holland (CR);2008;321819.0;322029.5
1649;Totaal mannen en vrouwen;Totaal;Totaal burgerlijke staat;Oost-Zuid-Holland (CR);2009;311456.0;311929.0
1650;Totaal mannen en vrouwen;Totaal;Totaal burgerlijke staat;Oost-Zuid-Holland (CR);2010;293596.0;293707.5
1651;Totaal mannen en vrouwen;Totaal;Totaal burgerlijke staat;Oost-Zuid-Holland (CR);2011;293819.0;294097.5
1652;Totaal mannen en vrouwen;Totaal;Totaal burgerlijke staat;Oost-Zuid-Holland (CR);2012;294376.0;294306.5
1653;Totaal mannen en vrouwen;Totaal;Totaal burgerlijke staat;Oost-Zuid-Holland (CR);2013;294237.0;294526.0
1654;Totaal mannen en vrouwen;Totaal;Totaal burgerlijke staat;Oost-Zuid-Holland (CR);2014;294815.0;295559.5
1655;Totaal mannen en vrouwen;Totaal;Totaal burgerlijke staat;Oost-Zuid-Holland (CR);2015;318688.0;319723.0
1656;Totaal mannen en vrouwen;Totaal;Totaal burgerlijke staat;Oost-Zuid-Holland (CR);2016;320758.0;322406.0
1657;Totaal mannen en vrouwen;Totaal;Totaal burgerlijke staat;Oost-Zuid-Holland (CR);2017;324054.0;325937.5
1658;Totaal mannen en vrouwen;Totaal;Totaal burgerlijke staat;Oost-Zuid-Holland (CR);2018;327821.0;329721.0
1659;Totaal mannen en vrouwen;Totaal;Totaal burgerlijke staat;Oost-Zuid-Holland (CR);2019;331621.0;333119.0
1660;Totaal mannen en vrouwen;Totaal;Totaal burgerlijke staat;Oost-Zuid-Holland (CR);2020;334617.0;336207.5
1661;Totaal mannen en vrouwen;Totaal;Totaal burgerlijke staat;Oost-Zuid-Holland (CR);2021;337798.0;339139.5
1662;Totaal mannen en vrouwen;Totaal;Totaal burgerlijke staat;Oost-Zuid-Holland (CR);2022;340481.0;343025.5
1663;Totaal mannen en vrouwen;Totaal;Totaal burgerlijke staat;Oost-Zuid-Holland (CR);2023;345570.0;347074.5
1664;Totaal mannen en vrouwen;Totaal;Totaal burgerlijke staat;Oost-Zuid-Holland (CR);2024;348579.0;
1665;Totaal mannen en vrouwen;Totaal;Totaal burgerlijke staat;Groot-Rijnmond (CR);1988;1261965.0;
1666;Totaal mannen en vrouwen;Totaal;Totaal burgerlijke staat;Groot-Rijnmond (CR);1989;1268342.0;
1667;Totaal mannen en vrouwen;Totaal;Totaal burgerlijke staat;Groot-Rijnmond (CR);1990;1273830.0;
1668;Totaal mannen en vrouwen;Totaal;Totaal burgerlijke staat;Groot-Rijnmond (CR);1991;1275673.0;
1669;Totaal mannen en vrouwen;Totaal;Totaal burgerlijke staat;Groot-Rijnmond (CR);1992;1286796.0;
1670;Totaal mannen en vrouwen;Totaal;Totaal burgerlijke staat;Groot-Rijnmond (CR);1993;1297276.0;
1671;Totaal mannen en vrouwen;Totaal;Totaal burgerlijke staat;Groot-Rijnmond (CR);1994;1304089.0;
1672;Totaal mannen en vrouwen;Totaal;Totaal burgerlijke staat;Groot-Rijnmond (CR);1995;1309603.0;1309372.5
1673;Totaal mannen en vrouwen;Totaal;Totaal burgerlijke staat;Groot-Rijnmond (CR);1996;1309142.0;1310614.5
1674;Totaal mannen en vrouwen;Totaal;Totaal burgerlijke staat;Groot-Rijnmond (CR);1997;1312087.0;1314698.5
1675;Totaal mannen en vrouwen;Totaal;Totaal burgerlijke staat;Groot-Rijnmond (CR);1998;1317310.0;1321949.0
1676;Totaal mannen en vrouwen;Totaal;Totaal burgerlijke staat;Groot-Rijnmond (CR);1999;1326588.0;1330813.5
1677;Totaal mannen en vrouwen;Totaal;Totaal burgerlijke staat;Groot-Rijnmond (CR);2000;1335039.0;1340189.0
1678;Totaal mannen en vrouwen;Totaal;Totaal burgerlijke staat;Groot-Rijnmond (CR);2001;1345339.0;1350866.0
1679;Totaal mannen en vrouwen;Totaal;Totaal burgerlijke staat;Groot-Rijnmond (CR);2002;1356393.0;1359865.0
1680;Totaal mannen en vrouwen;Totaal;Totaal burgerlijke staat;Groot-Rijnmond (CR);2003;1359640.0;1360826.0
1681;Totaal mannen en vrouwen;Totaal;Totaal burgerlijke staat;Groot-Rijnmond (CR);2004;1362125.0;1361957.5
1682;Totaal mannen en vrouwen;Totaal;Totaal burgerlijke staat;Groot-Rijnmond (CR);2005;1361790.0;1358778.5
1683;Totaal mannen en vrouwen;Totaal;Totaal burgerlijke staat;Groot-Rijnmond (CR);2006;1355767.0;1353670.0
1684;Totaal mannen en vrouwen;Totaal;Totaal burgerlijke staat;Groot-Rijnmond (CR);2007;1360608.0;1360609.0
1685;Totaal mannen en vrouwen;Totaal;Totaal burgerlijke staat;Groot-Rijnmond (CR);2008;1360610.0;1363811.0
1686;Totaal mannen en vrouwen;Totaal;Totaal burgerlijke staat;Groot-Rijnmond (CR);2009;1367012.0;1371923.0
1687;Totaal mannen en vrouwen;Totaal;Totaal burgerlijke staat;Groot-Rijnmond (CR);2010;1395640.0;1400215.5
1688;Totaal mannen en vrouwen;Totaal;Totaal burgerlijke staat;Groot-Rijnmond (CR);2011;1404791.0;1408686.5
1689;Totaal mannen en vrouwen;Totaal;Totaal burgerlijke staat;Groot-Rijnmond (CR);2012;1412582.0;1413636.0
1690;Totaal mannen en vrouwen;Totaal;Totaal burgerlijke staat;Groot-Rijnmond (CR);2013;1414690.0;1416255.5
1691;Totaal mannen en vrouwen;Totaal;Totaal burgerlijke staat;Groot-Rijnmond (CR);2014;1417821.0;1422068.5
1692;Totaal mannen en vrouwen;Totaal;Totaal burgerlijke staat;Groot-Rijnmond (CR);2015;1403932.0;1408127.0
1693;Totaal mannen en vrouwen;Totaal;Totaal burgerlijke staat;Groot-Rijnmond (CR);2016;1412322.0;1417393.5
1694;Totaal mannen en vrouwen;Totaal;Totaal burgerlijke staat;Groot-Rijnmond (CR);2017;1422465.0;1426855.0
1695;Totaal mannen en vrouwen;Totaal;Totaal burgerlijke staat;Groot-Rijnmond (CR);2018;1431245.0;1436348.5
1696;Totaal mannen en vrouwen;Totaal;Totaal burgerlijke staat;Groot-Rijnmond (CR);2019;1441452.0;1448086.0
1697;Totaal mannen en vrouwen;Totaal;Totaal burgerlijke staat;Groot-Rijnmond (CR);2020;1454720.0;1458066.0
1698;Totaal mannen en vrouwen;Totaal;Totaal burgerlijke staat;Groot-Rijnmond (CR);2021;1461412.0;1466202.5
1699;Totaal mannen en vrouwen;Totaal;Totaal burgerlijke staat;Groot-Rijnmond (CR);2022;1470993.0;1479734.0
1700;Totaal mannen en vrouwen;Totaal;Totaal burgerlijke staat;Groot-Rijnmond (CR);2023;1488475.0;1495528.5
1701;Totaal mannen en vrouwen;Totaal;Totaal burgerlijke staat;Groot-Rijnmond (CR);2024;1502582.0;
1702;Totaal mannen en vrouwen;Totaal;Totaal burgerlijke staat;Zuidoost-Zuid-Holland (CR);1988;379071.0;
1703;Totaal mannen en vrouwen;Totaal;Totaal burgerlijke staat;Zuidoost-Zuid-Holland (CR);1989;381515.0;
1704;Totaal mannen en vrouwen;Totaal;Totaal burgerlijke staat;Zuidoost-Zuid-Holland (CR);1990;384959.0;
1705;Totaal mannen en vrouwen;Totaal;Totaal burgerlijke staat;Zuidoost-Zuid-Holland (CR);1991;388368.0;
1706;Totaal mannen en vrouwen;Totaal;Totaal burgerlijke staat;Zuidoost-Zuid-Holland (CR);1992;391959.0;
1707;Totaal mannen en vrouwen;Totaal;Totaal burgerlijke staat;Zuidoost-Zuid-Holland (CR);1993;395247.0;
1708;Totaal mannen en vrouwen;Totaal;Totaal burgerlijke staat;Zuidoost-Zuid-Holland (CR);1994;398087.0;
1709;Totaal mannen en vrouwen;Totaal;Totaal burgerlijke staat;Zuidoost-Zuid-Holland (CR);1995;400295.0;401650.0
1710;Totaal mannen en vrouwen;Totaal;Totaal burgerlijke staat;Zuidoost-Zuid-Holland (CR);1996;403005.0;403963.0
1711;Totaal mannen en vrouwen;Totaal;Totaal burgerlijke staat;Zuidoost-Zuid-Holland (CR);1997;404921.0;405726.0
1712;Totaal mannen en vrouwen;Totaal;Totaal burgerlijke staat;Zuidoost-Zuid-Holland (CR);1998;406531.0;407622.0
1713;Totaal mannen en vrouwen;Totaal;Totaal burgerlijke staat;Zuidoost-Zuid-Holland (CR);1999;408713.0;409490.0
1714;Totaal mannen en vrouwen;Totaal;Totaal burgerlijke staat;Zuidoost-Zuid-Holland (CR);2000;410267.0;411022.5
1715;Totaal mannen en vrouwen;Totaal;Totaal burgerlijke staat;Zuidoost-Zuid-Holland (CR);2001;411778.0;412651.0
1716;Totaal mannen en vrouwen;Totaal;Totaal burgerlijke staat;Zuidoost-Zuid-Holland (CR);2002;394081.0;394673.5
1717;Totaal mannen en vrouwen;Totaal;Totaal burgerlijke staat;Zuidoost-Zuid-Holland (CR);2003;398963.0;399670.0
1718;Totaal mannen en vrouwen;Totaal;Totaal burgerlijke staat;Zuidoost-Zuid-Holland (CR);2004;400377.0;400509.0
1719;Totaal mannen en vrouwen;Totaal;Totaal burgerlijke staat;Zuidoost-Zuid-Holland (CR);2005;400641.0;400493.5
1720;Totaal mannen en vrouwen;Totaal;Totaal burgerlijke staat;Zuidoost-Zuid-Holland (CR);2006;400346.0;400290.0
1721;Totaal mannen en vrouwen;Totaal;Totaal burgerlijke staat;Zuidoost-Zuid-Holland (CR);2007;391199.0;391172.0
1722;Totaal mannen en vrouwen;Totaal;Totaal burgerlijke staat;Zuidoost-Zuid-Holland (CR);2008;391145.0;391952.5
1723;Totaal mannen en vrouwen;Totaal;Totaal burgerlijke staat;Zuidoost-Zuid-Holland (CR);2009;392760.0;393643.0
1724;Totaal mannen en vrouwen;Totaal;Totaal burgerlijke staat;Zuidoost-Zuid-Holland (CR);2010;394526.0;395267.0
1725;Totaal mannen en vrouwen;Totaal;Totaal burgerlijke staat;Zuidoost-Zuid-Holland (CR);2011;396008.0;396901.0
1726;Totaal mannen en vrouwen;Totaal;Totaal burgerlijke staat;Zuidoost-Zuid-Holland (CR);2012;397794.0;398193.5
1727;Totaal mannen en vrouwen;Totaal;Totaal burgerlijke staat;Zuidoost-Zuid-Holland (CR);2013;398593.0;398954.0
1728;Totaal mannen en vrouwen;Totaal;Totaal burgerlijke staat;Zuidoost-Zuid-Holland (CR);2014;399315.0;399772.0
1729;Totaal mannen en vrouwen;Totaal;Totaal burgerlijke staat;Zuidoost-Zuid-Holland (CR);2015;400229.0;400568.5
1730;Totaal mannen en vrouwen;Totaal;Totaal burgerlijke staat;Zuidoost-Zuid-Holland (CR);2016;400908.0;401640.5
1731;Totaal mannen en vrouwen;Totaal;Totaal burgerlijke staat;Zuidoost-Zuid-Holland (CR);2017;402373.0;403241.0
1732;Totaal mannen en vrouwen;Totaal;Totaal burgerlijke staat;Zuidoost-Zuid-Holland (CR);2018;404109.0;404806.0
1733;Totaal mannen en vrouwen;Totaal;Totaal burgerlijke staat;Zuidoost-Zuid-Holland (CR);2019;370235.0;371102.5
1734;Totaal mannen en vrouwen;Totaal;Totaal burgerlijke staat;Zuidoost-Zuid-Holland (CR);2020;371970.0;372487.5
1735;Totaal mannen en vrouwen;Totaal;Totaal burgerlijke staat;Zuidoost-Zuid-Holland (CR);2021;373005.0;373986.5
1736;Totaal mannen en vrouwen;Totaal;Totaal burgerlijke staat;Zuidoost-Zuid-Holland (CR);2022;374968.0;377360.0
1737;Totaal mannen en vrouwen;Totaal;Totaal burgerlijke staat;Zuidoost-Zuid-Holland (CR);2023;379752.0;380421.0
1738;Totaal mannen en vrouwen;Totaal;Totaal burgerlijke staat;Zuidoost-Zuid-Holland (CR);2024;381090.0;
1739;Totaal mannen en vrouwen;Totaal;Totaal burgerlijke staat;Zeeuwsch-Vlaanderen (CR);1988;107327.0;
1740;Totaal mannen en vrouwen;Totaal;Totaal burgerlijke staat;Zeeuwsch-Vlaanderen (CR);1989;107053.0;
1741;Totaal mannen en vrouwen;Totaal;Totaal burgerlijke staat;Zeeuwsch-Vlaanderen (CR);1990;106678.0;
1742;Totaal mannen en vrouwen;Totaal;Totaal burgerlijke staat;Zeeuwsch-Vlaanderen (CR);1991;106730.0;
1743;Totaal mannen en vrouwen;Totaal;Totaal burgerlijke staat;Zeeuwsch-Vlaanderen (CR);1992;106936.0;
1744;Totaal mannen en vrouwen;Totaal;Totaal burgerlijke staat;Zeeuwsch-Vlaanderen (CR);1993;107006.0;
1745;Totaal mannen en vrouwen;Totaal;Totaal burgerlijke staat;Zeeuwsch-Vlaanderen (CR);1994;107325.0;
1746;Totaal mannen en vrouwen;Totaal;Totaal burgerlijke staat;Zeeuwsch-Vlaanderen (CR);1995;107160.0;107074.0
1747;Totaal mannen en vrouwen;Totaal;Totaal burgerlijke staat;Zeeuwsch-Vlaanderen (CR);1996;106988.0;107009.5
1748;Totaal mannen en vrouwen;Totaal;Totaal burgerlijke staat;Zeeuwsch-Vlaanderen (CR);1997;107031.0;107152.5
1749;Totaal mannen en vrouwen;Totaal;Totaal burgerlijke staat;Zeeuwsch-Vlaanderen (CR);1998;107274.0;107166.0
1750;Totaal mannen en vrouwen;Totaal;Totaal burgerlijke staat;Zeeuwsch-Vlaanderen (CR);1999;107058.0;107070.0
1751;Totaal mannen en vrouwen;Totaal;Totaal burgerlijke staat;Zeeuwsch-Vlaanderen (CR);2000;107082.0;107355.0
1752;Totaal mannen en vrouwen;Totaal;Totaal burgerlijke staat;Zeeuwsch-Vlaanderen (CR);2001;107628.0;107855.5
1753;Totaal mannen en vrouwen;Totaal;Totaal burgerlijke staat;Zeeuwsch-Vlaanderen (CR);2002;108083.0;108160.5
1754;Totaal mannen en vrouwen;Totaal;Totaal burgerlijke staat;Zeeuwsch-Vlaanderen (CR);2003;108238.0;108061.5
1755;Totaal mannen en vrouwen;Totaal;Totaal burgerlijke staat;Zeeuwsch-Vlaanderen (CR);2004;107885.0;107867.0
1756;Totaal mannen en vrouwen;Totaal;Totaal burgerlijke staat;Zeeuwsch-Vlaanderen (CR);2005;107849.0;107756.5
1757;Totaal mannen en vrouwen;Totaal;Totaal burgerlijke staat;Zeeuwsch-Vlaanderen (CR);2006;107664.0;107635.0
1758;Totaal mannen en vrouwen;Totaal;Totaal burgerlijke staat;Zeeuwsch-Vlaanderen (CR);2007;107606.0;107471.5
1759;Totaal mannen en vrouwen;Totaal;Totaal burgerlijke staat;Zeeuwsch-Vlaanderen (CR);2008;107337.0;107264.0
1760;Totaal mannen en vrouwen;Totaal;Totaal burgerlijke staat;Zeeuwsch-Vlaanderen (CR);2009;107191.0;107009.0
1761;Totaal mannen en vrouwen;Totaal;Totaal burgerlijke staat;Zeeuwsch-Vlaanderen (CR);2010;106827.0;106674.0
1762;Totaal mannen en vrouwen;Totaal;Totaal burgerlijke staat;Zeeuwsch-Vlaanderen (CR);2011;106521.0;106393.5
1763;Totaal mannen en vrouwen;Totaal;Totaal burgerlijke staat;Zeeuwsch-Vlaanderen (CR);2012;106266.0;106197.5
1764;Totaal mannen en vrouwen;Totaal;Totaal burgerlijke staat;Zeeuwsch-Vlaanderen (CR);2013;106129.0;106023.0
1765;Totaal mannen en vrouwen;Totaal;Totaal burgerlijke staat;Zeeuwsch-Vlaanderen (CR);2014;105917.0;105800.5
1766;Totaal mannen en vrouwen;Totaal;Totaal burgerlijke staat;Zeeuwsch-Vlaanderen (CR);2015;105684.0;105676.0
1767;Totaal mannen en vrouwen;Totaal;Totaal burgerlijke staat;Zeeuwsch-Vlaanderen (CR);2016;105668.0;105654.5
1768;Totaal mannen en vrouwen;Totaal;Totaal burgerlijke staat;Zeeuwsch-Vlaanderen (CR);2017;105641.0;105539.5
1769;Totaal mannen en vrouwen;Totaal;Totaal burgerlijke staat;Zeeuwsch-Vlaanderen (CR);2018;105438.0;105468.5
1770;Totaal mannen en vrouwen;Totaal;Totaal burgerlijke staat;Zeeuwsch-Vlaanderen (CR);2019;105499.0;105345.5
1771;Totaal mannen en vrouwen;Totaal;Totaal burgerlijke staat;Zeeuwsch-Vlaanderen (CR);2020;105192.0;105198.0
1772;Totaal mannen en vrouwen;Totaal;Totaal burgerlijke staat;Zeeuwsch-Vlaanderen (CR);2021;105204.0;105189.5
1773;Totaal mannen en vrouwen;Totaal;Totaal burgerlijke staat;Zeeuwsch-Vlaanderen (CR);2022;105175.0;105503.5
1774;Totaal mannen en vrouwen;Totaal;Totaal burgerlijke staat;Zeeuwsch-Vlaanderen (CR);2023;105832.0;105722.0
1775;Totaal mannen en vrouwen;Totaal;Totaal burgerlijke staat;Zeeuwsch-Vlaanderen (CR);2024;105612.0;
1776;Totaal mannen en vrouwen;Totaal;Totaal burgerlijke staat;Overig Zeeland (CR);1988;248174.0;
1777;Totaal mannen en vrouwen;Totaal;Totaal burgerlijke staat;Overig Zeeland (CR);1989;248532.0;
1778;Totaal mannen en vrouwen;Totaal;Totaal burgerlijke staat;Overig Zeeland (CR);1990;249269.0;
1779;Totaal mannen en vrouwen;Totaal;Totaal burgerlijke staat;Overig Zeeland (CR);1991;250724.0;
1780;Totaal mannen en vrouwen;Totaal;Totaal burgerlijke staat;Overig Zeeland (CR);1992;252269.0;
1781;Totaal mannen en vrouwen;Totaal;Totaal burgerlijke staat;Overig Zeeland (CR);1993;254189.0;
1782;Totaal mannen en vrouwen;Totaal;Totaal burgerlijke staat;Overig Zeeland (CR);1994;256542.0;
1783;Totaal mannen en vrouwen;Totaal;Totaal burgerlijke staat;Overig Zeeland (CR);1995;258686.0;259526.0
1784;Totaal mannen en vrouwen;Totaal;Totaal burgerlijke staat;Overig Zeeland (CR);1996;260366.0;260880.5
1785;Totaal mannen en vrouwen;Totaal;Totaal burgerlijke staat;Overig Zeeland (CR);1997;261395.0;262035.0
1786;Totaal mannen en vrouwen;Totaal;Totaal burgerlijke staat;Overig Zeeland (CR);1998;262675.0;263094.0
1787;Totaal mannen en vrouwen;Totaal;Totaal burgerlijke staat;Overig Zeeland (CR);1999;263513.0;264148.5
1788;Totaal mannen en vrouwen;Totaal;Totaal burgerlijke staat;Overig Zeeland (CR);2000;264784.0;266038.0
1789;Totaal mannen en vrouwen;Totaal;Totaal burgerlijke staat;Overig Zeeland (CR);2001;267292.0;268222.0
1790;Totaal mannen en vrouwen;Totaal;Totaal burgerlijke staat;Overig Zeeland (CR);2002;269152.0;269631.0
1791;Totaal mannen en vrouwen;Totaal;Totaal burgerlijke staat;Overig Zeeland (CR);2003;270110.0;270626.5
1792;Totaal mannen en vrouwen;Totaal;Totaal burgerlijke staat;Overig Zeeland (CR);2004;271143.0;271636.0
1793;Totaal mannen en vrouwen;Totaal;Totaal burgerlijke staat;Overig Zeeland (CR);2005;272129.0;272325.5
1794;Totaal mannen en vrouwen;Totaal;Totaal burgerlijke staat;Overig Zeeland (CR);2006;272522.0;272706.5
1795;Totaal mannen en vrouwen;Totaal;Totaal burgerlijke staat;Overig Zeeland (CR);2007;272891.0;273069.5
1796;Totaal mannen en vrouwen;Totaal;Totaal burgerlijke staat;Overig Zeeland (CR);2008;273248.0;273520.5
1797;Totaal mannen en vrouwen;Totaal;Totaal burgerlijke staat;Overig Zeeland (CR);2009;273793.0;274187.5
1798;Totaal mannen en vrouwen;Totaal;Totaal burgerlijke staat;Overig Zeeland (CR);2010;274582.0;274795.5
1799;Totaal mannen en vrouwen;Totaal;Totaal burgerlijke staat;Overig Zeeland (CR);2011;275009.0;275075.0
1800;Totaal mannen en vrouwen;Totaal;Totaal burgerlijke staat;Overig Zeeland (CR);2012;275141.0;275044.5
1801;Totaal mannen en vrouwen;Totaal;Totaal burgerlijke staat;Overig Zeeland (CR);2013;274948.0;274826.0
1802;Totaal mannen en vrouwen;Totaal;Totaal burgerlijke staat;Overig Zeeland (CR);2014;274704.0;274873.0
1803;Totaal mannen en vrouwen;Totaal;Totaal burgerlijke staat;Overig Zeeland (CR);2015;275042.0;275313.0
1804;Totaal mannen en vrouwen;Totaal;Totaal burgerlijke staat;Overig Zeeland (CR);2016;275584.0;275755.5
1805;Totaal mannen en vrouwen;Totaal;Totaal burgerlijke staat;Overig Zeeland (CR);2017;275927.0;276396.5
1806;Totaal mannen en vrouwen;Totaal;Totaal burgerlijke staat;Overig Zeeland (CR);2018;276866.0;277199.5
1807;Totaal mannen en vrouwen;Totaal;Totaal burgerlijke staat;Overig Zeeland (CR);2019;277533.0;277914.5
1808;Totaal mannen en vrouwen;Totaal;Totaal burgerlijke staat;Overig Zeeland (CR);2020;278296.0;279246.0
1809;Totaal mannen en vrouwen;Totaal;Totaal burgerlijke staat;Overig Zeeland (CR);2021;280196.0;280894.0
1810;Totaal mannen en vrouwen;Totaal;Totaal burgerlijke staat;Overig Zeeland (CR);2022;281592.0;283442.0
1811;Totaal mannen en vrouwen;Totaal;Totaal burgerlijke staat;Overig Zeeland (CR);2023;285292.0;285657.0
1812;Totaal mannen en vrouwen;Totaal;Totaal burgerlijke staat;Overig Zeeland (CR);2024;286022.0;
1813;Totaal mannen en vrouwen;Totaal;Totaal burgerlijke staat;West-Noord-Brabant (CR);1988;549832.0;
1814;Totaal mannen en vrouwen;Totaal;Totaal burgerlijke staat;West-Noord-Brabant (CR);1989;553601.0;
1815;Totaal mannen en vrouwen;Totaal;Totaal burgerlijke staat;West-Noord-Brabant (CR);1990;557967.0;
1816;Totaal mannen en vrouwen;Totaal;Totaal burgerlijke staat;West-Noord-Brabant (CR);1991;562277.0;
1817;Totaal mannen en vrouwen;Totaal;Totaal burgerlijke staat;West-Noord-Brabant (CR);1992;566841.0;
1818;Totaal mannen en vrouwen;Totaal;Totaal burgerlijke staat;West-Noord-Brabant (CR);1993;571440.0;
1819;Totaal mannen en vrouwen;Totaal;Totaal burgerlijke staat;West-Noord-Brabant (CR);1994;575453.0;
1820;Totaal mannen en vrouwen;Totaal;Totaal burgerlijke staat;West-Noord-Brabant (CR);1995;579841.0;581373.5
1821;Totaal mannen en vrouwen;Totaal;Totaal burgerlijke staat;West-Noord-Brabant (CR);1996;582906.0;584243.5
1822;Totaal mannen en vrouwen;Totaal;Totaal burgerlijke staat;West-Noord-Brabant (CR);1997;577867.0;579815.5
1823;Totaal mannen en vrouwen;Totaal;Totaal burgerlijke staat;West-Noord-Brabant (CR);1998;581764.0;583713.5
1824;Totaal mannen en vrouwen;Totaal;Totaal burgerlijke staat;West-Noord-Brabant (CR);1999;585663.0;588278.5
1825;Totaal mannen en vrouwen;Totaal;Totaal burgerlijke staat;West-Noord-Brabant (CR);2000;590894.0;593553.0
1826;Totaal mannen en vrouwen;Totaal;Totaal burgerlijke staat;West-Noord-Brabant (CR);2001;596212.0;598175.5
1827;Totaal mannen en vrouwen;Totaal;Totaal burgerlijke staat;West-Noord-Brabant (CR);2002;600139.0;601539.5
1828;Totaal mannen en vrouwen;Totaal;Totaal burgerlijke staat;West-Noord-Brabant (CR);2003;602940.0;603910.0
1829;Totaal mannen en vrouwen;Totaal;Totaal burgerlijke staat;West-Noord-Brabant (CR);2004;604880.0;605658.0
1830;Totaal mannen en vrouwen;Totaal;Totaal burgerlijke staat;West-Noord-Brabant (CR);2005;606436.0;607079.0
1831;Totaal mannen en vrouwen;Totaal;Totaal burgerlijke staat;West-Noord-Brabant (CR);2006;607722.0;608088.5
1832;Totaal mannen en vrouwen;Totaal;Totaal burgerlijke staat;West-Noord-Brabant (CR);2007;608455.0;608999.5
1833;Totaal mannen en vrouwen;Totaal;Totaal burgerlijke staat;West-Noord-Brabant (CR);2008;609544.0;610808.5
1834;Totaal mannen en vrouwen;Totaal;Totaal burgerlijke staat;West-Noord-Brabant (CR);2009;612073.0;613158.0
1835;Totaal mannen en vrouwen;Totaal;Totaal burgerlijke staat;West-Noord-Brabant (CR);2010;614243.0;615250.0
1836;Totaal mannen en vrouwen;Totaal;Totaal burgerlijke staat;West-Noord-Brabant (CR);2011;616257.0;617410.0
1837;Totaal mannen en vrouwen;Totaal;Totaal burgerlijke staat;West-Noord-Brabant (CR);2012;618563.0;619384.0
1838;Totaal mannen en vrouwen;Totaal;Totaal burgerlijke staat;West-Noord-Brabant (CR);2013;620205.0;621128.5
1839;Totaal mannen en vrouwen;Totaal;Totaal burgerlijke staat;West-Noord-Brabant (CR);2014;622052.0;622967.0
1840;Totaal mannen en vrouwen;Totaal;Totaal burgerlijke staat;West-Noord-Brabant (CR);2015;623882.0;624600.5
1841;Totaal mannen en vrouwen;Totaal;Totaal burgerlijke staat;West-Noord-Brabant (CR);2016;625319.0;626643.0
1842;Totaal mannen en vrouwen;Totaal;Totaal burgerlijke staat;West-Noord-Brabant (CR);2017;627967.0;629695.0
1843;Totaal mannen en vrouwen;Totaal;Totaal burgerlijke staat;West-Noord-Brabant (CR);2018;631423.0;632726.5
1844;Totaal mannen en vrouwen;Totaal;Totaal burgerlijke staat;West-Noord-Brabant (CR);2019;634030.0;634967.0
1845;Totaal mannen en vrouwen;Totaal;Totaal burgerlijke staat;West-Noord-Brabant (CR);2020;635904.0;636467.5
1846;Totaal mannen en vrouwen;Totaal;Totaal burgerlijke staat;West-Noord-Brabant (CR);2021;637031.0;638546.0
1847;Totaal mannen en vrouwen;Totaal;Totaal burgerlijke staat;West-Noord-Brabant (CR);2022;640061.0;643389.5
1848;Totaal mannen en vrouwen;Totaal;Totaal burgerlijke staat;West-Noord-Brabant (CR);2023;646718.0;648946.5
1849;Totaal mannen en vrouwen;Totaal;Totaal burgerlijke staat;West-Noord-Brabant (CR);2024;651175.0;
1850;Totaal mannen en vrouwen;Totaal;Totaal burgerlijke staat;Midden-Noord-Brabant (CR);1988;433623.0;
1851;Totaal mannen en vrouwen;Totaal;Totaal burgerlijke staat;Midden-Noord-Brabant (CR);1989;437356.0;
1852;Totaal mannen en vrouwen;Totaal;Totaal burgerlijke staat;Midden-Noord-Brabant (CR);1990;440912.0;
1853;Totaal mannen en vrouwen;Totaal;Totaal burgerlijke staat;Midden-Noord-Brabant (CR);1991;445186.0;
1854;Totaal mannen en vrouwen;Totaal;Totaal burgerlijke staat;Midden-Noord-Brabant (CR);1992;448564.0;
1855;Totaal mannen en vrouwen;Totaal;Totaal burgerlijke staat;Midden-Noord-Brabant (CR);1993;452146.0;
1856;Totaal mannen en vrouwen;Totaal;Totaal burgerlijke staat;Midden-Noord-Brabant (CR);1994;454623.0;
1857;Totaal mannen en vrouwen;Totaal;Totaal burgerlijke staat;Midden-Noord-Brabant (CR);1995;457210.0;457976.5
1858;Totaal mannen en vrouwen;Totaal;Totaal burgerlijke staat;Midden-Noord-Brabant (CR);1996;453250.0;454045.0
1859;Totaal mannen en vrouwen;Totaal;Totaal burgerlijke staat;Midden-Noord-Brabant (CR);1997;425873.0;427740.5
1860;Totaal mannen en vrouwen;Totaal;Totaal burgerlijke staat;Midden-Noord-Brabant (CR);1998;429608.0;432866.0
1861;Totaal mannen en vrouwen;Totaal;Totaal burgerlijke staat;Midden-Noord-Brabant (CR);1999;436124.0;438087.0
1862;Totaal mannen en vrouwen;Totaal;Totaal burgerlijke staat;Midden-Noord-Brabant (CR);2000;440050.0;442021.0
1863;Totaal mannen en vrouwen;Totaal;Totaal burgerlijke staat;Midden-Noord-Brabant (CR);2001;443992.0;445491.0
1864;Totaal mannen en vrouwen;Totaal;Totaal burgerlijke staat;Midden-Noord-Brabant (CR);2002;446990.0;447617.0
1865;Totaal mannen en vrouwen;Totaal;Totaal burgerlijke staat;Midden-Noord-Brabant (CR);2003;448244.0;449102.0
1866;Totaal mannen en vrouwen;Totaal;Totaal burgerlijke staat;Midden-Noord-Brabant (CR);2004;449960.0;450472.0
1867;Totaal mannen en vrouwen;Totaal;Totaal burgerlijke staat;Midden-Noord-Brabant (CR);2005;450984.0;451576.0
1868;Totaal mannen en vrouwen;Totaal;Totaal burgerlijke staat;Midden-Noord-Brabant (CR);2006;452168.0;452512.0
1869;Totaal mannen en vrouwen;Totaal;Totaal burgerlijke staat;Midden-Noord-Brabant (CR);2007;452856.0;453534.5
1870;Totaal mannen en vrouwen;Totaal;Totaal burgerlijke staat;Midden-Noord-Brabant (CR);2008;454213.0;455123.0
1871;Totaal mannen en vrouwen;Totaal;Totaal burgerlijke staat;Midden-Noord-Brabant (CR);2009;456033.0;456904.5
1872;Totaal mannen en vrouwen;Totaal;Totaal burgerlijke staat;Midden-Noord-Brabant (CR);2010;457776.0;458629.5
1873;Totaal mannen en vrouwen;Totaal;Totaal burgerlijke staat;Midden-Noord-Brabant (CR);2011;459483.0;460406.0
1874;Totaal mannen en vrouwen;Totaal;Totaal burgerlijke staat;Midden-Noord-Brabant (CR);2012;461329.0;462183.5
1875;Totaal mannen en vrouwen;Totaal;Totaal burgerlijke staat;Midden-Noord-Brabant (CR);2013;463038.0;464146.0
1876;Totaal mannen en vrouwen;Totaal;Totaal burgerlijke staat;Midden-Noord-Brabant (CR);2014;465254.0;465968.5
1877;Totaal mannen en vrouwen;Totaal;Totaal burgerlijke staat;Midden-Noord-Brabant (CR);2015;466683.0;467933.5
1878;Totaal mannen en vrouwen;Totaal;Totaal burgerlijke staat;Midden-Noord-Brabant (CR);2016;469184.0;470460.5
1879;Totaal mannen en vrouwen;Totaal;Totaal burgerlijke staat;Midden-Noord-Brabant (CR);2017;471737.0;473480.0
1880;Totaal mannen en vrouwen;Totaal;Totaal burgerlijke staat;Midden-Noord-Brabant (CR);2018;475223.0;477090.0
1881;Totaal mannen en vrouwen;Totaal;Totaal burgerlijke staat;Midden-Noord-Brabant (CR);2019;478957.0;481070.0
1882;Totaal mannen en vrouwen;Totaal;Totaal burgerlijke staat;Midden-Noord-Brabant (CR);2020;483183.0;484460.5
1883;Totaal mannen en vrouwen;Totaal;Totaal burgerlijke staat;Midden-Noord-Brabant (CR);2021;493004.0;495135.0
1884;Totaal mannen en vrouwen;Totaal;Totaal burgerlijke staat;Midden-Noord-Brabant (CR);2022;497266.0;500532.0
1885;Totaal mannen en vrouwen;Totaal;Totaal burgerlijke staat;Midden-Noord-Brabant (CR);2023;503798.0;505636.0
1886;Totaal mannen en vrouwen;Totaal;Totaal burgerlijke staat;Midden-Noord-Brabant (CR);2024;507474.0;
1887;Totaal mannen en vrouwen;Totaal;Totaal burgerlijke staat;Noordoost-Noord-Brabant (CR);1988;530480.0;
1888;Totaal mannen en vrouwen;Totaal;Totaal burgerlijke staat;Noordoost-Noord-Brabant (CR);1989;534920.0;
1889;Totaal mannen en vrouwen;Totaal;Totaal burgerlijke staat;Noordoost-Noord-Brabant (CR);1990;539224.0;
1890;Totaal mannen en vrouwen;Totaal;Totaal burgerlijke staat;Noordoost-Noord-Brabant (CR);1991;544183.0;
1891;Totaal mannen en vrouwen;Totaal;Totaal burgerlijke staat;Noordoost-Noord-Brabant (CR);1992;548480.0;
1892;Totaal mannen en vrouwen;Totaal;Totaal burgerlijke staat;Noordoost-Noord-Brabant (CR);1993;553556.0;
1893;Totaal mannen en vrouwen;Totaal;Totaal burgerlijke staat;Noordoost-Noord-Brabant (CR);1994;558264.0;
1894;Totaal mannen en vrouwen;Totaal;Totaal burgerlijke staat;Noordoost-Noord-Brabant (CR);1995;562627.0;564789.5
1895;Totaal mannen en vrouwen;Totaal;Totaal burgerlijke staat;Noordoost-Noord-Brabant (CR);1996;572445.0;574917.5
1896;Totaal mannen en vrouwen;Totaal;Totaal burgerlijke staat;Noordoost-Noord-Brabant (CR);1997;604320.0;606139.0
1897;Totaal mannen en vrouwen;Totaal;Totaal burgerlijke staat;Noordoost-Noord-Brabant (CR);1998;607958.0;609659.0
1898;Totaal mannen en vrouwen;Totaal;Totaal burgerlijke staat;Noordoost-Noord-Brabant (CR);1999;611360.0;613505.0
1899;Totaal mannen en vrouwen;Totaal;Totaal burgerlijke staat;Noordoost-Noord-Brabant (CR);2000;615650.0;618202.5
1900;Totaal mannen en vrouwen;Totaal;Totaal burgerlijke staat;Noordoost-Noord-Brabant (CR);2001;620755.0;622795.5
1901;Totaal mannen en vrouwen;Totaal;Totaal burgerlijke staat;Noordoost-Noord-Brabant (CR);2002;624836.0;625436.5
1902;Totaal mannen en vrouwen;Totaal;Totaal burgerlijke staat;Noordoost-Noord-Brabant (CR);2003;626037.0;626610.0
1903;Totaal mannen en vrouwen;Totaal;Totaal burgerlijke staat;Noordoost-Noord-Brabant (CR);2004;627183.0;627285.0
1904;Totaal mannen en vrouwen;Totaal;Totaal burgerlijke staat;Noordoost-Noord-Brabant (CR);2005;627387.0;627896.0
1905;Totaal mannen en vrouwen;Totaal;Totaal burgerlijke staat;Noordoost-Noord-Brabant (CR);2006;628405.0;629001.5
1906;Totaal mannen en vrouwen;Totaal;Totaal burgerlijke staat;Noordoost-Noord-Brabant (CR);2007;629598.0;630390.5
1907;Totaal mannen en vrouwen;Totaal;Totaal burgerlijke staat;Noordoost-Noord-Brabant (CR);2008;631183.0;632453.0
1908;Totaal mannen en vrouwen;Totaal;Totaal burgerlijke staat;Noordoost-Noord-Brabant (CR);2009;633723.0;635349.0
1909;Totaal mannen en vrouwen;Totaal;Totaal burgerlijke staat;Noordoost-Noord-Brabant (CR);2010;636975.0;638297.5
1910;Totaal mannen en vrouwen;Totaal;Totaal burgerlijke staat;Noordoost-Noord-Brabant (CR);2011;639620.0;640518.5
1911;Totaal mannen en vrouwen;Totaal;Totaal burgerlijke staat;Noordoost-Noord-Brabant (CR);2012;641417.0;642083.0
1912;Totaal mannen en vrouwen;Totaal;Totaal burgerlijke staat;Noordoost-Noord-Brabant (CR);2013;642749.0;643195.5
1913;Totaal mannen en vrouwen;Totaal;Totaal burgerlijke staat;Noordoost-Noord-Brabant (CR);2014;643642.0;644652.5
1914;Totaal mannen en vrouwen;Totaal;Totaal burgerlijke staat;Noordoost-Noord-Brabant (CR);2015;645663.0;646647.0
1915;Totaal mannen en vrouwen;Totaal;Totaal burgerlijke staat;Noordoost-Noord-Brabant (CR);2016;647631.0;649347.5
1916;Totaal mannen en vrouwen;Totaal;Totaal burgerlijke staat;Noordoost-Noord-Brabant (CR);2017;651064.0;652943.0
1917;Totaal mannen en vrouwen;Totaal;Totaal burgerlijke staat;Noordoost-Noord-Brabant (CR);2018;654822.0;656719.0
1918;Totaal mannen en vrouwen;Totaal;Totaal burgerlijke staat;Noordoost-Noord-Brabant (CR);2019;658616.0;660936.5
1919;Totaal mannen en vrouwen;Totaal;Totaal burgerlijke staat;Noordoost-Noord-Brabant (CR);2020;663257.0;665023.5
1920;Totaal mannen en vrouwen;Totaal;Totaal burgerlijke staat;Noordoost-Noord-Brabant (CR);2021;659524.0;661998.0
1921;Totaal mannen en vrouwen;Totaal;Totaal burgerlijke staat;Noordoost-Noord-Brabant (CR);2022;664472.0;668493.0
1922;Totaal mannen en vrouwen;Totaal;Totaal burgerlijke staat;Noordoost-Noord-Brabant (CR);2023;672514.0;674714.0
1923;Totaal mannen en vrouwen;Totaal;Totaal burgerlijke staat;Noordoost-Noord-Brabant (CR);2024;676914.0;
1924;Totaal mannen en vrouwen;Totaal;Totaal burgerlijke staat;Zuidoost-Noord-Brabant (CR);1988;642345.0;
1925;Totaal mannen en vrouwen;Totaal;Totaal burgerlijke staat;Zuidoost-Noord-Brabant (CR);1989;646727.0;
1926;Totaal mannen en vrouwen;Totaal;Totaal burgerlijke staat;Zuidoost-Noord-Brabant (CR);1990;651378.0;
1927;Totaal mannen en vrouwen;Totaal;Totaal burgerlijke staat;Zuidoost-Noord-Brabant (CR);1991;657401.0;
1928;Totaal mannen en vrouwen;Totaal;Totaal burgerlijke staat;Zuidoost-Noord-Brabant (CR);1992;661446.0;
1929;Totaal mannen en vrouwen;Totaal;Totaal burgerlijke staat;Zuidoost-Noord-Brabant (CR);1993;666404.0;
1930;Totaal mannen en vrouwen;Totaal;Totaal burgerlijke staat;Zuidoost-Noord-Brabant (CR);1994;671439.0;
1931;Totaal mannen en vrouwen;Totaal;Totaal burgerlijke staat;Zuidoost-Noord-Brabant (CR);1995;676529.0;679176.0
1932;Totaal mannen en vrouwen;Totaal;Totaal burgerlijke staat;Zuidoost-Noord-Brabant (CR);1996;681823.0;684053.0
1933;Totaal mannen en vrouwen;Totaal;Totaal burgerlijke staat;Zuidoost-Noord-Brabant (CR);1997;696034.0;697983.0
1934;Totaal mannen en vrouwen;Totaal;Totaal burgerlijke staat;Zuidoost-Noord-Brabant (CR);1998;699932.0;702247.0
1935;Totaal mannen en vrouwen;Totaal;Totaal burgerlijke staat;Zuidoost-Noord-Brabant (CR);1999;704562.0;706986.0
1936;Totaal mannen en vrouwen;Totaal;Totaal burgerlijke staat;Zuidoost-Noord-Brabant (CR);2000;709410.0;711783.5
1937;Totaal mannen en vrouwen;Totaal;Totaal burgerlijke staat;Zuidoost-Noord-Brabant (CR);2001;714157.0;716657.5
1938;Totaal mannen en vrouwen;Totaal;Totaal burgerlijke staat;Zuidoost-Noord-Brabant (CR);2002;719158.0;721067.5
1939;Totaal mannen en vrouwen;Totaal;Totaal burgerlijke staat;Zuidoost-Noord-Brabant (CR);2003;722977.0;723974.0
1940;Totaal mannen en vrouwen;Totaal;Totaal burgerlijke staat;Zuidoost-Noord-Brabant (CR);2004;724971.0;725761.5
1941;Totaal mannen en vrouwen;Totaal;Totaal burgerlijke staat;Zuidoost-Noord-Brabant (CR);2005;726552.0;727101.5
1942;Totaal mannen en vrouwen;Totaal;Totaal burgerlijke staat;Zuidoost-Noord-Brabant (CR);2006;727651.0;727892.0
1943;Totaal mannen en vrouwen;Totaal;Totaal burgerlijke staat;Zuidoost-Noord-Brabant (CR);2007;728133.0;729010.0
1944;Totaal mannen en vrouwen;Totaal;Totaal burgerlijke staat;Zuidoost-Noord-Brabant (CR);2008;729887.0;731309.0
1945;Totaal mannen en vrouwen;Totaal;Totaal burgerlijke staat;Zuidoost-Noord-Brabant (CR);2009;732731.0;733947.5
1946;Totaal mannen en vrouwen;Totaal;Totaal burgerlijke staat;Zuidoost-Noord-Brabant (CR);2010;735164.0;737009.5
1947;Totaal mannen en vrouwen;Totaal;Totaal burgerlijke staat;Zuidoost-Noord-Brabant (CR);2011;738855.0;740616.0
1948;Totaal mannen en vrouwen;Totaal;Totaal burgerlijke staat;Zuidoost-Noord-Brabant (CR);2012;742377.0;743698.0
1949;Totaal mannen en vrouwen;Totaal;Totaal burgerlijke staat;Zuidoost-Noord-Brabant (CR);2013;745019.0;746672.5
1950;Totaal mannen en vrouwen;Totaal;Totaal burgerlijke staat;Zuidoost-Noord-Brabant (CR);2014;748326.0;750424.5
1951;Totaal mannen en vrouwen;Totaal;Totaal burgerlijke staat;Zuidoost-Noord-Brabant (CR);2015;752523.0;754569.0
1952;Totaal mannen en vrouwen;Totaal;Totaal burgerlijke staat;Zuidoost-Noord-Brabant (CR);2016;756615.0;759189.0
1953;Totaal mannen en vrouwen;Totaal;Totaal burgerlijke staat;Zuidoost-Noord-Brabant (CR);2017;761763.0;764290.5
1954;Totaal mannen en vrouwen;Totaal;Totaal burgerlijke staat;Zuidoost-Noord-Brabant (CR);2018;766818.0;770010.5
1955;Totaal mannen en vrouwen;Totaal;Totaal burgerlijke staat;Zuidoost-Noord-Brabant (CR);2019;773203.0;776907.0
1956;Totaal mannen en vrouwen;Totaal;Totaal burgerlijke staat;Zuidoost-Noord-Brabant (CR);2020;780611.0;782500.5
1957;Totaal mannen en vrouwen;Totaal;Totaal burgerlijke staat;Zuidoost-Noord-Brabant (CR);2021;784390.0;787732.5
1958;Totaal mannen en vrouwen;Totaal;Totaal burgerlijke staat;Zuidoost-Noord-Brabant (CR);2022;791075.0;797127.5
1959;Totaal mannen en vrouwen;Totaal;Totaal burgerlijke staat;Zuidoost-Noord-Brabant (CR);2023;803180.0;806178.0
1960;Totaal mannen en vrouwen;Totaal;Totaal burgerlijke staat;Zuidoost-Noord-Brabant (CR);2024;809176.0;
1961;Totaal mannen en vrouwen;Totaal;Totaal burgerlijke staat;Noord-Limburg (CR);1988;257225.0;
1962;Totaal mannen en vrouwen;Totaal;Totaal burgerlijke staat;Noord-Limburg (CR);1989;258103.0;
1963;Totaal mannen en vrouwen;Totaal;Totaal burgerlijke staat;Noord-Limburg (CR);1990;259488.0;
1964;Totaal mannen en vrouwen;Totaal;Totaal burgerlijke staat;Noord-Limburg (CR);1991;260904.0;
1965;Totaal mannen en vrouwen;Totaal;Totaal burgerlijke staat;Noord-Limburg (CR);1992;262411.0;
1966;Totaal mannen en vrouwen;Totaal;Totaal burgerlijke staat;Noord-Limburg (CR);1993;264375.0;
1967;Totaal mannen en vrouwen;Totaal;Totaal burgerlijke staat;Noord-Limburg (CR);1994;265940.0;
1968;Totaal mannen en vrouwen;Totaal;Totaal burgerlijke staat;Noord-Limburg (CR);1995;267718.0;268280.0
1969;Totaal mannen en vrouwen;Totaal;Totaal burgerlijke staat;Noord-Limburg (CR);1996;268842.0;269315.0
1970;Totaal mannen en vrouwen;Totaal;Totaal burgerlijke staat;Noord-Limburg (CR);1997;269788.0;270304.0
1971;Totaal mannen en vrouwen;Totaal;Totaal burgerlijke staat;Noord-Limburg (CR);1998;270820.0;271268.5
1972;Totaal mannen en vrouwen;Totaal;Totaal burgerlijke staat;Noord-Limburg (CR);1999;271717.0;272358.5
1973;Totaal mannen en vrouwen;Totaal;Totaal burgerlijke staat;Noord-Limburg (CR);2000;273000.0;273801.5
1974;Totaal mannen en vrouwen;Totaal;Totaal burgerlijke staat;Noord-Limburg (CR);2001;274603.0;275545.5
1975;Totaal mannen en vrouwen;Totaal;Totaal burgerlijke staat;Noord-Limburg (CR);2002;276488.0;277118.0
1976;Totaal mannen en vrouwen;Totaal;Totaal burgerlijke staat;Noord-Limburg (CR);2003;277748.0;277857.0
1977;Totaal mannen en vrouwen;Totaal;Totaal burgerlijke staat;Noord-Limburg (CR);2004;277966.0;278246.0
1978;Totaal mannen en vrouwen;Totaal;Totaal burgerlijke staat;Noord-Limburg (CR);2005;278526.0;278455.5
1979;Totaal mannen en vrouwen;Totaal;Totaal burgerlijke staat;Noord-Limburg (CR);2006;278385.0;278548.5
1980;Totaal mannen en vrouwen;Totaal;Totaal burgerlijke staat;Noord-Limburg (CR);2007;278712.0;278765.0
1981;Totaal mannen en vrouwen;Totaal;Totaal burgerlijke staat;Noord-Limburg (CR);2008;278818.0;279086.5
1982;Totaal mannen en vrouwen;Totaal;Totaal burgerlijke staat;Noord-Limburg (CR);2009;279355.0;279696.0
1983;Totaal mannen en vrouwen;Totaal;Totaal burgerlijke staat;Noord-Limburg (CR);2010;280037.0;280070.0
1984;Totaal mannen en vrouwen;Totaal;Totaal burgerlijke staat;Noord-Limburg (CR);2011;280103.0;280273.0
1985;Totaal mannen en vrouwen;Totaal;Totaal burgerlijke staat;Noord-Limburg (CR);2012;280443.0;280430.5
1986;Totaal mannen en vrouwen;Totaal;Totaal burgerlijke staat;Noord-Limburg (CR);2013;280418.0;280467.5
1987;Totaal mannen en vrouwen;Totaal;Totaal burgerlijke staat;Noord-Limburg (CR);2014;280517.0;280534.5
1988;Totaal mannen en vrouwen;Totaal;Totaal burgerlijke staat;Noord-Limburg (CR);2015;280552.0;280261.5
1989;Totaal mannen en vrouwen;Totaal;Totaal burgerlijke staat;Noord-Limburg (CR);2016;279971.0;280742.5
1990;Totaal mannen en vrouwen;Totaal;Totaal burgerlijke staat;Noord-Limburg (CR);2017;281514.0;281500.0
1991;Totaal mannen en vrouwen;Totaal;Totaal burgerlijke staat;Noord-Limburg (CR);2018;281486.0;281776.5
1992;Totaal mannen en vrouwen;Totaal;Totaal burgerlijke staat;Noord-Limburg (CR);2019;282067.0;282336.0
1993;Totaal mannen en vrouwen;Totaal;Totaal burgerlijke staat;Noord-Limburg (CR);2020;282605.0;282977.5
1994;Totaal mannen en vrouwen;Totaal;Totaal burgerlijke staat;Noord-Limburg (CR);2021;283350.0;284253.5
1995;Totaal mannen en vrouwen;Totaal;Totaal burgerlijke staat;Noord-Limburg (CR);2022;285157.0;287202.5
1996;Totaal mannen en vrouwen;Totaal;Totaal burgerlijke staat;Noord-Limburg (CR);2023;289248.0;289820.0
1997;Totaal mannen en vrouwen;Totaal;Totaal burgerlijke staat;Noord-Limburg (CR);2024;290392.0;
1998;Totaal mannen en vrouwen;Totaal;Totaal burgerlijke staat;Midden-Limburg (CR);1988;206735.0;
1999;Totaal mannen en vrouwen;Totaal;Totaal burgerlijke staat;Midden-Limburg (CR);1989;207856.0;
2000;Totaal mannen en vrouwen;Totaal;Totaal burgerlijke staat;Midden-Limburg (CR);1990;208777.0;
2001;Totaal mannen en vrouwen;Totaal;Totaal burgerlijke staat;Midden-Limburg (CR);1991;210156.0;
2002;Totaal mannen en vrouwen;Totaal;Totaal burgerlijke staat;Midden-Limburg (CR);1992;211198.0;
2003;Totaal mannen en vrouwen;Totaal;Totaal burgerlijke staat;Midden-Limburg (CR);1993;212186.0;
2004;Totaal mannen en vrouwen;Totaal;Totaal burgerlijke staat;Midden-Limburg (CR);1994;213836.0;
2005;Totaal mannen en vrouwen;Totaal;Totaal burgerlijke staat;Midden-Limburg (CR);1995;214688.0;215496.5
2006;Totaal mannen en vrouwen;Totaal;Totaal burgerlijke staat;Midden-Limburg (CR);1996;216305.0;216599.0
2007;Totaal mannen en vrouwen;Totaal;Totaal burgerlijke staat;Midden-Limburg (CR);1997;216893.0;217258.0
2008;Totaal mannen en vrouwen;Totaal;Totaal burgerlijke staat;Midden-Limburg (CR);1998;217623.0;218017.5
2009;Totaal mannen en vrouwen;Totaal;Totaal burgerlijke staat;Midden-Limburg (CR);1999;218412.0;218861.0
2010;Totaal mannen en vrouwen;Totaal;Totaal burgerlijke staat;Midden-Limburg (CR);2000;219310.0;219746.0
2011;Totaal mannen en vrouwen;Totaal;Totaal burgerlijke staat;Midden-Limburg (CR);2001;220182.0;220453.5
2012;Totaal mannen en vrouwen;Totaal;Totaal burgerlijke staat;Midden-Limburg (CR);2002;220725.0;220919.5
2013;Totaal mannen en vrouwen;Totaal;Totaal burgerlijke staat;Midden-Limburg (CR);2003;234074.0;233933.5
2014;Totaal mannen en vrouwen;Totaal;Totaal burgerlijke staat;Midden-Limburg (CR);2004;233793.0;234016.5
2015;Totaal mannen en vrouwen;Totaal;Totaal burgerlijke staat;Midden-Limburg (CR);2005;234240.0;234213.5
2016;Totaal mannen en vrouwen;Totaal;Totaal burgerlijke staat;Midden-Limburg (CR);2006;234202.0;234226.5
2017;Totaal mannen en vrouwen;Totaal;Totaal burgerlijke staat;Midden-Limburg (CR);2007;234251.0;234135.0
2018;Totaal mannen en vrouwen;Totaal;Totaal burgerlijke staat;Midden-Limburg (CR);2008;234019.0;234191.5
2019;Totaal mannen en vrouwen;Totaal;Totaal burgerlijke staat;Midden-Limburg (CR);2009;234364.0;234622.0
2020;Totaal mannen en vrouwen;Totaal;Totaal burgerlijke staat;Midden-Limburg (CR);2010;234880.0;235045.5
2021;Totaal mannen en vrouwen;Totaal;Totaal burgerlijke staat;Midden-Limburg (CR);2011;235211.0;235314.5
2022;Totaal mannen en vrouwen;Totaal;Totaal burgerlijke staat;Midden-Limburg (CR);2012;235418.0;235495.5
2023;Totaal mannen en vrouwen;Totaal;Totaal burgerlijke staat;Midden-Limburg (CR);2013;235573.0;235454.0
2024;Totaal mannen en vrouwen;Totaal;Totaal burgerlijke staat;Midden-Limburg (CR);2014;235335.0;235343.0
2025;Totaal mannen en vrouwen;Totaal;Totaal burgerlijke staat;Midden-Limburg (CR);2015;235351.0;235390.0
2026;Totaal mannen en vrouwen;Totaal;Totaal burgerlijke staat;Midden-Limburg (CR);2016;235429.0;235712.0
2027;Totaal mannen en vrouwen;Totaal;Totaal burgerlijke staat;Midden-Limburg (CR);2017;235995.0;236341.0
2028;Totaal mannen en vrouwen;Totaal;Totaal burgerlijke staat;Midden-Limburg (CR);2018;236687.0;236694.5
2029;Totaal mannen en vrouwen;Totaal;Totaal burgerlijke staat;Midden-Limburg (CR);2019;236702.0;237057.0
2030;Totaal mannen en vrouwen;Totaal;Totaal burgerlijke staat;Midden-Limburg (CR);2020;237412.0;237840.0
2031;Totaal mannen en vrouwen;Totaal;Totaal burgerlijke staat;Midden-Limburg (CR);2021;238268.0;238683.0
2032;Totaal mannen en vrouwen;Totaal;Totaal burgerlijke staat;Midden-Limburg (CR);2022;239098.0;240282.5
2033;Totaal mannen en vrouwen;Totaal;Totaal burgerlijke staat;Midden-Limburg (CR);2023;241467.0;242020.0
2034;Totaal mannen en vrouwen;Totaal;Totaal burgerlijke staat;Midden-Limburg (CR);2024;242573.0;
2035;Totaal mannen en vrouwen;Totaal;Totaal burgerlijke staat;Zuid-Limburg (CR);1988;631464.0;
2036;Totaal mannen en vrouwen;Totaal;Totaal burgerlijke staat;Zuid-Limburg (CR);1989;633663.0;
2037;Totaal mannen en vrouwen;Totaal;Totaal burgerlijke staat;Zuid-Limburg (CR);1990;635695.0;
2038;Totaal mannen en vrouwen;Totaal;Totaal burgerlijke staat;Zuid-Limburg (CR);1991;638781.0;
2039;Totaal mannen en vrouwen;Totaal;Totaal burgerlijke staat;Zuid-Limburg (CR);1992;641876.0;
2040;Totaal mannen en vrouwen;Totaal;Totaal burgerlijke staat;Zuid-Limburg (CR);1993;643381.0;
2041;Totaal mannen en vrouwen;Totaal;Totaal burgerlijke staat;Zuid-Limburg (CR);1994;645411.0;
2042;Totaal mannen en vrouwen;Totaal;Totaal burgerlijke staat;Zuid-Limburg (CR);1995;647644.0;648083.0
2043;Totaal mannen en vrouwen;Totaal;Totaal burgerlijke staat;Zuid-Limburg (CR);1996;648522.0;649020.0
2044;Totaal mannen en vrouwen;Totaal;Totaal burgerlijke staat;Zuid-Limburg (CR);1997;649518.0;649505.0
2045;Totaal mannen en vrouwen;Totaal;Totaal burgerlijke staat;Zuid-Limburg (CR);1998;649492.0;649332.5
2046;Totaal mannen en vrouwen;Totaal;Totaal burgerlijke staat;Zuid-Limburg (CR);1999;649173.0;649027.5
2047;Totaal mannen en vrouwen;Totaal;Totaal burgerlijke staat;Zuid-Limburg (CR);2000;648882.0;648388.0
2048;Totaal mannen en vrouwen;Totaal;Totaal burgerlijke staat;Zuid-Limburg (CR);2001;647894.0;646988.5
2049;Totaal mannen en vrouwen;Totaal;Totaal burgerlijke staat;Zuid-Limburg (CR);2002;646083.0;644555.0
2050;Totaal mannen en vrouwen;Totaal;Totaal burgerlijke staat;Zuid-Limburg (CR);2003;630067.0;628821.5
2051;Totaal mannen en vrouwen;Totaal;Totaal burgerlijke staat;Zuid-Limburg (CR);2004;627576.0;625752.5
2052;Totaal mannen en vrouwen;Totaal;Totaal burgerlijke staat;Zuid-Limburg (CR);2005;623929.0;621647.5
2053;Totaal mannen en vrouwen;Totaal;Totaal burgerlijke staat;Zuid-Limburg (CR);2006;619351.0;617096.5
2054;Totaal mannen en vrouwen;Totaal;Totaal burgerlijke staat;Zuid-Limburg (CR);2007;614842.0;612855.0
2055;Totaal mannen en vrouwen;Totaal;Totaal burgerlijke staat;Zuid-Limburg (CR);2008;610868.0;609876.5
2056;Totaal mannen en vrouwen;Totaal;Totaal burgerlijke staat;Zuid-Limburg (CR);2009;608885.0;608334.5
2057;Totaal mannen en vrouwen;Totaal;Totaal burgerlijke staat;Zuid-Limburg (CR);2010;607784.0;607548.5
2058;Totaal mannen en vrouwen;Totaal;Totaal burgerlijke staat;Zuid-Limburg (CR);2011;607313.0;607263.5
2059;Totaal mannen en vrouwen;Totaal;Totaal burgerlijke staat;Zuid-Limburg (CR);2012;607214.0;606557.0
2060;Totaal mannen en vrouwen;Totaal;Totaal burgerlijke staat;Zuid-Limburg (CR);2013;605900.0;605027.0
2061;Totaal mannen en vrouwen;Totaal;Totaal burgerlijke staat;Zuid-Limburg (CR);2014;604154.0;603096.0
2062;Totaal mannen en vrouwen;Totaal;Totaal burgerlijke staat;Zuid-Limburg (CR);2015;602038.0;601449.0
2063;Totaal mannen en vrouwen;Totaal;Totaal burgerlijke staat;Zuid-Limburg (CR);2016;600860.0;600448.5
2064;Totaal mannen en vrouwen;Totaal;Totaal burgerlijke staat;Zuid-Limburg (CR);2017;600037.0;599531.0
2065;Totaal mannen en vrouwen;Totaal;Totaal burgerlijke staat;Zuid-Limburg (CR);2018;599025.0;598196.5
2066;Totaal mannen en vrouwen;Totaal;Totaal burgerlijke staat;Zuid-Limburg (CR);2019;597368.0;597276.0
2067;Totaal mannen en vrouwen;Totaal;Totaal burgerlijke staat;Zuid-Limburg (CR);2020;597184.0;595719.0
2068;Totaal mannen en vrouwen;Totaal;Totaal burgerlijke staat;Zuid-Limburg (CR);2021;594254.0;594150.5
2069;Totaal mannen en vrouwen;Totaal;Totaal burgerlijke staat;Zuid-Limburg (CR);2022;594047.0;595849.5
2070;Totaal mannen en vrouwen;Totaal;Totaal burgerlijke staat;Zuid-Limburg (CR);2023;597652.0;598971.0
2071;Totaal mannen en vrouwen;Totaal;Totaal burgerlijke staat;Zuid-Limburg (CR);2024;600290.0;
2072;Totaal mannen en vrouwen;Totaal;Totaal burgerlijke staat;Flevoland (CR);1988;193739.0;
2073;Totaal mannen en vrouwen;Totaal;Totaal burgerlijke staat;Flevoland (CR);1989;202678.0;
2074;Totaal mannen en vrouwen;Totaal;Totaal burgerlijke staat;Flevoland (CR);1990;211507.0;
2075;Totaal mannen en vrouwen;Totaal;Totaal burgerlijke staat;Flevoland (CR);1991;221505.0;
2076;Totaal mannen en vrouwen;Totaal;Totaal burgerlijke staat;Flevoland (CR);1992;232823.0;
2077;Totaal mannen en vrouwen;Totaal;Totaal burgerlijke staat;Flevoland (CR);1993;243441.0;
2078;Totaal mannen en vrouwen;Totaal;Totaal burgerlijke staat;Flevoland (CR);1994;253699.0;
2079;Totaal mannen en vrouwen;Totaal;Totaal burgerlijke staat;Flevoland (CR);1995;262325.0;267584.0
2080;Totaal mannen en vrouwen;Totaal;Totaal burgerlijke staat;Flevoland (CR);1996;272843.0;277157.5
2081;Totaal mannen en vrouwen;Totaal;Totaal burgerlijke staat;Flevoland (CR);1997;281472.0;287379.0
2082;Totaal mannen en vrouwen;Totaal;Totaal burgerlijke staat;Flevoland (CR);1998;293286.0;299877.0
2083;Totaal mannen en vrouwen;Totaal;Totaal burgerlijke staat;Flevoland (CR);1999;306468.0;311837.0
2084;Totaal mannen en vrouwen;Totaal;Totaal burgerlijke staat;Flevoland (CR);2000;317206.0;323071.0
2085;Totaal mannen en vrouwen;Totaal;Totaal burgerlijke staat;Flevoland (CR);2001;328936.0;335328.5
2086;Totaal mannen en vrouwen;Totaal;Totaal burgerlijke staat;Flevoland (CR);2002;341721.0;346700.5
2087;Totaal mannen en vrouwen;Totaal;Totaal burgerlijke staat;Flevoland (CR);2003;351680.0;355792.0
2088;Totaal mannen en vrouwen;Totaal;Totaal burgerlijke staat;Flevoland (CR);2004;359904.0;362881.5
2089;Totaal mannen en vrouwen;Totaal;Totaal burgerlijke staat;Flevoland (CR);2005;365859.0;368257.5
2090;Totaal mannen en vrouwen;Totaal;Totaal burgerlijke staat;Flevoland (CR);2006;370656.0;372540.0
2091;Totaal mannen en vrouwen;Totaal;Totaal burgerlijke staat;Flevoland (CR);2007;374424.0;376556.0
2092;Totaal mannen en vrouwen;Totaal;Totaal burgerlijke staat;Flevoland (CR);2008;378688.0;381068.5
2093;Totaal mannen en vrouwen;Totaal;Totaal burgerlijke staat;Flevoland (CR);2009;383449.0;385665.0
2094;Totaal mannen en vrouwen;Totaal;Totaal burgerlijke staat;Flevoland (CR);2010;387881.0;389924.0
2095;Totaal mannen en vrouwen;Totaal;Totaal burgerlijke staat;Flevoland (CR);2011;391967.0;393746.0
2096;Totaal mannen en vrouwen;Totaal;Totaal burgerlijke staat;Flevoland (CR);2012;395525.0;396983.0
2097;Totaal mannen en vrouwen;Totaal;Totaal burgerlijke staat;Flevoland (CR);2013;398441.0;399167.0
2098;Totaal mannen en vrouwen;Totaal;Totaal burgerlijke staat;Flevoland (CR);2014;399893.0;400842.0
2099;Totaal mannen en vrouwen;Totaal;Totaal burgerlijke staat;Flevoland (CR);2015;401791.0;402929.5
2100;Totaal mannen en vrouwen;Totaal;Totaal burgerlijke staat;Flevoland (CR);2016;404068.0;405943.0
2101;Totaal mannen en vrouwen;Totaal;Totaal burgerlijke staat;Flevoland (CR);2017;407818.0;409744.0
2102;Totaal mannen en vrouwen;Totaal;Totaal burgerlijke staat;Flevoland (CR);2018;411670.0;414108.0
2103;Totaal mannen en vrouwen;Totaal;Totaal burgerlijke staat;Flevoland (CR);2019;416546.0;419783.5
2104;Totaal mannen en vrouwen;Totaal;Totaal burgerlijke staat;Flevoland (CR);2020;423021.0;425623.5
2105;Totaal mannen en vrouwen;Totaal;Totaal burgerlijke staat;Flevoland (CR);2021;428226.0;431498.5
2106;Totaal mannen en vrouwen;Totaal;Totaal burgerlijke staat;Flevoland (CR);2022;434771.0;439736.0
2107;Totaal mannen en vrouwen;Totaal;Totaal burgerlijke staat;Flevoland (CR);2023;444701.0;447763.5
2108;Totaal mannen en vrouwen;Totaal;Totaal burgerlijke staat;Flevoland (CR);2024;450826.0;
2109;Totaal mannen en vrouwen;Totaal;Totaal burgerlijke staat;Aa en Hunze;1988;;
2110;Totaal mannen en vrouwen;Totaal;Totaal burgerlijke staat;Aa en Hunze;1989;;
2111;Totaal mannen en vrouwen;Totaal;Totaal burgerlijke staat;Aa en Hunze;1990;;
2112;Totaal mannen en vrouwen;Totaal;Totaal burgerlijke staat;Aa en Hunze;1991;;
2113;Totaal mannen en vrouwen;Totaal;Totaal burgerlijke staat;Aa en Hunze;1992;;
2114;Totaal mannen en vrouwen;Totaal;Totaal burgerlijke staat;Aa en Hunze;1993;;
2115;Totaal mannen en vrouwen;Totaal;Totaal burgerlijke staat;Aa en Hunze;1994;;
2116;Totaal mannen en vrouwen;Totaal;Totaal burgerlijke staat;Aa en Hunze;1995;;
2117;Totaal mannen en vrouwen;Totaal;Totaal burgerlijke staat;Aa en Hunze;1996;;
2118;Totaal mannen en vrouwen;Totaal;Totaal burgerlijke staat;Aa en Hunze;1997;;
2119;Totaal mannen en vrouwen;Totaal;Totaal burgerlijke staat;Aa en Hunze;1998;24806.0;24778.5
2120;Totaal mannen en vrouwen;Totaal;Totaal burgerlijke staat;Aa en Hunze;1999;24751.0;24787.5
2121;Totaal mannen en vrouwen;Totaal;Totaal burgerlijke staat;Aa en Hunze;2000;24824.0;25016.0
2122;Totaal mannen en vrouwen;Totaal;Totaal burgerlijke staat;Aa en Hunze;2001;25208.0;25380.0
2123;Totaal mannen en vrouwen;Totaal;Totaal burgerlijke staat;Aa en Hunze;2002;25552.0;25428.5
2124;Totaal mannen en vrouwen;Totaal;Totaal burgerlijke staat;Aa en Hunze;2003;25305.0;25261.5
2125;Totaal mannen en vrouwen;Totaal;Totaal burgerlijke staat;Aa en Hunze;2004;25218.0;25273.5
2126;Totaal mannen en vrouwen;Totaal;Totaal burgerlijke staat;Aa en Hunze;2005;25329.0;25418.0
2127;Totaal mannen en vrouwen;Totaal;Totaal burgerlijke staat;Aa en Hunze;2006;25507.0;25535.0
2128;Totaal mannen en vrouwen;Totaal;Totaal burgerlijke staat;Aa en Hunze;2007;25563.0;25580.5
2129;Totaal mannen en vrouwen;Totaal;Totaal burgerlijke staat;Aa en Hunze;2008;25598.0;25636.5
2130;Totaal mannen en vrouwen;Totaal;Totaal burgerlijke staat;Aa en Hunze;2009;25675.0;25619.0
2131;Totaal mannen en vrouwen;Totaal;Totaal burgerlijke staat;Aa en Hunze;2010;25563.0;25674.0
2132;Totaal mannen en vrouwen;Totaal;Totaal burgerlijke staat;Aa en Hunze;2011;25785.0;25761.5
2133;Totaal mannen en vrouwen;Totaal;Totaal burgerlijke staat;Aa en Hunze;2012;25738.0;25639.5
2134;Totaal mannen en vrouwen;Totaal;Totaal burgerlijke staat;Aa en Hunze;2013;25541.0;25449.0
2135;Totaal mannen en vrouwen;Totaal;Totaal burgerlijke staat;Aa en Hunze;2014;25357.0;25280.0
2136;Totaal mannen en vrouwen;Totaal;Totaal burgerlijke staat;Aa en Hunze;2015;25203.0;25223.0
2137;Totaal mannen en vrouwen;Totaal;Totaal burgerlijke staat;Aa en Hunze;2016;25243.0;25264.5
2138;Totaal mannen en vrouwen;Totaal;Totaal burgerlijke staat;Aa en Hunze;2017;25286.0;25338.0
2139;Totaal mannen en vrouwen;Totaal;Totaal burgerlijke staat;Aa en Hunze;2018;25390.0;25388.0
2140;Totaal mannen en vrouwen;Totaal;Totaal burgerlijke staat;Aa en Hunze;2019;25386.0;25415.5
2141;Totaal mannen en vrouwen;Totaal;Totaal burgerlijke staat;Aa en Hunze;2020;25445.0;25422.0
2142;Totaal mannen en vrouwen;Totaal;Totaal burgerlijke staat;Aa en Hunze;2021;25399.0;25489.0
2143;Totaal mannen en vrouwen;Totaal;Totaal burgerlijke staat;Aa en Hunze;2022;25579.0;25651.5
2144;Totaal mannen en vrouwen;Totaal;Totaal burgerlijke staat;Aa en Hunze;2023;25724.0;25784.5
2145;Totaal mannen en vrouwen;Totaal;Totaal burgerlijke staat;Aa en Hunze;2024;25845.0;
2146;Totaal mannen en vrouwen;Totaal;Totaal burgerlijke staat;Aalburg;1988;10597.0;
2147;Totaal mannen en vrouwen;Totaal;Totaal burgerlijke staat;Aalburg;1989;10687.0;
2148;Totaal mannen en vrouwen;Totaal;Totaal burgerlijke staat;Aalburg;1990;10793.0;
2149;Totaal mannen en vrouwen;Totaal;Totaal burgerlijke staat;Aalburg;1991;10883.0;
2150;Totaal mannen en vrouwen;Totaal;Totaal burgerlijke staat;Aalburg;1992;10952.0;
2151;Totaal mannen en vrouwen;Totaal;Totaal burgerlijke staat;Aalburg;1993;11041.0;
2152;Totaal mannen en vrouwen;Totaal;Totaal burgerlijke staat;Aalburg;1994;11081.0;
2153;Totaal mannen en vrouwen;Totaal;Totaal burgerlijke staat;Aalburg;1995;11188.0;11194.5
2154;Totaal mannen en vrouwen;Totaal;Totaal burgerlijke staat;Aalburg;1996;11201.0;11275.0
2155;Totaal mannen en vrouwen;Totaal;Totaal burgerlijke staat;Aalburg;1997;11349.0;11439.0
2156;Totaal mannen en vrouwen;Totaal;Totaal burgerlijke staat;Aalburg;1998;11529.0;11610.0
2157;Totaal mannen en vrouwen;Totaal;Totaal burgerlijke staat;Aalburg;1999;11691.0;11732.5
2158;Totaal mannen en vrouwen;Totaal;Totaal burgerlijke staat;Aalburg;2000;11774.0;11851.0
2159;Totaal mannen en vrouwen;Totaal;Totaal burgerlijke staat;Aalburg;2001;11928.0;11967.0
2160;Totaal mannen en vrouwen;Totaal;Totaal burgerlijke staat;Aalburg;2002;12006.0;12046.5
2161;Totaal mannen en vrouwen;Totaal;Totaal burgerlijke staat;Aalburg;2003;12087.0;12145.5
2162;Totaal mannen en vrouwen;Totaal;Totaal burgerlijke staat;Aalburg;2004;12204.0;12184.0
2163;Totaal mannen en vrouwen;Totaal;Totaal burgerlijke staat;Aalburg;2005;12164.0;12193.0
2164;Totaal mannen en vrouwen;Totaal;Totaal burgerlijke staat;Aalburg;2006;12222.0;12257.5
2165;Totaal mannen en vrouwen;Totaal;Totaal burgerlijke staat;Aalburg;2007;12293.0;12339.5
2166;Totaal mannen en vrouwen;Totaal;Totaal burgerlijke staat;Aalburg;2008;12386.0;12471.0
2167;Totaal mannen en vrouwen;Totaal;Totaal burgerlijke staat;Aalburg;2009;12556.0;12585.0
2168;Totaal mannen en vrouwen;Totaal;Totaal burgerlijke staat;Aalburg;2010;12614.0;12649.5
2169;Totaal mannen en vrouwen;Totaal;Totaal burgerlijke staat;Aalburg;2011;12685.0;12717.0
2170;Totaal mannen en vrouwen;Totaal;Totaal burgerlijke staat;Aalburg;2012;12749.0;12761.5
2171;Totaal mannen en vrouwen;Totaal;Totaal burgerlijke staat;Aalburg;2013;12774.0;12810.0
2172;Totaal mannen en vrouwen;Totaal;Totaal burgerlijke staat;Aalburg;2014;12846.0;12884.0
2173;Totaal mannen en vrouwen;Totaal;Totaal burgerlijke staat;Aalburg;2015;12922.0;12980.0
2174;Totaal mannen en vrouwen;Totaal;Totaal burgerlijke staat;Aalburg;2016;13038.0;13052.5
2175;Totaal mannen en vrouwen;Totaal;Totaal burgerlijke staat;Aalburg;2017;13067.0;13110.0
2176;Totaal mannen en vrouwen;Totaal;Totaal burgerlijke staat;Aalburg;2018;13153.0;13237.0
2177;Totaal mannen en vrouwen;Totaal;Totaal burgerlijke staat;Aalburg;2019;;
2178;Totaal mannen en vrouwen;Totaal;Totaal burgerlijke staat;Aalburg;2020;;
2179;Totaal mannen en vrouwen;Totaal;Totaal burgerlijke staat;Aalburg;2021;;
2180;Totaal mannen en vrouwen;Totaal;Totaal burgerlijke staat;Aalburg;2022;;
2181;Totaal mannen en vrouwen;Totaal;Totaal burgerlijke staat;Aalburg;2023;;
2182;Totaal mannen en vrouwen;Totaal;Totaal burgerlijke staat;Aalburg;2024;;
2183;Totaal mannen en vrouwen;Totaal;Totaal burgerlijke staat;Aalsmeer;1988;21740.0;
2184;Totaal mannen en vrouwen;Totaal;Totaal burgerlijke staat;Aalsmeer;1989;21954.0;
2185;Totaal mannen en vrouwen;Totaal;Totaal burgerlijke staat;Aalsmeer;1990;22167.0;
2186;Totaal mannen en vrouwen;Totaal;Totaal burgerlijke staat;Aalsmeer;1991;22196.0;
2187;Totaal mannen en vrouwen;Totaal;Totaal burgerlijke staat;Aalsmeer;1992;22118.0;
2188;Totaal mannen en vrouwen;Totaal;Totaal burgerlijke staat;Aalsmeer;1993;21999.0;
2189;Totaal mannen en vrouwen;Totaal;Totaal burgerlijke staat;Aalsmeer;1994;21902.0;
2190;Totaal mannen en vrouwen;Totaal;Totaal burgerlijke staat;Aalsmeer;1995;21990.0;22088.0
2191;Totaal mannen en vrouwen;Totaal;Totaal burgerlijke staat;Aalsmeer;1996;22186.0;22235.0
2192;Totaal mannen en vrouwen;Totaal;Totaal burgerlijke staat;Aalsmeer;1997;22284.0;22442.0
2193;Totaal mannen en vrouwen;Totaal;Totaal burgerlijke staat;Aalsmeer;1998;22600.0;22556.5
2194;Totaal mannen en vrouwen;Totaal;Totaal burgerlijke staat;Aalsmeer;1999;22513.0;22487.0
2195;Totaal mannen en vrouwen;Totaal;Totaal burgerlijke staat;Aalsmeer;2000;22461.0;22561.5
2196;Totaal mannen en vrouwen;Totaal;Totaal burgerlijke staat;Aalsmeer;2001;22662.0;22683.5
2197;Totaal mannen en vrouwen;Totaal;Totaal burgerlijke staat;Aalsmeer;2002;22786.0;22812.5
2198;Totaal mannen en vrouwen;Totaal;Totaal burgerlijke staat;Aalsmeer;2003;22839.0;22877.0
2199;Totaal mannen en vrouwen;Totaal;Totaal burgerlijke staat;Aalsmeer;2004;22915.0;23105.5
2200;Totaal mannen en vrouwen;Totaal;Totaal burgerlijke staat;Aalsmeer;2005;23296.0;23720.5
2201;Totaal mannen en vrouwen;Totaal;Totaal burgerlijke staat;Aalsmeer;2006;24145.0;24582.0
2202;Totaal mannen en vrouwen;Totaal;Totaal burgerlijke staat;Aalsmeer;2007;25019.0;25702.5
2203;Totaal mannen en vrouwen;Totaal;Totaal burgerlijke staat;Aalsmeer;2008;26386.0;27196.0
2204;Totaal mannen en vrouwen;Totaal;Totaal burgerlijke staat;Aalsmeer;2009;28006.0;28596.5
2205;Totaal mannen en vrouwen;Totaal;Totaal burgerlijke staat;Aalsmeer;2010;29187.0;29688.0
2206;Totaal mannen en vrouwen;Totaal;Totaal burgerlijke staat;Aalsmeer;2011;30189.0;30276.5
2207;Totaal mannen en vrouwen;Totaal;Totaal burgerlijke staat;Aalsmeer;2012;30364.0;30491.0
2208;Totaal mannen en vrouwen;Totaal;Totaal burgerlijke staat;Aalsmeer;2013;30618.0;30688.5
2209;Totaal mannen en vrouwen;Totaal;Totaal burgerlijke staat;Aalsmeer;2014;30759.0;30918.0
2210;Totaal mannen en vrouwen;Totaal;Totaal burgerlijke staat;Aalsmeer;2015;31077.0;31188.0
2211;Totaal mannen en vrouwen;Totaal;Totaal burgerlijke staat;Aalsmeer;2016;31299.0;31336.0
2212;Totaal mannen en vrouwen;Totaal;Totaal burgerlijke staat;Aalsmeer;2017;31373.0;31436.0
2213;Totaal mannen en vrouwen;Totaal;Totaal burgerlijke staat;Aalsmeer;2018;31499.0;31613.5
2214;Totaal mannen en vrouwen;Totaal;Totaal burgerlijke staat;Aalsmeer;2019;31728.0;31793.5
2215;Totaal mannen en vrouwen;Totaal;Totaal burgerlijke staat;Aalsmeer;2020;31859.0;31925.0
2216;Totaal mannen en vrouwen;Totaal;Totaal burgerlijke staat;Aalsmeer;2021;31991.0;32221.5
2217;Totaal mannen en vrouwen;Totaal;Totaal burgerlijke staat;Aalsmeer;2022;32452.0;32757.5
2218;Totaal mannen en vrouwen;Totaal;Totaal burgerlijke staat;Aalsmeer;2023;33063.0;33171.0
2219;Totaal mannen en vrouwen;Totaal;Totaal burgerlijke staat;Aalsmeer;2024;33279.0;
2220;Totaal mannen en vrouwen;Totaal;Totaal burgerlijke staat;Aalten;1988;18142.0;
2221;Totaal mannen en vrouwen;Totaal;Totaal burgerlijke staat;Aalten;1989;18202.0;
2222;Totaal mannen en vrouwen;Totaal;Totaal burgerlijke staat;Aalten;1990;18166.0;
2223;Totaal mannen en vrouwen;Totaal;Totaal burgerlijke staat;Aalten;1991;18190.0;
2224;Totaal mannen en vrouwen;Totaal;Totaal burgerlijke staat;Aalten;1992;18344.0;
2225;Totaal mannen en vrouwen;Totaal;Totaal burgerlijke staat;Aalten;1993;18414.0;
2226;Totaal mannen en vrouwen;Totaal;Totaal burgerlijke staat;Aalten;1994;18378.0;
2227;Totaal mannen en vrouwen;Totaal;Totaal burgerlijke staat;Aalten;1995;18469.0;18507.5
2228;Totaal mannen en vrouwen;Totaal;Totaal burgerlijke staat;Aalten;1996;18546.0;18592.0
2229;Totaal mannen en vrouwen;Totaal;Totaal burgerlijke staat;Aalten;1997;18638.0;18710.0
2230;Totaal mannen en vrouwen;Totaal;Totaal burgerlijke staat;Aalten;1998;18782.0;18747.5
2231;Totaal mannen en vrouwen;Totaal;Totaal burgerlijke staat;Aalten;1999;18713.0;18706.0
2232;Totaal mannen en vrouwen;Totaal;Totaal burgerlijke staat;Aalten;2000;18699.0;18736.0
2233;Totaal mannen en vrouwen;Totaal;Totaal burgerlijke staat;Aalten;2001;18773.0;18792.0
2234;Totaal mannen en vrouwen;Totaal;Totaal burgerlijke staat;Aalten;2002;18811.0;18833.0
2235;Totaal mannen en vrouwen;Totaal;Totaal burgerlijke staat;Aalten;2003;18855.0;18926.5
2236;Totaal mannen en vrouwen;Totaal;Totaal burgerlijke staat;Aalten;2004;18998.0;18966.5
2237;Totaal mannen en vrouwen;Totaal;Totaal burgerlijke staat;Aalten;2005;27446.0;27461.0
2238;Totaal mannen en vrouwen;Totaal;Totaal burgerlijke staat;Aalten;2006;27476.0;27523.0
2239;Totaal mannen en vrouwen;Totaal;Totaal burgerlijke staat;Aalten;2007;27570.0;27569.0
2240;Totaal mannen en vrouwen;Totaal;Totaal burgerlijke staat;Aalten;2008;27568.0;27507.5
2241;Totaal mannen en vrouwen;Totaal;Totaal burgerlijke staat;Aalten;2009;27447.0;27473.5
2242;Totaal mannen en vrouwen;Totaal;Totaal burgerlijke staat;Aalten;2010;27500.0;27469.5
2243;Totaal mannen en vrouwen;Totaal;Totaal burgerlijke staat;Aalten;2011;27439.0;27372.0
2244;Totaal mannen en vrouwen;Totaal;Totaal burgerlijke staat;Aalten;2012;27305.0;27193.5
2245;Totaal mannen en vrouwen;Totaal;Totaal burgerlijke staat;Aalten;2013;27082.0;27047.5
2246;Totaal mannen en vrouwen;Totaal;Totaal burgerlijke staat;Aalten;2014;27013.0;26958.5
2247;Totaal mannen en vrouwen;Totaal;Totaal burgerlijke staat;Aalten;2015;26904.0;26908.0
2248;Totaal mannen en vrouwen;Totaal;Totaal burgerlijke staat;Aalten;2016;26912.0;26979.5
2249;Totaal mannen en vrouwen;Totaal;Totaal burgerlijke staat;Aalten;2017;27047.0;27004.5
2250;Totaal mannen en vrouwen;Totaal;Totaal burgerlijke staat;Aalten;2018;26962.0;26986.5
2251;Totaal mannen en vrouwen;Totaal;Totaal burgerlijke staat;Aalten;2019;27011.0;27066.0
2252;Totaal mannen en vrouwen;Totaal;Totaal burgerlijke staat;Aalten;2020;27121.0;27120.5
2253;Totaal mannen en vrouwen;Totaal;Totaal burgerlijke staat;Aalten;2021;27120.0;27110.0
2254;Totaal mannen en vrouwen;Totaal;Totaal burgerlijke staat;Aalten;2022;27100.0;27172.0
2255;Totaal mannen en vrouwen;Totaal;Totaal burgerlijke staat;Aalten;2023;27244.0;27276.0
2256;Totaal mannen en vrouwen;Totaal;Totaal burgerlijke staat;Aalten;2024;27308.0;
2257;Totaal mannen en vrouwen;Totaal;Totaal burgerlijke staat;Ter Aar;1988;9098.0;
2258;Totaal mannen en vrouwen;Totaal;Totaal burgerlijke staat;Ter Aar;1989;9089.0;
2259;Totaal mannen en vrouwen;Totaal;Totaal burgerlijke staat;Ter Aar;1990;9135.0;
2260;Totaal mannen en vrouwen;Totaal;Totaal burgerlijke staat;Ter Aar;1991;9255.0;
2261;Totaal mannen en vrouwen;Totaal;Totaal burgerlijke staat;Ter Aar;1992;9301.0;
2262;Totaal mannen en vrouwen;Totaal;Totaal burgerlijke staat;Ter Aar;1993;9304.0;
2263;Totaal mannen en vrouwen;Totaal;Totaal burgerlijke staat;Ter Aar;1994;9355.0;
2264;Totaal mannen en vrouwen;Totaal;Totaal burgerlijke staat;Ter Aar;1995;9297.0;9289.5
2265;Totaal mannen en vrouwen;Totaal;Totaal burgerlijke staat;Ter Aar;1996;9282.0;9243.5
2266;Totaal mannen en vrouwen;Totaal;Totaal burgerlijke staat;Ter Aar;1997;9205.0;9184.0
2267;Totaal mannen en vrouwen;Totaal;Totaal burgerlijke staat;Ter Aar;1998;9163.0;9146.5
2268;Totaal mannen en vrouwen;Totaal;Totaal burgerlijke staat;Ter Aar;1999;9130.0;9102.0
2269;Totaal mannen en vrouwen;Totaal;Totaal burgerlijke staat;Ter Aar;2000;9074.0;9077.0
2270;Totaal mannen en vrouwen;Totaal;Totaal burgerlijke staat;Ter Aar;2001;9080.0;9081.5
2271;Totaal mannen en vrouwen;Totaal;Totaal burgerlijke staat;Ter Aar;2002;9083.0;9081.5
2272;Totaal mannen en vrouwen;Totaal;Totaal burgerlijke staat;Ter Aar;2003;9080.0;9045.0
2273;Totaal mannen en vrouwen;Totaal;Totaal burgerlijke staat;Ter Aar;2004;9010.0;9004.5
2274;Totaal mannen en vrouwen;Totaal;Totaal burgerlijke staat;Ter Aar;2005;8999.0;8993.5
2275;Totaal mannen en vrouwen;Totaal;Totaal burgerlijke staat;Ter Aar;2006;8988.0;8976.0
2276;Totaal mannen en vrouwen;Totaal;Totaal burgerlijke staat;Ter Aar;2007;;
2277;Totaal mannen en vrouwen;Totaal;Totaal burgerlijke staat;Ter Aar;2008;;
2278;Totaal mannen en vrouwen;Totaal;Totaal burgerlijke staat;Ter Aar;2009;;
2279;Totaal mannen en vrouwen;Totaal;Totaal burgerlijke staat;Ter Aar;2010;;
2280;Totaal mannen en vrouwen;Totaal;Totaal burgerlijke staat;Ter Aar;2011;;
2281;Totaal mannen en vrouwen;Totaal;Totaal burgerlijke staat;Ter Aar;2012;;
2282;Totaal mannen en vrouwen;Totaal;Totaal burgerlijke staat;Ter Aar;2013;;
2283;Totaal mannen en vrouwen;Totaal;Totaal burgerlijke staat;Ter Aar;2014;;
2284;Totaal mannen en vrouwen;Totaal;Totaal burgerlijke staat;Ter Aar;2015;;
2285;Totaal mannen en vrouwen;Totaal;Totaal burgerlijke staat;Ter Aar;2016;;
2286;Totaal mannen en vrouwen;Totaal;Totaal burgerlijke staat;Ter Aar;2017;;
2287;Totaal mannen en vrouwen;Totaal;Totaal burgerlijke staat;Ter Aar;2018;;
2288;Totaal mannen en vrouwen;Totaal;Totaal burgerlijke staat;Ter Aar;2019;;
2289;Totaal mannen en vrouwen;Totaal;Totaal burgerlijke staat;Ter Aar;2020;;
2290;Totaal mannen en vrouwen;Totaal;Totaal burgerlijke staat;Ter Aar;2021;;
2291;Totaal mannen en vrouwen;Totaal;Totaal burgerlijke staat;Ter Aar;2022;;
2292;Totaal mannen en vrouwen;Totaal;Totaal burgerlijke staat;Ter Aar;2023;;
2293;Totaal mannen en vrouwen;Totaal;Totaal burgerlijke staat;Ter Aar;2024;;
2294;Totaal mannen en vrouwen;Totaal;Totaal burgerlijke staat;Aardenburg;1988;3821.0;
2295;Totaal mannen en vrouwen;Totaal;Totaal burgerlijke staat;Aardenburg;1989;3784.0;
2296;Totaal mannen en vrouwen;Totaal;Totaal burgerlijke staat;Aardenburg;1990;3736.0;
2297;Totaal mannen en vrouwen;Totaal;Totaal burgerlijke staat;Aardenburg;1991;3710.0;
2298;Totaal mannen en vrouwen;Totaal;Totaal burgerlijke staat;Aardenburg;1992;3720.0;
2299;Totaal mannen en vrouwen;Totaal;Totaal burgerlijke staat;Aardenburg;1993;3658.0;
2300;Totaal mannen en vrouwen;Totaal;Totaal burgerlijke staat;Aardenburg;1994;3646.0;
2301;Totaal mannen en vrouwen;Totaal;Totaal burgerlijke staat;Aardenburg;1995;;
2302;Totaal mannen en vrouwen;Totaal;Totaal burgerlijke staat;Aardenburg;1996;;
2303;Totaal mannen en vrouwen;Totaal;Totaal burgerlijke staat;Aardenburg;1997;;
2304;Totaal mannen en vrouwen;Totaal;Totaal burgerlijke staat;Aardenburg;1998;;
2305;Totaal mannen en vrouwen;Totaal;Totaal burgerlijke staat;Aardenburg;1999;;
2306;Totaal mannen en vrouwen;Totaal;Totaal burgerlijke staat;Aardenburg;2000;;
2307;Totaal mannen en vrouwen;Totaal;Totaal burgerlijke staat;Aardenburg;2001;;
2308;Totaal mannen en vrouwen;Totaal;Totaal burgerlijke staat;Aardenburg;2002;;
2309;Totaal mannen en vrouwen;Totaal;Totaal burgerlijke staat;Aardenburg;2003;;
2310;Totaal mannen en vrouwen;Totaal;Totaal burgerlijke staat;Aardenburg;2004;;
2311;Totaal mannen en vrouwen;Totaal;Totaal burgerlijke staat;Aardenburg;2005;;
2312;Totaal mannen en vrouwen;Totaal;Totaal burgerlijke staat;Aardenburg;2006;;
2313;Totaal mannen en vrouwen;Totaal;Totaal burgerlijke staat;Aardenburg;2007;;
2314;Totaal mannen en vrouwen;Totaal;Totaal burgerlijke staat;Aardenburg;2008;;
2315;Totaal mannen en vrouwen;Totaal;Totaal burgerlijke staat;Aardenburg;2009;;
2316;Totaal mannen en vrouwen;Totaal;Totaal burgerlijke staat;Aardenburg;2010;;
2317;Totaal mannen en vrouwen;Totaal;Totaal burgerlijke staat;Aardenburg;2011;;
2318;Totaal mannen en vrouwen;Totaal;Totaal burgerlijke staat;Aardenburg;2012;;
2319;Totaal mannen en vrouwen;Totaal;Totaal burgerlijke staat;Aardenburg;2013;;
2320;Totaal mannen en vrouwen;Totaal;Totaal burgerlijke staat;Aardenburg;2014;;
2321;Totaal mannen en vrouwen;Totaal;Totaal burgerlijke staat;Aardenburg;2015;;
2322;Totaal mannen en vrouwen;Totaal;Totaal burgerlijke staat;Aardenburg;2016;;
2323;Totaal mannen en vrouwen;Totaal;Totaal burgerlijke staat;Aardenburg;2017;;
2324;Totaal mannen en vrouwen;Totaal;Totaal burgerlijke staat;Aardenburg;2018;;
2325;Totaal mannen en vrouwen;Totaal;Totaal burgerlijke staat;Aardenburg;2019;;
2326;Totaal mannen en vrouwen;Totaal;Totaal burgerlijke staat;Aardenburg;2020;;
2327;Totaal mannen en vrouwen;Totaal;Totaal burgerlijke staat;Aardenburg;2021;;
2328;Totaal mannen en vrouwen;Totaal;Totaal burgerlijke staat;Aardenburg;2022;;
2329;Totaal mannen en vrouwen;Totaal;Totaal burgerlijke staat;Aardenburg;2023;;
2330;Totaal mannen en vrouwen;Totaal;Totaal burgerlijke staat;Aardenburg;2024;;
2331;Totaal mannen en vrouwen;Totaal;Totaal burgerlijke staat;Aarle-Rixtel;1988;5602.0;
2332;Totaal mannen en vrouwen;Totaal;Totaal burgerlijke staat;Aarle-Rixtel;1989;5676.0;
2333;Totaal mannen en vrouwen;Totaal;Totaal burgerlijke staat;Aarle-Rixtel;1990;5780.0;
2334;Totaal mannen en vrouwen;Totaal;Totaal burgerlijke staat;Aarle-Rixtel;1991;5860.0;
2335;Totaal mannen en vrouwen;Totaal;Totaal burgerlijke staat;Aarle-Rixtel;1992;5841.0;
2336;Totaal mannen en vrouwen;Totaal;Totaal burgerlijke staat;Aarle-Rixtel;1993;5878.0;
2337;Totaal mannen en vrouwen;Totaal;Totaal burgerlijke staat;Aarle-Rixtel;1994;5923.0;
2338;Totaal mannen en vrouwen;Totaal;Totaal burgerlijke staat;Aarle-Rixtel;1995;5905.0;5896.5
2339;Totaal mannen en vrouwen;Totaal;Totaal burgerlijke staat;Aarle-Rixtel;1996;5888.0;5897.5
2340;Totaal mannen en vrouwen;Totaal;Totaal burgerlijke staat;Aarle-Rixtel;1997;;
2341;Totaal mannen en vrouwen;Totaal;Totaal burgerlijke staat;Aarle-Rixtel;1998;;
2342;Totaal mannen en vrouwen;Totaal;Totaal burgerlijke staat;Aarle-Rixtel;1999;;
2343;Totaal mannen en vrouwen;Totaal;Totaal burgerlijke staat;Aarle-Rixtel;2000;;
2344;Totaal mannen en vrouwen;Totaal;Totaal burgerlijke staat;Aarle-Rixtel;2001;;
2345;Totaal mannen en vrouwen;Totaal;Totaal burgerlijke staat;Aarle-Rixtel;2002;;
2346;Totaal mannen en vrouwen;Totaal;Totaal burgerlijke staat;Aarle-Rixtel;2003;;
2347;Totaal mannen en vrouwen;Totaal;Totaal burgerlijke staat;Aarle-Rixtel;2004;;
2348;Totaal mannen en vrouwen;Totaal;Totaal burgerlijke staat;Aarle-Rixtel;2005;;
2349;Totaal mannen en vrouwen;Totaal;Totaal burgerlijke staat;Aarle-Rixtel;2006;;
2350;Totaal mannen en vrouwen;Totaal;Totaal burgerlijke staat;Aarle-Rixtel;2007;;
2351;Totaal mannen en vrouwen;Totaal;Totaal burgerlijke staat;Aarle-Rixtel;2008;;
2352;Totaal mannen en vrouwen;Totaal;Totaal burgerlijke staat;Aarle-Rixtel;2009;;
2353;Totaal mannen en vrouwen;Totaal;Totaal burgerlijke staat;Aarle-Rixtel;2010;;
2354;Totaal mannen en vrouwen;Totaal;Totaal burgerlijke staat;Aarle-Rixtel;2011;;
2355;Totaal mannen en vrouwen;Totaal;Totaal burgerlijke staat;Aarle-Rixtel;2012;;
2356;Totaal mannen en vrouwen;Totaal;Totaal burgerlijke staat;Aarle-Rixtel;2013;;
2357;Totaal mannen en vrouwen;Totaal;Totaal burgerlijke staat;Aarle-Rixtel;2014;;
2358;Totaal mannen en vrouwen;Totaal;Totaal burgerlijke staat;Aarle-Rixtel;2015;;
2359;Totaal mannen en vrouwen;Totaal;Totaal burgerlijke staat;Aarle-Rixtel;2016;;
2360;Totaal mannen en vrouwen;Totaal;Totaal burgerlijke staat;Aarle-Rixtel;2017;;
2361;Totaal mannen en vrouwen;Totaal;Totaal burgerlijke staat;Aarle-Rixtel;2018;;
2362;Totaal mannen en vrouwen;Totaal;Totaal burgerlijke staat;Aarle-Rixtel;2019;;
2363;Totaal mannen en vrouwen;Totaal;Totaal burgerlijke staat;Aarle-Rixtel;2020;;
2364;Totaal mannen en vrouwen;Totaal;Totaal burgerlijke staat;Aarle-Rixtel;2021;;
2365;Totaal mannen en vrouwen;Totaal;Totaal burgerlijke staat;Aarle-Rixtel;2022;;
2366;Totaal mannen en vrouwen;Totaal;Totaal burgerlijke staat;Aarle-Rixtel;2023;;
2367;Totaal mannen en vrouwen;Totaal;Totaal burgerlijke staat;Aarle-Rixtel;2024;;
2368;Totaal mannen en vrouwen;Totaal;Totaal burgerlijke staat;Abcoude;1988;7549.0;
2369;Totaal mannen en vrouwen;Totaal;Totaal burgerlijke staat;Abcoude;1989;7704.0;
2370;Totaal mannen en vrouwen;Totaal;Totaal burgerlijke staat;Abcoude;1990;7801.0;
2371;Totaal mannen en vrouwen;Totaal;Totaal burgerlijke staat;Abcoude;1991;7967.0;
2372;Totaal mannen en vrouwen;Totaal;Totaal burgerlijke staat;Abcoude;1992;8048.0;
2373;Totaal mannen en vrouwen;Totaal;Totaal burgerlijke staat;Abcoude;1993;8017.0;
2374;Totaal mannen en vrouwen;Totaal;Totaal burgerlijke staat;Abcoude;1994;7992.0;
2375;Totaal mannen en vrouwen;Totaal;Totaal burgerlijke staat;Abcoude;1995;8038.0;8019.5
2376;Totaal mannen en vrouwen;Totaal;Totaal burgerlijke staat;Abcoude;1996;8001.0;8034.0
2377;Totaal mannen en vrouwen;Totaal;Totaal burgerlijke staat;Abcoude;1997;8067.0;8238.5
2378;Totaal mannen en vrouwen;Totaal;Totaal burgerlijke staat;Abcoude;1998;8410.0;8472.5
2379;Totaal mannen en vrouwen;Totaal;Totaal burgerlijke staat;Abcoude;1999;8535.0;8508.5
2380;Totaal mannen en vrouwen;Totaal;Totaal burgerlijke staat;Abcoude;2000;8482.0;8484.5
2381;Totaal mannen en vrouwen;Totaal;Totaal burgerlijke staat;Abcoude;2001;8487.0;8505.5
2382;Totaal mannen en vrouwen;Totaal;Totaal burgerlijke staat;Abcoude;2002;8524.0;8559.5
2383;Totaal mannen en vrouwen;Totaal;Totaal burgerlijke staat;Abcoude;2003;8595.0;8609.5
2384;Totaal mannen en vrouwen;Totaal;Totaal burgerlijke staat;Abcoude;2004;8624.0;8613.5
2385;Totaal mannen en vrouwen;Totaal;Totaal burgerlijke staat;Abcoude;2005;8603.0;8636.5
2386;Totaal mannen en vrouwen;Totaal;Totaal burgerlijke staat;Abcoude;2006;8670.0;8660.5
2387;Totaal mannen en vrouwen;Totaal;Totaal burgerlijke staat;Abcoude;2007;8651.0;8669.5
2388;Totaal mannen en vrouwen;Totaal;Totaal burgerlijke staat;Abcoude;2008;8688.0;8684.0
2389;Totaal mannen en vrouwen;Totaal;Totaal burgerlijke staat;Abcoude;2009;8680.0;8722.0
2390;Totaal mannen en vrouwen;Totaal;Totaal burgerlijke staat;Abcoude;2010;8764.0;8777.5
2391;Totaal mannen en vrouwen;Totaal;Totaal burgerlijke staat;Abcoude;2011;;
2392;Totaal mannen en vrouwen;Totaal;Totaal burgerlijke staat;Abcoude;2012;;
2393;Totaal mannen en vrouwen;Totaal;Totaal burgerlijke staat;Abcoude;2013;;
2394;Totaal mannen en vrouwen;Totaal;Totaal burgerlijke staat;Abcoude;2014;;
2395;Totaal mannen en vrouwen;Totaal;Totaal burgerlijke staat;Abcoude;2015;;
2396;Totaal mannen en vrouwen;Totaal;Totaal burgerlijke staat;Abcoude;2016;;
2397;Totaal mannen en vrouwen;Totaal;Totaal burgerlijke staat;Abcoude;2017;;
2398;Totaal mannen en vrouwen;Totaal;Totaal burgerlijke staat;Abcoude;2018;;
2399;Totaal mannen en vrouwen;Totaal;Totaal burgerlijke staat;Abcoude;2019;;
2400;Totaal mannen en vrouwen;Totaal;Totaal burgerlijke staat;Abcoude;2020;;
2401;Totaal mannen en vrouwen;Totaal;Totaal burgerlijke staat;Abcoude;2021;;
2402;Totaal mannen en vrouwen;Totaal;Totaal burgerlijke staat;Abcoude;2022;;
2403;Totaal mannen en vrouwen;Totaal;Totaal burgerlijke staat;Abcoude;2023;;
2404;Totaal mannen en vrouwen;Totaal;Totaal burgerlijke staat;Abcoude;2024;;
2405;Totaal mannen en vrouwen;Totaal;Totaal burgerlijke staat;Achtkarspelen;1988;27382.0;
2406;Totaal mannen en vrouwen;Totaal;Totaal burgerlijke staat;Achtkarspelen;1989;27479.0;
2407;Totaal mannen en vrouwen;Totaal;Totaal burgerlijke staat;Achtkarspelen;1990;27542.0;
2408;Totaal mannen en vrouwen;Totaal;Totaal burgerlijke staat;Achtkarspelen;1991;27632.0;
2409;Totaal mannen en vrouwen;Totaal;Totaal burgerlijke staat;Achtkarspelen;1992;27598.0;
2410;Totaal mannen en vrouwen;Totaal;Totaal burgerlijke staat;Achtkarspelen;1993;27762.0;
2411;Totaal mannen en vrouwen;Totaal;Totaal burgerlijke staat;Achtkarspelen;1994;27923.0;
2412;Totaal mannen en vrouwen;Totaal;Totaal burgerlijke staat;Achtkarspelen;1995;27971.0;27979.5
2413;Totaal mannen en vrouwen;Totaal;Totaal burgerlijke staat;Achtkarspelen;1996;27988.0;28014.0
2414;Totaal mannen en vrouwen;Totaal;Totaal burgerlijke staat;Achtkarspelen;1997;28040.0;28062.5
2415;Totaal mannen en vrouwen;Totaal;Totaal burgerlijke staat;Achtkarspelen;1998;28085.0;28066.0
2416;Totaal mannen en vrouwen;Totaal;Totaal burgerlijke staat;Achtkarspelen;1999;28047.0;28029.0
2417;Totaal mannen en vrouwen;Totaal;Totaal burgerlijke staat;Achtkarspelen;2000;28011.0;28012.0
2418;Totaal mannen en vrouwen;Totaal;Totaal burgerlijke staat;Achtkarspelen;2001;28013.0;28029.0
2419;Totaal mannen en vrouwen;Totaal;Totaal burgerlijke staat;Achtkarspelen;2002;28045.0;28073.5
2420;Totaal mannen en vrouwen;Totaal;Totaal burgerlijke staat;Achtkarspelen;2003;28102.0;28129.0
2421;Totaal mannen en vrouwen;Totaal;Totaal burgerlijke staat;Achtkarspelen;2004;28156.0;28145.0
2422;Totaal mannen en vrouwen;Totaal;Totaal burgerlijke staat;Achtkarspelen;2005;28134.0;28178.5
2423;Totaal mannen en vrouwen;Totaal;Totaal burgerlijke staat;Achtkarspelen;2006;28223.0;28183.0
2424;Totaal mannen en vrouwen;Totaal;Totaal burgerlijke staat;Achtkarspelen;2007;28143.0;28115.5
2425;Totaal mannen en vrouwen;Totaal;Totaal burgerlijke staat;Achtkarspelen;2008;28088.0;28113.5
2426;Totaal mannen en vrouwen;Totaal;Totaal burgerlijke staat;Achtkarspelen;2009;28139.0;28113.5
2427;Totaal mannen en vrouwen;Totaal;Totaal burgerlijke staat;Achtkarspelen;2010;28088.0;28105.5
2428;Totaal mannen en vrouwen;Totaal;Totaal burgerlijke staat;Achtkarspelen;2011;28123.0;28107.0
2429;Totaal mannen en vrouwen;Totaal;Totaal burgerlijke staat;Achtkarspelen;2012;28091.0;28100.5
2430;Totaal mannen en vrouwen;Totaal;Totaal burgerlijke staat;Achtkarspelen;2013;28110.0;28063.0
2431;Totaal mannen en vrouwen;Totaal;Totaal burgerlijke staat;Achtkarspelen;2014;28016.0;27999.5
2432;Totaal mannen en vrouwen;Totaal;Totaal burgerlijke staat;Achtkarspelen;2015;27983.0;27995.0
2433;Totaal mannen en vrouwen;Totaal;Totaal burgerlijke staat;Achtkarspelen;2016;28007.0;27950.0
2434;Totaal mannen en vrouwen;Totaal;Totaal burgerlijke staat;Achtkarspelen;2017;27893.0;27914.0
2435;Totaal mannen en vrouwen;Totaal;Totaal burgerlijke staat;Achtkarspelen;2018;27935.0;27893.5
2436;Totaal mannen en vrouwen;Totaal;Totaal burgerlijke staat;Achtkarspelen;2019;27852.0;27847.5
2437;Totaal mannen en vrouwen;Totaal;Totaal burgerlijke staat;Achtkarspelen;2020;27843.0;27871.5
2438;Totaal mannen en vrouwen;Totaal;Totaal burgerlijke staat;Achtkarspelen;2021;27900.0;27927.0
2439;Totaal mannen en vrouwen;Totaal;Totaal burgerlijke staat;Achtkarspelen;2022;27954.0;28051.5
2440;Totaal mannen en vrouwen;Totaal;Totaal burgerlijke staat;Achtkarspelen;2023;28149.0;28187.5
2441;Totaal mannen en vrouwen;Totaal;Totaal burgerlijke staat;Achtkarspelen;2024;28226.0;
2442;Totaal mannen en vrouwen;Totaal;Totaal burgerlijke staat;Adorp;1988;1848.0;
2443;Totaal mannen en vrouwen;Totaal;Totaal burgerlijke staat;Adorp;1989;1847.0;
2444;Totaal mannen en vrouwen;Totaal;Totaal burgerlijke staat;Adorp;1990;;
2445;Totaal mannen en vrouwen;Totaal;Totaal burgerlijke staat;Adorp;1991;;
2446;Totaal mannen en vrouwen;Totaal;Totaal burgerlijke staat;Adorp;1992;;
2447;Totaal mannen en vrouwen;Totaal;Totaal burgerlijke staat;Adorp;1993;;
2448;Totaal mannen en vrouwen;Totaal;Totaal burgerlijke staat;Adorp;1994;;
2449;Totaal mannen en vrouwen;Totaal;Totaal burgerlijke staat;Adorp;1995;;
2450;Totaal mannen en vrouwen;Totaal;Totaal burgerlijke staat;Adorp;1996;;
2451;Totaal mannen en vrouwen;Totaal;Totaal burgerlijke staat;Adorp;1997;;
2452;Totaal mannen en vrouwen;Totaal;Totaal burgerlijke staat;Adorp;1998;;
2453;Totaal mannen en vrouwen;Totaal;Totaal burgerlijke staat;Adorp;1999;;
2454;Totaal mannen en vrouwen;Totaal;Totaal burgerlijke staat;Adorp;2000;;
2455;Totaal mannen en vrouwen;Totaal;Totaal burgerlijke staat;Adorp;2001;;
2456;Totaal mannen en vrouwen;Totaal;Totaal burgerlijke staat;Adorp;2002;;
2457;Totaal mannen en vrouwen;Totaal;Totaal burgerlijke staat;Adorp;2003;;
2458;Totaal mannen en vrouwen;Totaal;Totaal burgerlijke staat;Adorp;2004;;
2459;Totaal mannen en vrouwen;Totaal;Totaal burgerlijke staat;Adorp;2005;;
2460;Totaal mannen en vrouwen;Totaal;Totaal burgerlijke staat;Adorp;2006;;
2461;Totaal mannen en vrouwen;Totaal;Totaal burgerlijke staat;Adorp;2007;;
2462;Totaal mannen en vrouwen;Totaal;Totaal burgerlijke staat;Adorp;2008;;
2463;Totaal mannen en vrouwen;Totaal;Totaal burgerlijke staat;Adorp;2009;;
2464;Totaal mannen en vrouwen;Totaal;Totaal burgerlijke staat;Adorp;2010;;
2465;Totaal mannen en vrouwen;Totaal;Totaal burgerlijke staat;Adorp;2011;;
2466;Totaal mannen en vrouwen;Totaal;Totaal burgerlijke staat;Adorp;2012;;
2467;Totaal mannen en vrouwen;Totaal;Totaal burgerlijke staat;Adorp;2013;;
2468;Totaal mannen en vrouwen;Totaal;Totaal burgerlijke staat;Adorp;2014;;
2469;Totaal mannen en vrouwen;Totaal;Totaal burgerlijke staat;Adorp;2015;;
2470;Totaal mannen en vrouwen;Totaal;Totaal burgerlijke staat;Adorp;2016;;
2471;Totaal mannen en vrouwen;Totaal;Totaal burgerlijke staat;Adorp;2017;;
2472;Totaal mannen en vrouwen;Totaal;Totaal burgerlijke staat;Adorp;2018;;
2473;Totaal mannen en vrouwen;Totaal;Totaal burgerlijke staat;Adorp;2019;;
2474;Totaal mannen en vrouwen;Totaal;Totaal burgerlijke staat;Adorp;2020;;
2475;Totaal mannen en vrouwen;Totaal;Totaal burgerlijke staat;Adorp;2021;;
2476;Totaal mannen en vrouwen;Totaal;Totaal burgerlijke staat;Adorp;2022;;
2477;Totaal mannen en vrouwen;Totaal;Totaal burgerlijke staat;Adorp;2023;;
2478;Totaal mannen en vrouwen;Totaal;Totaal burgerlijke staat;Adorp;2024;;
2479;Totaal mannen en vrouwen;Totaal;Totaal burgerlijke staat;Aduard;1988;3024.0;
2480;Totaal mannen en vrouwen;Totaal;Totaal burgerlijke staat;Aduard;1989;3010.0;
2481;Totaal mannen en vrouwen;Totaal;Totaal burgerlijke staat;Aduard;1990;;
2482;Totaal mannen en vrouwen;Totaal;Totaal burgerlijke staat;Aduard;1991;;
2483;Totaal mannen en vrouwen;Totaal;Totaal burgerlijke staat;Aduard;1992;;
2484;Totaal mannen en vrouwen;Totaal;Totaal burgerlijke staat;Aduard;1993;;
2485;Totaal mannen en vrouwen;Totaal;Totaal burgerlijke staat;Aduard;1994;;
2486;Totaal mannen en vrouwen;Totaal;Totaal burgerlijke staat;Aduard;1995;;
2487;Totaal mannen en vrouwen;Totaal;Totaal burgerlijke staat;Aduard;1996;;
2488;Totaal mannen en vrouwen;Totaal;Totaal burgerlijke staat;Aduard;1997;;
2489;Totaal mannen en vrouwen;Totaal;Totaal burgerlijke staat;Aduard;1998;;
2490;Totaal mannen en vrouwen;Totaal;Totaal burgerlijke staat;Aduard;1999;;
2491;Totaal mannen en vrouwen;Totaal;Totaal burgerlijke staat;Aduard;2000;;
2492;Totaal mannen en vrouwen;Totaal;Totaal burgerlijke staat;Aduard;2001;;
2493;Totaal mannen en vrouwen;Totaal;Totaal burgerlijke staat;Aduard;2002;;
2494;Totaal mannen en vrouwen;Totaal;Totaal burgerlijke staat;Aduard;2003;;
2495;Totaal mannen en vrouwen;Totaal;Totaal burgerlijke staat;Aduard;2004;;
2496;Totaal mannen en vrouwen;Totaal;Totaal burgerlijke staat;Aduard;2005;;
2497;Totaal mannen en vrouwen;Totaal;Totaal burgerlijke staat;Aduard;2006;;
2498;Totaal mannen en vrouwen;Totaal;Totaal burgerlijke staat;Aduard;2007;;
2499;Totaal mannen en vrouwen;Totaal;Totaal burgerlijke staat;Aduard;2008;;
2500;Totaal mannen en vrouwen;Totaal;Totaal burgerlijke staat;Aduard;2009;;
2501;Totaal mannen en vrouwen;Totaal;Totaal burgerlijke staat;Aduard;2010;;
2502;Totaal mannen en vrouwen;Totaal;Totaal burgerlijke staat;Aduard;2011;;
2503;Totaal mannen en vrouwen;Totaal;Totaal burgerlijke staat;Aduard;2012;;
2504;Totaal mannen en vrouwen;Totaal;Totaal burgerlijke staat;Aduard;2013;;
2505;Totaal mannen en vrouwen;Totaal;Totaal burgerlijke staat;Aduard;2014;;
2506;Totaal mannen en vrouwen;Totaal;Totaal burgerlijke staat;Aduard;2015;;
2507;Totaal mannen en vrouwen;Totaal;Totaal burgerlijke staat;Aduard;2016;;
2508;Totaal mannen en vrouwen;Totaal;Totaal burgerlijke staat;Aduard;2017;;
2509;Totaal mannen en vrouwen;Totaal;Totaal burgerlijke staat;Aduard;2018;;
2510;Totaal mannen en vrouwen;Totaal;Totaal burgerlijke staat;Aduard;2019;;
2511;Totaal mannen en vrouwen;Totaal;Totaal burgerlijke staat;Aduard;2020;;
2512;Totaal mannen en vrouwen;Totaal;Totaal burgerlijke staat;Aduard;2021;;
2513;Totaal mannen en vrouwen;Totaal;Totaal burgerlijke staat;Aduard;2022;;
2514;Totaal mannen en vrouwen;Totaal;Totaal burgerlijke staat;Aduard;2023;;
2515;Totaal mannen en vrouwen;Totaal;Totaal burgerlijke staat;Aduard;2024;;
2516;Totaal mannen en vrouwen;Totaal;Totaal burgerlijke staat;Akersloot;1988;5020.0;
2517;Totaal mannen en vrouwen;Totaal;Totaal burgerlijke staat;Akersloot;1989;5022.0;
2518;Totaal mannen en vrouwen;Totaal;Totaal burgerlijke staat;Akersloot;1990;5010.0;
2519;Totaal mannen en vrouwen;Totaal;Totaal burgerlijke staat;Akersloot;1991;5019.0;
2520;Totaal mannen en vrouwen;Totaal;Totaal burgerlijke staat;Akersloot;1992;5083.0;
2521;Totaal mannen en vrouwen;Totaal;Totaal burgerlijke staat;Akersloot;1993;4725.0;
2522;Totaal mannen en vrouwen;Totaal;Totaal burgerlijke staat;Akersloot;1994;4816.0;
2523;Totaal mannen en vrouwen;Totaal;Totaal burgerlijke staat;Akersloot;1995;4863.0;4847.0
2524;Totaal mannen en vrouwen;Totaal;Totaal burgerlijke staat;Akersloot;1996;4831.0;4828.5
2525;Totaal mannen en vrouwen;Totaal;Totaal burgerlijke staat;Akersloot;1997;4826.0;4841.5
2526;Totaal mannen en vrouwen;Totaal;Totaal burgerlijke staat;Akersloot;1998;4846.0;4851.0
2527;Totaal mannen en vrouwen;Totaal;Totaal burgerlijke staat;Akersloot;1999;4856.0;4881.5
2528;Totaal mannen en vrouwen;Totaal;Totaal burgerlijke staat;Akersloot;2000;4907.0;4960.0
2529;Totaal mannen en vrouwen;Totaal;Totaal burgerlijke staat;Akersloot;2001;5013.0;5093.5
2530;Totaal mannen en vrouwen;Totaal;Totaal burgerlijke staat;Akersloot;2002;;
2531;Totaal mannen en vrouwen;Totaal;Totaal burgerlijke staat;Akersloot;2003;;
2532;Totaal mannen en vrouwen;Totaal;Totaal burgerlijke staat;Akersloot;2004;;
2533;Totaal mannen en vrouwen;Totaal;Totaal burgerlijke staat;Akersloot;2005;;
2534;Totaal mannen en vrouwen;Totaal;Totaal burgerlijke staat;Akersloot;2006;;
2535;Totaal mannen en vrouwen;Totaal;Totaal burgerlijke staat;Akersloot;2007;;
2536;Totaal mannen en vrouwen;Totaal;Totaal burgerlijke staat;Akersloot;2008;;
2537;Totaal mannen en vrouwen;Totaal;Totaal burgerlijke staat;Akersloot;2009;;
2538;Totaal mannen en vrouwen;Totaal;Totaal burgerlijke staat;Akersloot;2010;;
2539;Totaal mannen en vrouwen;Totaal;Totaal burgerlijke staat;Akersloot;2011;;
2540;Totaal mannen en vrouwen;Totaal;Totaal burgerlijke staat;Akersloot;2012;;
2541;Totaal mannen en vrouwen;Totaal;Totaal burgerlijke staat;Akersloot;2013;;
2542;Totaal mannen en vrouwen;Totaal;Totaal burgerlijke staat;Akersloot;2014;;
2543;Totaal mannen en vrouwen;Totaal;Totaal burgerlijke staat;Akersloot;2015;;
2544;Totaal mannen en vrouwen;Totaal;Totaal burgerlijke staat;Akersloot;2016;;
2545;Totaal mannen en vrouwen;Totaal;Totaal burgerlijke staat;Akersloot;2017;;
2546;Totaal mannen en vrouwen;Totaal;Totaal burgerlijke staat;Akersloot;2018;;
2547;Totaal mannen en vrouwen;Totaal;Totaal burgerlijke staat;Akersloot;2019;;
2548;Totaal mannen en vrouwen;Totaal;Totaal burgerlijke staat;Akersloot;2020;;
2549;Totaal mannen en vrouwen;Totaal;Totaal burgerlijke staat;Akersloot;2021;;
2550;Totaal mannen en vrouwen;Totaal;Totaal burgerlijke staat;Akersloot;2022;;
2551;Totaal mannen en vrouwen;Totaal;Totaal burgerlijke staat;Akersloot;2023;;
2552;Totaal mannen en vrouwen;Totaal;Totaal burgerlijke staat;Akersloot;2024;;
2553;Totaal mannen en vrouwen;Totaal;Totaal burgerlijke staat;Alblasserdam;1988;17183.0;
2554;Totaal mannen en vrouwen;Totaal;Totaal burgerlijke staat;Alblasserdam;1989;17391.0;
2555;Totaal mannen en vrouwen;Totaal;Totaal burgerlijke staat;Alblasserdam;1990;17382.0;
2556;Totaal mannen en vrouwen;Totaal;Totaal burgerlijke staat;Alblasserdam;1991;17468.0;
2557;Totaal mannen en vrouwen;Totaal;Totaal burgerlijke staat;Alblasserdam;1992;17503.0;
2558;Totaal mannen en vrouwen;Totaal;Totaal burgerlijke staat;Alblasserdam;1993;17604.0;
2559;Totaal mannen en vrouwen;Totaal;Totaal burgerlijke staat;Alblasserdam;1994;17648.0;
2560;Totaal mannen en vrouwen;Totaal;Totaal burgerlijke staat;Alblasserdam;1995;17646.0;17651.0
2561;Totaal mannen en vrouwen;Totaal;Totaal burgerlijke staat;Alblasserdam;1996;17656.0;17719.0
2562;Totaal mannen en vrouwen;Totaal;Totaal burgerlijke staat;Alblasserdam;1997;17782.0;17791.0
2563;Totaal mannen en vrouwen;Totaal;Totaal burgerlijke staat;Alblasserdam;1998;17800.0;17918.0
2564;Totaal mannen en vrouwen;Totaal;Totaal burgerlijke staat;Alblasserdam;1999;18036.0;18109.5
2565;Totaal mannen en vrouwen;Totaal;Totaal burgerlijke staat;Alblasserdam;2000;18183.0;18296.5
2566;Totaal mannen en vrouwen;Totaal;Totaal burgerlijke staat;Alblasserdam;2001;18410.0;18399.0
2567;Totaal mannen en vrouwen;Totaal;Totaal burgerlijke staat;Alblasserdam;2002;18388.0;18406.5
2568;Totaal mannen en vrouwen;Totaal;Totaal burgerlijke staat;Alblasserdam;2003;18425.0;18405.5
2569;Totaal mannen en vrouwen;Totaal;Totaal burgerlijke staat;Alblasserdam;2004;18386.0;18371.0
2570;Totaal mannen en vrouwen;Totaal;Totaal burgerlijke staat;Alblasserdam;2005;18356.0;18391.0
2571;Totaal mannen en vrouwen;Totaal;Totaal burgerlijke staat;Alblasserdam;2006;18426.0;18546.0
2572;Totaal mannen en vrouwen;Totaal;Totaal burgerlijke staat;Alblasserdam;2007;18666.0;18692.0
2573;Totaal mannen en vrouwen;Totaal;Totaal burgerlijke staat;Alblasserdam;2008;18718.0;18778.5
2574;Totaal mannen en vrouwen;Totaal;Totaal burgerlijke staat;Alblasserdam;2009;18839.0;18926.5
2575;Totaal mannen en vrouwen;Totaal;Totaal burgerlijke staat;Alblasserdam;2010;19014.0;19111.0
2576;Totaal mannen en vrouwen;Totaal;Totaal burgerlijke staat;Alblasserdam;2011;19208.0;19337.5
2577;Totaal mannen en vrouwen;Totaal;Totaal burgerlijke staat;Alblasserdam;2012;19467.0;19555.0
2578;Totaal mannen en vrouwen;Totaal;Totaal burgerlijke staat;Alblasserdam;2013;19643.0;19722.0
2579;Totaal mannen en vrouwen;Totaal;Totaal burgerlijke staat;Alblasserdam;2014;19801.0;19823.0
2580;Totaal mannen en vrouwen;Totaal;Totaal burgerlijke staat;Alblasserdam;2015;19845.0;19900.0
2581;Totaal mannen en vrouwen;Totaal;Totaal burgerlijke staat;Alblasserdam;2016;19955.0;19981.5
2582;Totaal mannen en vrouwen;Totaal;Totaal burgerlijke staat;Alblasserdam;2017;20008.0;20011.0
2583;Totaal mannen en vrouwen;Totaal;Totaal burgerlijke staat;Alblasserdam;2018;20014.0;20041.5
2584;Totaal mannen en vrouwen;Totaal;Totaal burgerlijke staat;Alblasserdam;2019;20069.0;20117.0
2585;Totaal mannen en vrouwen;Totaal;Totaal burgerlijke staat;Alblasserdam;2020;20165.0;20150.5
2586;Totaal mannen en vrouwen;Totaal;Totaal burgerlijke staat;Alblasserdam;2021;20136.0;20111.5
2587;Totaal mannen en vrouwen;Totaal;Totaal burgerlijke staat;Alblasserdam;2022;20087.0;20221.5
2588;Totaal mannen en vrouwen;Totaal;Totaal burgerlijke staat;Alblasserdam;2023;20356.0;20335.0
2589;Totaal mannen en vrouwen;Totaal;Totaal burgerlijke staat;Alblasserdam;2024;20314.0;
2590;Totaal mannen en vrouwen;Totaal;Totaal burgerlijke staat;Albrandswaard;1988;13799.0;
2591;Totaal mannen en vrouwen;Totaal;Totaal burgerlijke staat;Albrandswaard;1989;13785.0;
2592;Totaal mannen en vrouwen;Totaal;Totaal burgerlijke staat;Albrandswaard;1990;13913.0;
2593;Totaal mannen en vrouwen;Totaal;Totaal burgerlijke staat;Albrandswaard;1991;14121.0;
2594;Totaal mannen en vrouwen;Totaal;Totaal burgerlijke staat;Albrandswaard;1992;14181.0;
2595;Totaal mannen en vrouwen;Totaal;Totaal burgerlijke staat;Albrandswaard;1993;14350.0;
2596;Totaal mannen en vrouwen;Totaal;Totaal burgerlijke staat;Albrandswaard;1994;14920.0;
2597;Totaal mannen en vrouwen;Totaal;Totaal burgerlijke staat;Albrandswaard;1995;15141.0;15233.0
2598;Totaal mannen en vrouwen;Totaal;Totaal burgerlijke staat;Albrandswaard;1996;15325.0;15287.0
2599;Totaal mannen en vrouwen;Totaal;Totaal burgerlijke staat;Albrandswaard;1997;15249.0;15322.0
2600;Totaal mannen en vrouwen;Totaal;Totaal burgerlijke staat;Albrandswaard;1998;15395.0;15600.0
2601;Totaal mannen en vrouwen;Totaal;Totaal burgerlijke staat;Albrandswaard;1999;15805.0;16112.5
2602;Totaal mannen en vrouwen;Totaal;Totaal burgerlijke staat;Albrandswaard;2000;16420.0;17070.5
2603;Totaal mannen en vrouwen;Totaal;Totaal burgerlijke staat;Albrandswaard;2001;17721.0;17906.5
2604;Totaal mannen en vrouwen;Totaal;Totaal burgerlijke staat;Albrandswaard;2002;18092.0;18414.5
2605;Totaal mannen en vrouwen;Totaal;Totaal burgerlijke staat;Albrandswaard;2003;18737.0;19172.0
2606;Totaal mannen en vrouwen;Totaal;Totaal burgerlijke staat;Albrandswaard;2004;19607.0;20106.5
2607;Totaal mannen en vrouwen;Totaal;Totaal burgerlijke staat;Albrandswaard;2005;20606.0;20832.5
2608;Totaal mannen en vrouwen;Totaal;Totaal burgerlijke staat;Albrandswaard;2006;21059.0;21291.0
2609;Totaal mannen en vrouwen;Totaal;Totaal burgerlijke staat;Albrandswaard;2007;21523.0;21988.0
2610;Totaal mannen en vrouwen;Totaal;Totaal burgerlijke staat;Albrandswaard;2008;22453.0;22713.5
2611;Totaal mannen en vrouwen;Totaal;Totaal burgerlijke staat;Albrandswaard;2009;22974.0;23582.5
2612;Totaal mannen en vrouwen;Totaal;Totaal burgerlijke staat;Albrandswaard;2010;24191.0;24432.5
2613;Totaal mannen en vrouwen;Totaal;Totaal burgerlijke staat;Albrandswaard;2011;24674.0;24838.5
2614;Totaal mannen en vrouwen;Totaal;Totaal burgerlijke staat;Albrandswaard;2012;25003.0;25052.0
2615;Totaal mannen en vrouwen;Totaal;Totaal burgerlijke staat;Albrandswaard;2013;25101.0;25085.0
2616;Totaal mannen en vrouwen;Totaal;Totaal burgerlijke staat;Albrandswaard;2014;25069.0;25108.5
2617;Totaal mannen en vrouwen;Totaal;Totaal burgerlijke staat;Albrandswaard;2015;25148.0;25066.5
2618;Totaal mannen en vrouwen;Totaal;Totaal burgerlijke staat;Albrandswaard;2016;24985.0;25045.0
2619;Totaal mannen en vrouwen;Totaal;Totaal burgerlijke staat;Albrandswaard;2017;25105.0;25161.5
2620;Totaal mannen en vrouwen;Totaal;Totaal burgerlijke staat;Albrandswaard;2018;25218.0;25244.5
2621;Totaal mannen en vrouwen;Totaal;Totaal burgerlijke staat;Albrandswaard;2019;25271.0;25430.5
2622;Totaal mannen en vrouwen;Totaal;Totaal burgerlijke staat;Albrandswaard;2020;25590.0;25702.0
2623;Totaal mannen en vrouwen;Totaal;Totaal burgerlijke staat;Albrandswaard;2021;25814.0;25874.0
2624;Totaal mannen en vrouwen;Totaal;Totaal burgerlijke staat;Albrandswaard;2022;25934.0;26145.5
2625;Totaal mannen en vrouwen;Totaal;Totaal burgerlijke staat;Albrandswaard;2023;26357.0;26392.5
2626;Totaal mannen en vrouwen;Totaal;Totaal burgerlijke staat;Albrandswaard;2024;26428.0;
2627;Totaal mannen en vrouwen;Totaal;Totaal burgerlijke staat;Alkemade;1988;13703.0;
2628;Totaal mannen en vrouwen;Totaal;Totaal burgerlijke staat;Alkemade;1989;13745.0;
2629;Totaal mannen en vrouwen;Totaal;Totaal burgerlijke staat;Alkemade;1990;13903.0;
2630;Totaal mannen en vrouwen;Totaal;Totaal burgerlijke staat;Alkemade;1991;14047.0;
2631;Totaal mannen en vrouwen;Totaal;Totaal burgerlijke staat;Alkemade;1992;14178.0;
2632;Totaal mannen en vrouwen;Totaal;Totaal burgerlijke staat;Alkemade;1993;14254.0;
2633;Totaal mannen en vrouwen;Totaal;Totaal burgerlijke staat;Alkemade;1994;14326.0;
2634;Totaal mannen en vrouwen;Totaal;Totaal burgerlijke staat;Alkemade;1995;14379.0;14384.5
2635;Totaal mannen en vrouwen;Totaal;Totaal burgerlijke staat;Alkemade;1996;14390.0;14410.0
2636;Totaal mannen en vrouwen;Totaal;Totaal burgerlijke staat;Alkemade;1997;14430.0;14431.5
2637;Totaal mannen en vrouwen;Totaal;Totaal burgerlijke staat;Alkemade;1998;14433.0;14449.5
2638;Totaal mannen en vrouwen;Totaal;Totaal burgerlijke staat;Alkemade;1999;14466.0;14449.5
2639;Totaal mannen en vrouwen;Totaal;Totaal burgerlijke staat;Alkemade;2000;14433.0;14414.0
2640;Totaal mannen en vrouwen;Totaal;Totaal burgerlijke staat;Alkemade;2001;14395.0;14402.0
2641;Totaal mannen en vrouwen;Totaal;Totaal burgerlijke staat;Alkemade;2002;14409.0;14418.5
2642;Totaal mannen en vrouwen;Totaal;Totaal burgerlijke staat;Alkemade;2003;14428.0;14454.5
2643;Totaal mannen en vrouwen;Totaal;Totaal burgerlijke staat;Alkemade;2004;14481.0;14491.0
2644;Totaal mannen en vrouwen;Totaal;Totaal burgerlijke staat;Alkemade;2005;14501.0;14506.5
2645;Totaal mannen en vrouwen;Totaal;Totaal burgerlijke staat;Alkemade;2006;14512.0;14524.0
2646;Totaal mannen en vrouwen;Totaal;Totaal burgerlijke staat;Alkemade;2007;14536.0;14508.5
2647;Totaal mannen en vrouwen;Totaal;Totaal burgerlijke staat;Alkemade;2008;14481.0;14554.5
2648;Totaal mannen en vrouwen;Totaal;Totaal burgerlijke staat;Alkemade;2009;;
2649;Totaal mannen en vrouwen;Totaal;Totaal burgerlijke staat;Alkemade;2010;;
2650;Totaal mannen en vrouwen;Totaal;Totaal burgerlijke staat;Alkemade;2011;;
2651;Totaal mannen en vrouwen;Totaal;Totaal burgerlijke staat;Alkemade;2012;;
2652;Totaal mannen en vrouwen;Totaal;Totaal burgerlijke staat;Alkemade;2013;;
2653;Totaal mannen en vrouwen;Totaal;Totaal burgerlijke staat;Alkemade;2014;;
2654;Totaal mannen en vrouwen;Totaal;Totaal burgerlijke staat;Alkemade;2015;;
2655;Totaal mannen en vrouwen;Totaal;Totaal burgerlijke staat;Alkemade;2016;;
2656;Totaal mannen en vrouwen;Totaal;Totaal burgerlijke staat;Alkemade;2017;;
2657;Totaal mannen en vrouwen;Totaal;Totaal burgerlijke staat;Alkemade;2018;;
2658;Totaal mannen en vrouwen;Totaal;Totaal burgerlijke staat;Alkemade;2019;;
2659;Totaal mannen en vrouwen;Totaal;Totaal burgerlijke staat;Alkemade;2020;;
2660;Totaal mannen en vrouwen;Totaal;Totaal burgerlijke staat;Alkemade;2021;;
2661;Totaal mannen en vrouwen;Totaal;Totaal burgerlijke staat;Alkemade;2022;;
2662;Totaal mannen en vrouwen;Totaal;Totaal burgerlijke staat;Alkemade;2023;;
2663;Totaal mannen en vrouwen;Totaal;Totaal burgerlijke staat;Alkemade;2024;;
2664;Totaal mannen en vrouwen;Totaal;Totaal burgerlijke staat;Alkmaar;1988;88085.0;
2665;Totaal mannen en vrouwen;Totaal;Totaal burgerlijke staat;Alkmaar;1989;88571.0;
2666;Totaal mannen en vrouwen;Totaal;Totaal burgerlijke staat;Alkmaar;1990;89649.0;
2667;Totaal mannen en vrouwen;Totaal;Totaal burgerlijke staat;Alkmaar;1991;90778.0;
2668;Totaal mannen en vrouwen;Totaal;Totaal burgerlijke staat;Alkmaar;1992;91817.0;
2669;Totaal mannen en vrouwen;Totaal;Totaal burgerlijke staat;Alkmaar;1993;92421.0;
2670;Totaal mannen en vrouwen;Totaal;Totaal burgerlijke staat;Alkmaar;1994;92962.0;
2671;Totaal mannen en vrouwen;Totaal;Totaal burgerlijke staat;Alkmaar;1995;93011.0;93031.5
2672;Totaal mannen en vrouwen;Totaal;Totaal burgerlijke staat;Alkmaar;1996;93052.0;93028.0
2673;Totaal mannen en vrouwen;Totaal;Totaal burgerlijke staat;Alkmaar;1997;93004.0;92937.0
2674;Totaal mannen en vrouwen;Totaal;Totaal burgerlijke staat;Alkmaar;1998;92960.0;92931.0
2675;Totaal mannen en vrouwen;Totaal;Totaal burgerlijke staat;Alkmaar;1999;92902.0;92869.0
2676;Totaal mannen en vrouwen;Totaal;Totaal burgerlijke staat;Alkmaar;2000;92836.0;92929.0
2677;Totaal mannen en vrouwen;Totaal;Totaal burgerlijke staat;Alkmaar;2001;93022.0;93007.0
2678;Totaal mannen en vrouwen;Totaal;Totaal burgerlijke staat;Alkmaar;2002;92992.0;93191.0
2679;Totaal mannen en vrouwen;Totaal;Totaal burgerlijke staat;Alkmaar;2003;93390.0;93755.5
2680;Totaal mannen en vrouwen;Totaal;Totaal burgerlijke staat;Alkmaar;2004;94121.0;94193.5
2681;Totaal mannen en vrouwen;Totaal;Totaal burgerlijke staat;Alkmaar;2005;94266.0;94360.5
2682;Totaal mannen en vrouwen;Totaal;Totaal burgerlijke staat;Alkmaar;2006;94455.0;94314.5
2683;Totaal mannen en vrouwen;Totaal;Totaal burgerlijke staat;Alkmaar;2007;94174.0;94025.0
2684;Totaal mannen en vrouwen;Totaal;Totaal burgerlijke staat;Alkmaar;2008;93876.0;93646.0
2685;Totaal mannen en vrouwen;Totaal;Totaal burgerlijke staat;Alkmaar;2009;93416.0;93638.5
2686;Totaal mannen en vrouwen;Totaal;Totaal burgerlijke staat;Alkmaar;2010;93861.0;93898.5
2687;Totaal mannen en vrouwen;Totaal;Totaal burgerlijke staat;Alkmaar;2011;93936.0;94102.5
2688;Totaal mannen en vrouwen;Totaal;Totaal burgerlijke staat;Alkmaar;2012;94269.0;94387.0
2689;Totaal mannen en vrouwen;Totaal;Totaal burgerlijke staat;Alkmaar;2013;94505.0;94685.5
2690;Totaal mannen en vrouwen;Totaal;Totaal burgerlijke staat;Alkmaar;2014;94866.0;95057.0
2691;Totaal mannen en vrouwen;Totaal;Totaal burgerlijke staat;Alkmaar;2015;107106.0;107360.5
2692;Totaal mannen en vrouwen;Totaal;Totaal burgerlijke staat;Alkmaar;2016;107615.0;107994.0
2693;Totaal mannen en vrouwen;Totaal;Totaal burgerlijke staat;Alkmaar;2017;108373.0;108421.5
2694;Totaal mannen en vrouwen;Totaal;Totaal burgerlijke staat;Alkmaar;2018;108470.0;108514.0
2695;Totaal mannen en vrouwen;Totaal;Totaal burgerlijke staat;Alkmaar;2019;108558.0;108997.0
2696;Totaal mannen en vrouwen;Totaal;Totaal burgerlijke staat;Alkmaar;2020;109436.0;109666.0
2697;Totaal mannen en vrouwen;Totaal;Totaal burgerlijke staat;Alkmaar;2021;109896.0;110339.5
2698;Totaal mannen en vrouwen;Totaal;Totaal burgerlijke staat;Alkmaar;2022;110783.0;111308.5
2699;Totaal mannen en vrouwen;Totaal;Totaal burgerlijke staat;Alkmaar;2023;111834.0;112069.0
2700;Totaal mannen en vrouwen;Totaal;Totaal burgerlijke staat;Alkmaar;2024;112304.0;
2701;Totaal mannen en vrouwen;Totaal;Totaal burgerlijke staat;Almelo;1988;62134.0;
2702;Totaal mannen en vrouwen;Totaal;Totaal burgerlijke staat;Almelo;1989;62008.0;
2703;Totaal mannen en vrouwen;Totaal;Totaal burgerlijke staat;Almelo;1990;62190.0;
2704;Totaal mannen en vrouwen;Totaal;Totaal burgerlijke staat;Almelo;1991;62668.0;
2705;Totaal mannen en vrouwen;Totaal;Totaal burgerlijke staat;Almelo;1992;63383.0;
2706;Totaal mannen en vrouwen;Totaal;Totaal burgerlijke staat;Almelo;1993;63988.0;
2707;Totaal mannen en vrouwen;Totaal;Totaal burgerlijke staat;Almelo;1994;64589.0;
2708;Totaal mannen en vrouwen;Totaal;Totaal burgerlijke staat;Almelo;1995;65019.0;65115.0
2709;Totaal mannen en vrouwen;Totaal;Totaal burgerlijke staat;Almelo;1996;65211.0;65190.5
2710;Totaal mannen en vrouwen;Totaal;Totaal burgerlijke staat;Almelo;1997;65217.0;65424.5
2711;Totaal mannen en vrouwen;Totaal;Totaal burgerlijke staat;Almelo;1998;65632.0;65856.0
2712;Totaal mannen en vrouwen;Totaal;Totaal burgerlijke staat;Almelo;1999;66080.0;66171.5
2713;Totaal mannen en vrouwen;Totaal;Totaal burgerlijke staat;Almelo;2000;66263.0;66599.5
2714;Totaal mannen en vrouwen;Totaal;Totaal burgerlijke staat;Almelo;2001;70416.0;70721.0
2715;Totaal mannen en vrouwen;Totaal;Totaal burgerlijke staat;Almelo;2002;71026.0;71377.5
2716;Totaal mannen en vrouwen;Totaal;Totaal burgerlijke staat;Almelo;2003;71729.0;71978.0
2717;Totaal mannen en vrouwen;Totaal;Totaal burgerlijke staat;Almelo;2004;72227.0;72260.0
2718;Totaal mannen en vrouwen;Totaal;Totaal burgerlijke staat;Almelo;2005;72293.0;72170.5
2719;Totaal mannen en vrouwen;Totaal;Totaal burgerlijke staat;Almelo;2006;72048.0;72072.0
2720;Totaal mannen en vrouwen;Totaal;Totaal burgerlijke staat;Almelo;2007;72096.0;72191.5
2721;Totaal mannen en vrouwen;Totaal;Totaal burgerlijke staat;Almelo;2008;72287.0;72357.5
2722;Totaal mannen en vrouwen;Totaal;Totaal burgerlijke staat;Almelo;2009;72428.0;72515.0
2723;Totaal mannen en vrouwen;Totaal;Totaal burgerlijke staat;Almelo;2010;72602.0;72600.5
2724;Totaal mannen en vrouwen;Totaal;Totaal burgerlijke staat;Almelo;2011;72599.0;72678.0
2725;Totaal mannen en vrouwen;Totaal;Totaal burgerlijke staat;Almelo;2012;72757.0;72743.0
2726;Totaal mannen en vrouwen;Totaal;Totaal burgerlijke staat;Almelo;2013;72729.0;72594.0
2727;Totaal mannen en vrouwen;Totaal;Totaal burgerlijke staat;Almelo;2014;72459.0;72375.0
2728;Totaal mannen en vrouwen;Totaal;Totaal burgerlijke staat;Almelo;2015;72291.0;72358.0
2729;Totaal mannen en vrouwen;Totaal;Totaal burgerlijke staat;Almelo;2016;72425.0;72452.0
2730;Totaal mannen en vrouwen;Totaal;Totaal burgerlijke staat;Almelo;2017;72479.0;72554.0
2731;Totaal mannen en vrouwen;Totaal;Totaal burgerlijke staat;Almelo;2018;72629.0;72739.0
2732;Totaal mannen en vrouwen;Totaal;Totaal burgerlijke staat;Almelo;2019;72849.0;72978.0
2733;Totaal mannen en vrouwen;Totaal;Totaal burgerlijke staat;Almelo;2020;73107.0;73119.5
2734;Totaal mannen en vrouwen;Totaal;Totaal burgerlijke staat;Almelo;2021;73132.0;73143.5
2735;Totaal mannen en vrouwen;Totaal;Totaal burgerlijke staat;Almelo;2022;73155.0;73552.0
2736;Totaal mannen en vrouwen;Totaal;Totaal burgerlijke staat;Almelo;2023;73949.0;74133.0
2737;Totaal mannen en vrouwen;Totaal;Totaal burgerlijke staat;Almelo;2024;74317.0;
2738;Totaal mannen en vrouwen;Totaal;Totaal burgerlijke staat;Almere;1988;57195.0;
2739;Totaal mannen en vrouwen;Totaal;Totaal burgerlijke staat;Almere;1989;63785.0;
2740;Totaal mannen en vrouwen;Totaal;Totaal burgerlijke staat;Almere;1990;71086.0;
2741;Totaal mannen en vrouwen;Totaal;Totaal burgerlijke staat;Almere;1991;78100.0;
2742;Totaal mannen en vrouwen;Totaal;Totaal burgerlijke staat;Almere;1992;84909.0;
2743;Totaal mannen en vrouwen;Totaal;Totaal burgerlijke staat;Almere;1993;91689.0;
2744;Totaal mannen en vrouwen;Totaal;Totaal burgerlijke staat;Almere;1994;98444.0;
2745;Totaal mannen en vrouwen;Totaal;Totaal burgerlijke staat;Almere;1995;104541.0;108622.5
2746;Totaal mannen en vrouwen;Totaal;Totaal burgerlijke staat;Almere;1996;112704.0;115808.5
2747;Totaal mannen en vrouwen;Totaal;Totaal burgerlijke staat;Almere;1997;118913.0;122816.5
2748;Totaal mannen en vrouwen;Totaal;Totaal burgerlijke staat;Almere;1998;126720.0;131438.5
2749;Totaal mannen en vrouwen;Totaal;Totaal burgerlijke staat;Almere;1999;136157.0;139461.0
2750;Totaal mannen en vrouwen;Totaal;Totaal burgerlijke staat;Almere;2000;142765.0;146581.5
2751;Totaal mannen en vrouwen;Totaal;Totaal burgerlijke staat;Almere;2001;150398.0;154650.0
2752;Totaal mannen en vrouwen;Totaal;Totaal burgerlijke staat;Almere;2002;158902.0;162004.0
2753;Totaal mannen en vrouwen;Totaal;Totaal burgerlijke staat;Almere;2003;165106.0;167905.0
2754;Totaal mannen en vrouwen;Totaal;Totaal burgerlijke staat;Almere;2004;170704.0;172855.5
2755;Totaal mannen en vrouwen;Totaal;Totaal burgerlijke staat;Almere;2005;175007.0;176736.5
2756;Totaal mannen en vrouwen;Totaal;Totaal burgerlijke staat;Almere;2006;178466.0;179695.0
2757;Totaal mannen en vrouwen;Totaal;Totaal burgerlijke staat;Almere;2007;180924.0;182097.0
2758;Totaal mannen en vrouwen;Totaal;Totaal burgerlijke staat;Almere;2008;183270.0;184508.0
2759;Totaal mannen en vrouwen;Totaal;Totaal burgerlijke staat;Almere;2009;185746.0;186953.0
2760;Totaal mannen en vrouwen;Totaal;Totaal burgerlijke staat;Almere;2010;188160.0;189407.5
2761;Totaal mannen en vrouwen;Totaal;Totaal burgerlijke staat;Almere;2011;190655.0;191909.0
2762;Totaal mannen en vrouwen;Totaal;Totaal burgerlijke staat;Almere;2012;193163.0;194188.0
2763;Totaal mannen en vrouwen;Totaal;Totaal burgerlijke staat;Almere;2013;195213.0;195613.0
2764;Totaal mannen en vrouwen;Totaal;Totaal burgerlijke staat;Almere;2014;196013.0;196472.5
2765;Totaal mannen en vrouwen;Totaal;Totaal burgerlijke staat;Almere;2015;196932.0;197538.5
2766;Totaal mannen en vrouwen;Totaal;Totaal burgerlijke staat;Almere;2016;198145.0;199529.5
2767;Totaal mannen en vrouwen;Totaal;Totaal burgerlijke staat;Almere;2017;200914.0;202452.0
2768;Totaal mannen en vrouwen;Totaal;Totaal burgerlijke staat;Almere;2018;203990.0;205947.0
2769;Totaal mannen en vrouwen;Totaal;Totaal burgerlijke staat;Almere;2019;207904.0;209898.5
2770;Totaal mannen en vrouwen;Totaal;Totaal burgerlijke staat;Almere;2020;211893.0;213304.0
2771;Totaal mannen en vrouwen;Totaal;Totaal burgerlijke staat;Almere;2021;214715.0;216271.5
2772;Totaal mannen en vrouwen;Totaal;Totaal burgerlijke staat;Almere;2022;217828.0;220326.5
2773;Totaal mannen en vrouwen;Totaal;Totaal burgerlijke staat;Almere;2023;222825.0;224662.5
2774;Totaal mannen en vrouwen;Totaal;Totaal burgerlijke staat;Almere;2024;226500.0;
2775;Totaal mannen en vrouwen;Totaal;Totaal burgerlijke staat;Alphen aan den Rijn;1988;58154.0;
2776;Totaal mannen en vrouwen;Totaal;Totaal burgerlijke staat;Alphen aan den Rijn;1989;59586.0;
2777;Totaal mannen en vrouwen;Totaal;Totaal burgerlijke staat;Alphen aan den Rijn;1990;61132.0;
2778;Totaal mannen en vrouwen;Totaal;Totaal burgerlijke staat;Alphen aan den Rijn;1991;62401.0;
2779;Totaal mannen en vrouwen;Totaal;Totaal burgerlijke staat;Alphen aan den Rijn;1992;63573.0;
2780;Totaal mannen en vrouwen;Totaal;Totaal burgerlijke staat;Alphen aan den Rijn;1993;65051.0;
2781;Totaal mannen en vrouwen;Totaal;Totaal burgerlijke staat;Alphen aan den Rijn;1994;66143.0;
2782;Totaal mannen en vrouwen;Totaal;Totaal burgerlijke staat;Alphen aan den Rijn;1995;67113.0;67348.0
2783;Totaal mannen en vrouwen;Totaal;Totaal burgerlijke staat;Alphen aan den Rijn;1996;67583.0;67694.0
2784;Totaal mannen en vrouwen;Totaal;Totaal burgerlijke staat;Alphen aan den Rijn;1997;67805.0;68228.5
2785;Totaal mannen en vrouwen;Totaal;Totaal burgerlijke staat;Alphen aan den Rijn;1998;68652.0;68987.0
2786;Totaal mannen en vrouwen;Totaal;Totaal burgerlijke staat;Alphen aan den Rijn;1999;69322.0;69625.0
2787;Totaal mannen en vrouwen;Totaal;Totaal burgerlijke staat;Alphen aan den Rijn;2000;69928.0;70045.0
2788;Totaal mannen en vrouwen;Totaal;Totaal burgerlijke staat;Alphen aan den Rijn;2001;70162.0;70405.5
2789;Totaal mannen en vrouwen;Totaal;Totaal burgerlijke staat;Alphen aan den Rijn;2002;70649.0;70677.5
2790;Totaal mannen en vrouwen;Totaal;Totaal burgerlijke staat;Alphen aan den Rijn;2003;70706.0;70591.5
2791;Totaal mannen en vrouwen;Totaal;Totaal burgerlijke staat;Alphen aan den Rijn;2004;70477.0;70534.0
2792;Totaal mannen en vrouwen;Totaal;Totaal burgerlijke staat;Alphen aan den Rijn;2005;70591.0;70773.0
2793;Totaal mannen en vrouwen;Totaal;Totaal burgerlijke staat;Alphen aan den Rijn;2006;70955.0;71027.5
2794;Totaal mannen en vrouwen;Totaal;Totaal burgerlijke staat;Alphen aan den Rijn;2007;71100.0;71379.0
2795;Totaal mannen en vrouwen;Totaal;Totaal burgerlijke staat;Alphen aan den Rijn;2008;71658.0;71918.0
2796;Totaal mannen en vrouwen;Totaal;Totaal burgerlijke staat;Alphen aan den Rijn;2009;72178.0;72356.0
2797;Totaal mannen en vrouwen;Totaal;Totaal burgerlijke staat;Alphen aan den Rijn;2010;72534.0;72607.0
2798;Totaal mannen en vrouwen;Totaal;Totaal burgerlijke staat;Alphen aan den Rijn;2011;72680.0;72766.5
2799;Totaal mannen en vrouwen;Totaal;Totaal burgerlijke staat;Alphen aan den Rijn;2012;72853.0;72883.0
2800;Totaal mannen en vrouwen;Totaal;Totaal burgerlijke staat;Alphen aan den Rijn;2013;72913.0;73018.5
2801;Totaal mannen en vrouwen;Totaal;Totaal burgerlijke staat;Alphen aan den Rijn;2014;106785.0;107090.5
2802;Totaal mannen en vrouwen;Totaal;Totaal burgerlijke staat;Alphen aan den Rijn;2015;107396.0;107678.0
2803;Totaal mannen en vrouwen;Totaal;Totaal burgerlijke staat;Alphen aan den Rijn;2016;107960.0;108437.5
2804;Totaal mannen en vrouwen;Totaal;Totaal burgerlijke staat;Alphen aan den Rijn;2017;108915.0;109298.5
2805;Totaal mannen en vrouwen;Totaal;Totaal burgerlijke staat;Alphen aan den Rijn;2018;109682.0;110334.0
2806;Totaal mannen en vrouwen;Totaal;Totaal burgerlijke staat;Alphen aan den Rijn;2019;110986.0;111441.5
2807;Totaal mannen en vrouwen;Totaal;Totaal burgerlijke staat;Alphen aan den Rijn;2020;111897.0;112242.0
2808;Totaal mannen en vrouwen;Totaal;Totaal burgerlijke staat;Alphen aan den Rijn;2021;112587.0;112756.5
2809;Totaal mannen en vrouwen;Totaal;Totaal burgerlijke staat;Alphen aan den Rijn;2022;112926.0;113554.0
2810;Totaal mannen en vrouwen;Totaal;Totaal burgerlijke staat;Alphen aan den Rijn;2023;114182.0;114574.0
2811;Totaal mannen en vrouwen;Totaal;Totaal burgerlijke staat;Alphen aan den Rijn;2024;114966.0;
2812;Totaal mannen en vrouwen;Totaal;Totaal burgerlijke staat;Alphen en Riel;1988;6085.0;
2813;Totaal mannen en vrouwen;Totaal;Totaal burgerlijke staat;Alphen en Riel;1989;6070.0;
2814;Totaal mannen en vrouwen;Totaal;Totaal burgerlijke staat;Alphen en Riel;1990;6107.0;
2815;Totaal mannen en vrouwen;Totaal;Totaal burgerlijke staat;Alphen en Riel;1991;6132.0;
2816;Totaal mannen en vrouwen;Totaal;Totaal burgerlijke staat;Alphen en Riel;1992;6173.0;
2817;Totaal mannen en vrouwen;Totaal;Totaal burgerlijke staat;Alphen en Riel;1993;6193.0;
2818;Totaal mannen en vrouwen;Totaal;Totaal burgerlijke staat;Alphen en Riel;1994;6234.0;
2819;Totaal mannen en vrouwen;Totaal;Totaal burgerlijke staat;Alphen en Riel;1995;6263.0;6253.5
2820;Totaal mannen en vrouwen;Totaal;Totaal burgerlijke staat;Alphen en Riel;1996;6244.0;6266.5
2821;Totaal mannen en vrouwen;Totaal;Totaal burgerlijke staat;Alphen en Riel;1997;;
2822;Totaal mannen en vrouwen;Totaal;Totaal burgerlijke staat;Alphen en Riel;1998;;
2823;Totaal mannen en vrouwen;Totaal;Totaal burgerlijke staat;Alphen en Riel;1999;;
2824;Totaal mannen en vrouwen;Totaal;Totaal burgerlijke staat;Alphen en Riel;2000;;
2825;Totaal mannen en vrouwen;Totaal;Totaal burgerlijke staat;Alphen en Riel;2001;;
2826;Totaal mannen en vrouwen;Totaal;Totaal burgerlijke staat;Alphen en Riel;2002;;
2827;Totaal mannen en vrouwen;Totaal;Totaal burgerlijke staat;Alphen en Riel;2003;;
2828;Totaal mannen en vrouwen;Totaal;Totaal burgerlijke staat;Alphen en Riel;2004;;
2829;Totaal mannen en vrouwen;Totaal;Totaal burgerlijke staat;Alphen en Riel;2005;;
2830;Totaal mannen en vrouwen;Totaal;Totaal burgerlijke staat;Alphen en Riel;2006;;
2831;Totaal mannen en vrouwen;Totaal;Totaal burgerlijke staat;Alphen en Riel;2007;;
2832;Totaal mannen en vrouwen;Totaal;Totaal burgerlijke staat;Alphen en Riel;2008;;
2833;Totaal mannen en vrouwen;Totaal;Totaal burgerlijke staat;Alphen en Riel;2009;;
2834;Totaal mannen en vrouwen;Totaal;Totaal burgerlijke staat;Alphen en Riel;2010;;
2835;Totaal mannen en vrouwen;Totaal;Totaal burgerlijke staat;Alphen en Riel;2011;;
2836;Totaal mannen en vrouwen;Totaal;Totaal burgerlijke staat;Alphen en Riel;2012;;
2837;Totaal mannen en vrouwen;Totaal;Totaal burgerlijke staat;Alphen en Riel;2013;;
2838;Totaal mannen en vrouwen;Totaal;Totaal burgerlijke staat;Alphen en Riel;2014;;
2839;Totaal mannen en vrouwen;Totaal;Totaal burgerlijke staat;Alphen en Riel;2015;;
2840;Totaal mannen en vrouwen;Totaal;Totaal burgerlijke staat;Alphen en Riel;2016;;
2841;Totaal mannen en vrouwen;Totaal;Totaal burgerlijke staat;Alphen en Riel;2017;;
2842;Totaal mannen en vrouwen;Totaal;Totaal burgerlijke staat;Alphen en Riel;2018;;
2843;Totaal mannen en vrouwen;Totaal;Totaal burgerlijke staat;Alphen en Riel;2019;;
2844;Totaal mannen en vrouwen;Totaal;Totaal burgerlijke staat;Alphen en Riel;2020;;
2845;Totaal mannen en vrouwen;Totaal;Totaal burgerlijke staat;Alphen en Riel;2021;;
2846;Totaal mannen en vrouwen;Totaal;Totaal burgerlijke staat;Alphen en Riel;2022;;
2847;Totaal mannen en vrouwen;Totaal;Totaal burgerlijke staat;Alphen en Riel;2023;;
2848;Totaal mannen en vrouwen;Totaal;Totaal burgerlijke staat;Alphen en Riel;2024;;
2849;Totaal mannen en vrouwen;Totaal;Totaal burgerlijke staat;Alphen-Chaam;1988;;
2850;Totaal mannen en vrouwen;Totaal;Totaal burgerlijke staat;Alphen-Chaam;1989;;
2851;Totaal mannen en vrouwen;Totaal;Totaal burgerlijke staat;Alphen-Chaam;1990;;
2852;Totaal mannen en vrouwen;Totaal;Totaal burgerlijke staat;Alphen-Chaam;1991;;
2853;Totaal mannen en vrouwen;Totaal;Totaal burgerlijke staat;Alphen-Chaam;1992;;
2854;Totaal mannen en vrouwen;Totaal;Totaal burgerlijke staat;Alphen-Chaam;1993;;
2855;Totaal mannen en vrouwen;Totaal;Totaal burgerlijke staat;Alphen-Chaam;1994;;
2856;Totaal mannen en vrouwen;Totaal;Totaal burgerlijke staat;Alphen-Chaam;1995;;
2857;Totaal mannen en vrouwen;Totaal;Totaal burgerlijke staat;Alphen-Chaam;1996;;
2858;Totaal mannen en vrouwen;Totaal;Totaal burgerlijke staat;Alphen-Chaam;1997;9343.0;9364.0
2859;Totaal mannen en vrouwen;Totaal;Totaal burgerlijke staat;Alphen-Chaam;1998;9385.0;9385.0
2860;Totaal mannen en vrouwen;Totaal;Totaal burgerlijke staat;Alphen-Chaam;1999;9385.0;9422.5
2861;Totaal mannen en vrouwen;Totaal;Totaal burgerlijke staat;Alphen-Chaam;2000;9460.0;9473.0
2862;Totaal mannen en vrouwen;Totaal;Totaal burgerlijke staat;Alphen-Chaam;2001;9486.0;9466.5
2863;Totaal mannen en vrouwen;Totaal;Totaal burgerlijke staat;Alphen-Chaam;2002;9447.0;9430.0
2864;Totaal mannen en vrouwen;Totaal;Totaal burgerlijke staat;Alphen-Chaam;2003;9413.0;9413.5
2865;Totaal mannen en vrouwen;Totaal;Totaal burgerlijke staat;Alphen-Chaam;2004;9414.0;9463.5
2866;Totaal mannen en vrouwen;Totaal;Totaal burgerlijke staat;Alphen-Chaam;2005;9513.0;9502.0
2867;Totaal mannen en vrouwen;Totaal;Totaal burgerlijke staat;Alphen-Chaam;2006;9491.0;9476.0
2868;Totaal mannen en vrouwen;Totaal;Totaal burgerlijke staat;Alphen-Chaam;2007;9461.0;9458.0
2869;Totaal mannen en vrouwen;Totaal;Totaal burgerlijke staat;Alphen-Chaam;2008;9455.0;9438.0
2870;Totaal mannen en vrouwen;Totaal;Totaal burgerlijke staat;Alphen-Chaam;2009;9421.0;9428.5
2871;Totaal mannen en vrouwen;Totaal;Totaal burgerlijke staat;Alphen-Chaam;2010;9436.0;9451.0
2872;Totaal mannen en vrouwen;Totaal;Totaal burgerlijke staat;Alphen-Chaam;2011;9466.0;9495.5
2873;Totaal mannen en vrouwen;Totaal;Totaal burgerlijke staat;Alphen-Chaam;2012;9525.0;9582.5
2874;Totaal mannen en vrouwen;Totaal;Totaal burgerlijke staat;Alphen-Chaam;2013;9640.0;9678.5
2875;Totaal mannen en vrouwen;Totaal;Totaal burgerlijke staat;Alphen-Chaam;2014;9717.0;9735.0
2876;Totaal mannen en vrouwen;Totaal;Totaal burgerlijke staat;Alphen-Chaam;2015;9753.0;9838.5
2877;Totaal mannen en vrouwen;Totaal;Totaal burgerlijke staat;Alphen-Chaam;2016;9924.0;9991.0
2878;Totaal mannen en vrouwen;Totaal;Totaal burgerlijke staat;Alphen-Chaam;2017;10058.0;10070.5
2879;Totaal mannen en vrouwen;Totaal;Totaal burgerlijke staat;Alphen-Chaam;2018;10083.0;10116.0
2880;Totaal mannen en vrouwen;Totaal;Totaal burgerlijke staat;Alphen-Chaam;2019;10149.0;10176.0
2881;Totaal mannen en vrouwen;Totaal;Totaal burgerlijke staat;Alphen-Chaam;2020;10203.0;10288.0
2882;Totaal mannen en vrouwen;Totaal;Totaal burgerlijke staat;Alphen-Chaam;2021;10373.0;10399.0
2883;Totaal mannen en vrouwen;Totaal;Totaal burgerlijke staat;Alphen-Chaam;2022;10425.0;10444.0
2884;Totaal mannen en vrouwen;Totaal;Totaal burgerlijke staat;Alphen-Chaam;2023;10463.0;10459.0
2885;Totaal mannen en vrouwen;Totaal;Totaal burgerlijke staat;Alphen-Chaam;2024;10455.0;
2886;Totaal mannen en vrouwen;Totaal;Totaal burgerlijke staat;Altena;1988;;
2887;Totaal mannen en vrouwen;Totaal;Totaal burgerlijke staat;Altena;1989;;
2888;Totaal mannen en vrouwen;Totaal;Totaal burgerlijke staat;Altena;1990;;
2889;Totaal mannen en vrouwen;Totaal;Totaal burgerlijke staat;Altena;1991;;
2890;Totaal mannen en vrouwen;Totaal;Totaal burgerlijke staat;Altena;1992;;
2891;Totaal mannen en vrouwen;Totaal;Totaal burgerlijke staat;Altena;1993;;
2892;Totaal mannen en vrouwen;Totaal;Totaal burgerlijke staat;Altena;1994;;
2893;Totaal mannen en vrouwen;Totaal;Totaal burgerlijke staat;Altena;1995;;
2894;Totaal mannen en vrouwen;Totaal;Totaal burgerlijke staat;Altena;1996;;
2895;Totaal mannen en vrouwen;Totaal;Totaal burgerlijke staat;Altena;1997;;
2896;Totaal mannen en vrouwen;Totaal;Totaal burgerlijke staat;Altena;1998;;
2897;Totaal mannen en vrouwen;Totaal;Totaal burgerlijke staat;Altena;1999;;
2898;Totaal mannen en vrouwen;Totaal;Totaal burgerlijke staat;Altena;2000;;
2899;Totaal mannen en vrouwen;Totaal;Totaal burgerlijke staat;Altena;2001;;
2900;Totaal mannen en vrouwen;Totaal;Totaal burgerlijke staat;Altena;2002;;
2901;Totaal mannen en vrouwen;Totaal;Totaal burgerlijke staat;Altena;2003;;
2902;Totaal mannen en vrouwen;Totaal;Totaal burgerlijke staat;Altena;2004;;
2903;Totaal mannen en vrouwen;Totaal;Totaal burgerlijke staat;Altena;2005;;
2904;Totaal mannen en vrouwen;Totaal;Totaal burgerlijke staat;Altena;2006;;
2905;Totaal mannen en vrouwen;Totaal;Totaal burgerlijke staat;Altena;2007;;
2906;Totaal mannen en vrouwen;Totaal;Totaal burgerlijke staat;Altena;2008;;
2907;Totaal mannen en vrouwen;Totaal;Totaal burgerlijke staat;Altena;2009;;
2908;Totaal mannen en vrouwen;Totaal;Totaal burgerlijke staat;Altena;2010;;
2909;Totaal mannen en vrouwen;Totaal;Totaal burgerlijke staat;Altena;2011;;
2910;Totaal mannen en vrouwen;Totaal;Totaal burgerlijke staat;Altena;2012;;
2911;Totaal mannen en vrouwen;Totaal;Totaal burgerlijke staat;Altena;2013;;
2912;Totaal mannen en vrouwen;Totaal;Totaal burgerlijke staat;Altena;2014;;
2913;Totaal mannen en vrouwen;Totaal;Totaal burgerlijke staat;Altena;2015;;
2914;Totaal mannen en vrouwen;Totaal;Totaal burgerlijke staat;Altena;2016;;
2915;Totaal mannen en vrouwen;Totaal;Totaal burgerlijke staat;Altena;2017;;
2916;Totaal mannen en vrouwen;Totaal;Totaal burgerlijke staat;Altena;2018;;
2917;Totaal mannen en vrouwen;Totaal;Totaal burgerlijke staat;Altena;2019;55386.0;55676.5
2918;Totaal mannen en vrouwen;Totaal;Totaal burgerlijke staat;Altena;2020;55967.0;56159.5
2919;Totaal mannen en vrouwen;Totaal;Totaal burgerlijke staat;Altena;2021;56352.0;56680.5
2920;Totaal mannen en vrouwen;Totaal;Totaal burgerlijke staat;Altena;2022;57009.0;57367.5
2921;Totaal mannen en vrouwen;Totaal;Totaal burgerlijke staat;Altena;2023;57726.0;58001.5
2922;Totaal mannen en vrouwen;Totaal;Totaal burgerlijke staat;Altena;2024;58277.0;
2923;Totaal mannen en vrouwen;Totaal;Totaal burgerlijke staat;Ambt Delden;1988;5647.0;
2924;Totaal mannen en vrouwen;Totaal;Totaal burgerlijke staat;Ambt Delden;1989;5631.0;
2925;Totaal mannen en vrouwen;Totaal;Totaal burgerlijke staat;Ambt Delden;1990;5621.0;
2926;Totaal mannen en vrouwen;Totaal;Totaal burgerlijke staat;Ambt Delden;1991;5578.0;
2927;Totaal mannen en vrouwen;Totaal;Totaal burgerlijke staat;Ambt Delden;1992;5539.0;
2928;Totaal mannen en vrouwen;Totaal;Totaal burgerlijke staat;Ambt Delden;1993;5454.0;
2929;Totaal mannen en vrouwen;Totaal;Totaal burgerlijke staat;Ambt Delden;1994;5417.0;
2930;Totaal mannen en vrouwen;Totaal;Totaal burgerlijke staat;Ambt Delden;1995;5356.0;5371.5
2931;Totaal mannen en vrouwen;Totaal;Totaal burgerlijke staat;Ambt Delden;1996;5387.0;5402.0
2932;Totaal mannen en vrouwen;Totaal;Totaal burgerlijke staat;Ambt Delden;1997;5417.0;5430.5
2933;Totaal mannen en vrouwen;Totaal;Totaal burgerlijke staat;Ambt Delden;1998;5444.0;5444.0
2934;Totaal mannen en vrouwen;Totaal;Totaal burgerlijke staat;Ambt Delden;1999;5444.0;5466.5
2935;Totaal mannen en vrouwen;Totaal;Totaal burgerlijke staat;Ambt Delden;2000;5489.0;5510.5
2936;Totaal mannen en vrouwen;Totaal;Totaal burgerlijke staat;Ambt Delden;2001;;
2937;Totaal mannen en vrouwen;Totaal;Totaal burgerlijke staat;Ambt Delden;2002;;
2938;Totaal mannen en vrouwen;Totaal;Totaal burgerlijke staat;Ambt Delden;2003;;
2939;Totaal mannen en vrouwen;Totaal;Totaal burgerlijke staat;Ambt Delden;2004;;
2940;Totaal mannen en vrouwen;Totaal;Totaal burgerlijke staat;Ambt Delden;2005;;
2941;Totaal mannen en vrouwen;Totaal;Totaal burgerlijke staat;Ambt Delden;2006;;
2942;Totaal mannen en vrouwen;Totaal;Totaal burgerlijke staat;Ambt Delden;2007;;
2943;Totaal mannen en vrouwen;Totaal;Totaal burgerlijke staat;Ambt Delden;2008;;
2944;Totaal mannen en vrouwen;Totaal;Totaal burgerlijke staat;Ambt Delden;2009;;
2945;Totaal mannen en vrouwen;Totaal;Totaal burgerlijke staat;Ambt Delden;2010;;
2946;Totaal mannen en vrouwen;Totaal;Totaal burgerlijke staat;Ambt Delden;2011;;
2947;Totaal mannen en vrouwen;Totaal;Totaal burgerlijke staat;Ambt Delden;2012;;
2948;Totaal mannen en vrouwen;Totaal;Totaal burgerlijke staat;Ambt Delden;2013;;
2949;Totaal mannen en vrouwen;Totaal;Totaal burgerlijke staat;Ambt Delden;2014;;
2950;Totaal mannen en vrouwen;Totaal;Totaal burgerlijke staat;Ambt Delden;2015;;
2951;Totaal mannen en vrouwen;Totaal;Totaal burgerlijke staat;Ambt Delden;2016;;
2952;Totaal mannen en vrouwen;Totaal;Totaal burgerlijke staat;Ambt Delden;2017;;
2953;Totaal mannen en vrouwen;Totaal;Totaal burgerlijke staat;Ambt Delden;2018;;
2954;Totaal mannen en vrouwen;Totaal;Totaal burgerlijke staat;Ambt Delden;2019;;
2955;Totaal mannen en vrouwen;Totaal;Totaal burgerlijke staat;Ambt Delden;2020;;
2956;Totaal mannen en vrouwen;Totaal;Totaal burgerlijke staat;Ambt Delden;2021;;
2957;Totaal mannen en vrouwen;Totaal;Totaal burgerlijke staat;Ambt Delden;2022;;
2958;Totaal mannen en vrouwen;Totaal;Totaal burgerlijke staat;Ambt Delden;2023;;
2959;Totaal mannen en vrouwen;Totaal;Totaal burgerlijke staat;Ambt Delden;2024;;
2960;Totaal mannen en vrouwen;Totaal;Totaal burgerlijke staat;Ambt Montfort;1988;;
2961;Totaal mannen en vrouwen;Totaal;Totaal burgerlijke staat;Ambt Montfort;1989;;
2962;Totaal mannen en vrouwen;Totaal;Totaal burgerlijke staat;Ambt Montfort;1990;;
2963;Totaal mannen en vrouwen;Totaal;Totaal burgerlijke staat;Ambt Montfort;1991;;
2964;Totaal mannen en vrouwen;Totaal;Totaal burgerlijke staat;Ambt Montfort;1992;;
2965;Totaal mannen en vrouwen;Totaal;Totaal burgerlijke staat;Ambt Montfort;1993;;
2966;Totaal mannen en vrouwen;Totaal;Totaal burgerlijke staat;Ambt Montfort;1994;;
2967;Totaal mannen en vrouwen;Totaal;Totaal burgerlijke staat;Ambt Montfort;1995;11136.0;11144.0
2968;Totaal mannen en vrouwen;Totaal;Totaal burgerlijke staat;Ambt Montfort;1996;11152.0;11133.0
2969;Totaal mannen en vrouwen;Totaal;Totaal burgerlijke staat;Ambt Montfort;1997;11114.0;11102.0
2970;Totaal mannen en vrouwen;Totaal;Totaal burgerlijke staat;Ambt Montfort;1998;11090.0;11072.0
2971;Totaal mannen en vrouwen;Totaal;Totaal burgerlijke staat;Ambt Montfort;1999;11054.0;11053.5
2972;Totaal mannen en vrouwen;Totaal;Totaal burgerlijke staat;Ambt Montfort;2000;11053.0;11045.5
2973;Totaal mannen en vrouwen;Totaal;Totaal burgerlijke staat;Ambt Montfort;2001;11038.0;11037.5
2974;Totaal mannen en vrouwen;Totaal;Totaal burgerlijke staat;Ambt Montfort;2002;11037.0;11015.5
2975;Totaal mannen en vrouwen;Totaal;Totaal burgerlijke staat;Ambt Montfort;2003;10994.0;10991.5
2976;Totaal mannen en vrouwen;Totaal;Totaal burgerlijke staat;Ambt Montfort;2004;10989.0;10953.5
2977;Totaal mannen en vrouwen;Totaal;Totaal burgerlijke staat;Ambt Montfort;2005;10918.0;10958.0
2978;Totaal mannen en vrouwen;Totaal;Totaal burgerlijke staat;Ambt Montfort;2006;10998.0;10953.5
2979;Totaal mannen en vrouwen;Totaal;Totaal burgerlijke staat;Ambt Montfort;2007;;
2980;Totaal mannen en vrouwen;Totaal;Totaal burgerlijke staat;Ambt Montfort;2008;;
2981;Totaal mannen en vrouwen;Totaal;Totaal burgerlijke staat;Ambt Montfort;2009;;
2982;Totaal mannen en vrouwen;Totaal;Totaal burgerlijke staat;Ambt Montfort;2010;;
2983;Totaal mannen en vrouwen;Totaal;Totaal burgerlijke staat;Ambt Montfort;2011;;
2984;Totaal mannen en vrouwen;Totaal;Totaal burgerlijke staat;Ambt Montfort;2012;;
2985;Totaal mannen en vrouwen;Totaal;Totaal burgerlijke staat;Ambt Montfort;2013;;
2986;Totaal mannen en vrouwen;Totaal;Totaal burgerlijke staat;Ambt Montfort;2014;;
2987;Totaal mannen en vrouwen;Totaal;Totaal burgerlijke staat;Ambt Montfort;2015;;
2988;Totaal mannen en vrouwen;Totaal;Totaal burgerlijke staat;Ambt Montfort;2016;;
2989;Totaal mannen en vrouwen;Totaal;Totaal burgerlijke staat;Ambt Montfort;2017;;
2990;Totaal mannen en vrouwen;Totaal;Totaal burgerlijke staat;Ambt Montfort;2018;;
2991;Totaal mannen en vrouwen;Totaal;Totaal burgerlijke staat;Ambt Montfort;2019;;
2992;Totaal mannen en vrouwen;Totaal;Totaal burgerlijke staat;Ambt Montfort;2020;;
2993;Totaal mannen en vrouwen;Totaal;Totaal burgerlijke staat;Ambt Montfort;2021;;
2994;Totaal mannen en vrouwen;Totaal;Totaal burgerlijke staat;Ambt Montfort;2022;;
2995;Totaal mannen en vrouwen;Totaal;Totaal burgerlijke staat;Ambt Montfort;2023;;
2996;Totaal mannen en vrouwen;Totaal;Totaal burgerlijke staat;Ambt Montfort;2024;;
2997;Totaal mannen en vrouwen;Totaal;Totaal burgerlijke staat;Ameland;1988;3171.0;
2998;Totaal mannen en vrouwen;Totaal;Totaal burgerlijke staat;Ameland;1989;3148.0;
2999;Totaal mannen en vrouwen;Totaal;Totaal burgerlijke staat;Ameland;1990;3173.0;
3000;Totaal mannen en vrouwen;Totaal;Totaal burgerlijke staat;Ameland;1991;3227.0;
3001;Totaal mannen en vrouwen;Totaal;Totaal burgerlijke staat;Ameland;1992;3243.0;
3002;Totaal mannen en vrouwen;Totaal;Totaal burgerlijke staat;Ameland;1993;3289.0;
3003;Totaal mannen en vrouwen;Totaal;Totaal burgerlijke staat;Ameland;1994;3331.0;
3004;Totaal mannen en vrouwen;Totaal;Totaal burgerlijke staat;Ameland;1995;3374.0;3393.5
3005;Totaal mannen en vrouwen;Totaal;Totaal burgerlijke staat;Ameland;1996;3413.0;3417.5
3006;Totaal mannen en vrouwen;Totaal;Totaal burgerlijke staat;Ameland;1997;3422.0;3434.0
3007;Totaal mannen en vrouwen;Totaal;Totaal burgerlijke staat;Ameland;1998;3446.0;3461.5
3008;Totaal mannen en vrouwen;Totaal;Totaal burgerlijke staat;Ameland;1999;3477.0;3482.5
3009;Totaal mannen en vrouwen;Totaal;Totaal burgerlijke staat;Ameland;2000;3488.0;3516.5
3010;Totaal mannen en vrouwen;Totaal;Totaal burgerlijke staat;Ameland;2001;3545.0;3554.5
3011;Totaal mannen en vrouwen;Totaal;Totaal burgerlijke staat;Ameland;2002;3564.0;3570.0
3012;Totaal mannen en vrouwen;Totaal;Totaal burgerlijke staat;Ameland;2003;3576.0;3550.5
3013;Totaal mannen en vrouwen;Totaal;Totaal burgerlijke staat;Ameland;2004;3525.0;3522.5
3014;Totaal mannen en vrouwen;Totaal;Totaal burgerlijke staat;Ameland;2005;3520.0;3497.5
3015;Totaal mannen en vrouwen;Totaal;Totaal burgerlijke staat;Ameland;2006;3475.0;3467.5
3016;Totaal mannen en vrouwen;Totaal;Totaal burgerlijke staat;Ameland;2007;3460.0;3458.0
3017;Totaal mannen en vrouwen;Totaal;Totaal burgerlijke staat;Ameland;2008;3456.0;3461.0
3018;Totaal mannen en vrouwen;Totaal;Totaal burgerlijke staat;Ameland;2009;3466.0;3483.5
3019;Totaal mannen en vrouwen;Totaal;Totaal burgerlijke staat;Ameland;2010;3501.0;3502.0
3020;Totaal mannen en vrouwen;Totaal;Totaal burgerlijke staat;Ameland;2011;3503.0;3514.5
3021;Totaal mannen en vrouwen;Totaal;Totaal burgerlijke staat;Ameland;2012;3526.0;3525.5
3022;Totaal mannen en vrouwen;Totaal;Totaal burgerlijke staat;Ameland;2013;3525.0;3551.5
3023;Totaal mannen en vrouwen;Totaal;Totaal burgerlijke staat;Ameland;2014;3578.0;3584.0
3024;Totaal mannen en vrouwen;Totaal;Totaal burgerlijke staat;Ameland;2015;3590.0;3600.5
3025;Totaal mannen en vrouwen;Totaal;Totaal burgerlijke staat;Ameland;2016;3611.0;3622.0
3026;Totaal mannen en vrouwen;Totaal;Totaal burgerlijke staat;Ameland;2017;3633.0;3643.5
3027;Totaal mannen en vrouwen;Totaal;Totaal burgerlijke staat;Ameland;2018;3654.0;3663.5
3028;Totaal mannen en vrouwen;Totaal;Totaal burgerlijke staat;Ameland;2019;3673.0;3694.5
3029;Totaal mannen en vrouwen;Totaal;Totaal burgerlijke staat;Ameland;2020;3716.0;3731.0
3030;Totaal mannen en vrouwen;Totaal;Totaal burgerlijke staat;Ameland;2021;3746.0;3751.5
3031;Totaal mannen en vrouwen;Totaal;Totaal burgerlijke staat;Ameland;2022;3757.0;3798.5
3032;Totaal mannen en vrouwen;Totaal;Totaal burgerlijke staat;Ameland;2023;3840.0;3839.5
3033;Totaal mannen en vrouwen;Totaal;Totaal burgerlijke staat;Ameland;2024;3839.0;
3034;Totaal mannen en vrouwen;Totaal;Totaal burgerlijke staat;Amerongen;1988;6627.0;
3035;Totaal mannen en vrouwen;Totaal;Totaal burgerlijke staat;Amerongen;1989;6673.0;
3036;Totaal mannen en vrouwen;Totaal;Totaal burgerlijke staat;Amerongen;1990;6694.0;
3037;Totaal mannen en vrouwen;Totaal;Totaal burgerlijke staat;Amerongen;1991;6801.0;
3038;Totaal mannen en vrouwen;Totaal;Totaal burgerlijke staat;Amerongen;1992;6912.0;
3039;Totaal mannen en vrouwen;Totaal;Totaal burgerlijke staat;Amerongen;1993;7041.0;
3040;Totaal mannen en vrouwen;Totaal;Totaal burgerlijke staat;Amerongen;1994;7104.0;
3041;Totaal mannen en vrouwen;Totaal;Totaal burgerlijke staat;Amerongen;1995;7230.0;7284.5
3042;Totaal mannen en vrouwen;Totaal;Totaal burgerlijke staat;Amerongen;1996;7339.0;7370.0
3043;Totaal mannen en vrouwen;Totaal;Totaal burgerlijke staat;Amerongen;1997;7401.0;7354.0
3044;Totaal mannen en vrouwen;Totaal;Totaal burgerlijke staat;Amerongen;1998;7307.0;7281.5
3045;Totaal mannen en vrouwen;Totaal;Totaal burgerlijke staat;Amerongen;1999;7256.0;7275.0
3046;Totaal mannen en vrouwen;Totaal;Totaal burgerlijke staat;Amerongen;2000;7294.0;7258.0
3047;Totaal mannen en vrouwen;Totaal;Totaal burgerlijke staat;Amerongen;2001;7222.0;7221.0
3048;Totaal mannen en vrouwen;Totaal;Totaal burgerlijke staat;Amerongen;2002;7220.0;7207.0
3049;Totaal mannen en vrouwen;Totaal;Totaal burgerlijke staat;Amerongen;2003;7194.0;7212.5
3050;Totaal mannen en vrouwen;Totaal;Totaal burgerlijke staat;Amerongen;2004;7231.0;7251.5
3051;Totaal mannen en vrouwen;Totaal;Totaal burgerlijke staat;Amerongen;2005;7272.0;7272.5
3052;Totaal mannen en vrouwen;Totaal;Totaal burgerlijke staat;Amerongen;2006;;
3053;Totaal mannen en vrouwen;Totaal;Totaal burgerlijke staat;Amerongen;2007;;
3054;Totaal mannen en vrouwen;Totaal;Totaal burgerlijke staat;Amerongen;2008;;
3055;Totaal mannen en vrouwen;Totaal;Totaal burgerlijke staat;Amerongen;2009;;
3056;Totaal mannen en vrouwen;Totaal;Totaal burgerlijke staat;Amerongen;2010;;
3057;Totaal mannen en vrouwen;Totaal;Totaal burgerlijke staat;Amerongen;2011;;
3058;Totaal mannen en vrouwen;Totaal;Totaal burgerlijke staat;Amerongen;2012;;
3059;Totaal mannen en vrouwen;Totaal;Totaal burgerlijke staat;Amerongen;2013;;
3060;Totaal mannen en vrouwen;Totaal;Totaal burgerlijke staat;Amerongen;2014;;
3061;Totaal mannen en vrouwen;Totaal;Totaal burgerlijke staat;Amerongen;2015;;
3062;Totaal mannen en vrouwen;Totaal;Totaal burgerlijke staat;Amerongen;2016;;
3063;Totaal mannen en vrouwen;Totaal;Totaal burgerlijke staat;Amerongen;2017;;
3064;Totaal mannen en vrouwen;Totaal;Totaal burgerlijke staat;Amerongen;2018;;
3065;Totaal mannen en vrouwen;Totaal;Totaal burgerlijke staat;Amerongen;2019;;
3066;Totaal mannen en vrouwen;Totaal;Totaal burgerlijke staat;Amerongen;2020;;
3067;Totaal mannen en vrouwen;Totaal;Totaal burgerlijke staat;Amerongen;2021;;
3068;Totaal mannen en vrouwen;Totaal;Totaal burgerlijke staat;Amerongen;2022;;
3069;Totaal mannen en vrouwen;Totaal;Totaal burgerlijke staat;Amerongen;2023;;
3070;Totaal mannen en vrouwen;Totaal;Totaal burgerlijke staat;Amerongen;2024;;
3071;Totaal mannen en vrouwen;Totaal;Totaal burgerlijke staat;Amersfoort;1988;93516.0;
3072;Totaal mannen en vrouwen;Totaal;Totaal burgerlijke staat;Amersfoort;1989;96072.0;
3073;Totaal mannen en vrouwen;Totaal;Totaal burgerlijke staat;Amersfoort;1990;99403.0;
3074;Totaal mannen en vrouwen;Totaal;Totaal burgerlijke staat;Amersfoort;1991;101974.0;
3075;Totaal mannen en vrouwen;Totaal;Totaal burgerlijke staat;Amersfoort;1992;104390.0;
3076;Totaal mannen en vrouwen;Totaal;Totaal burgerlijke staat;Amersfoort;1993;106923.0;
3077;Totaal mannen en vrouwen;Totaal;Totaal burgerlijke staat;Amersfoort;1994;110117.0;
3078;Totaal mannen en vrouwen;Totaal;Totaal burgerlijke staat;Amersfoort;1995;112389.0;113636.5
3079;Totaal mannen en vrouwen;Totaal;Totaal burgerlijke staat;Amersfoort;1996;114884.0;116408.5
3080;Totaal mannen en vrouwen;Totaal;Totaal burgerlijke staat;Amersfoort;1997;117933.0;119039.0
3081;Totaal mannen en vrouwen;Totaal;Totaal burgerlijke staat;Amersfoort;1998;120512.0;121939.5
3082;Totaal mannen en vrouwen;Totaal;Totaal burgerlijke staat;Amersfoort;1999;123367.0;124755.0
3083;Totaal mannen en vrouwen;Totaal;Totaal burgerlijke staat;Amersfoort;2000;126143.0;127089.0
3084;Totaal mannen en vrouwen;Totaal;Totaal burgerlijke staat;Amersfoort;2001;128035.0;128877.5
3085;Totaal mannen en vrouwen;Totaal;Totaal burgerlijke staat;Amersfoort;2002;129720.0;130470.5
3086;Totaal mannen en vrouwen;Totaal;Totaal burgerlijke staat;Amersfoort;2003;131221.0;132036.0
3087;Totaal mannen en vrouwen;Totaal;Totaal burgerlijke staat;Amersfoort;2004;132851.0;133878.5
3088;Totaal mannen en vrouwen;Totaal;Totaal burgerlijke staat;Amersfoort;2005;134906.0;135952.5
3089;Totaal mannen en vrouwen;Totaal;Totaal burgerlijke staat;Amersfoort;2006;136999.0;138026.5
3090;Totaal mannen en vrouwen;Totaal;Totaal burgerlijke staat;Amersfoort;2007;139054.0;140132.5
3091;Totaal mannen en vrouwen;Totaal;Totaal burgerlijke staat;Amersfoort;2008;141211.0;142211.5
3092;Totaal mannen en vrouwen;Totaal;Totaal burgerlijke staat;Amersfoort;2009;143212.0;144037.0
3093;Totaal mannen en vrouwen;Totaal;Totaal burgerlijke staat;Amersfoort;2010;144862.0;145727.0
3094;Totaal mannen en vrouwen;Totaal;Totaal burgerlijke staat;Amersfoort;2011;146592.0;147421.0
3095;Totaal mannen en vrouwen;Totaal;Totaal burgerlijke staat;Amersfoort;2012;148250.0;148956.0
3096;Totaal mannen en vrouwen;Totaal;Totaal burgerlijke staat;Amersfoort;2013;149662.0;150279.5
3097;Totaal mannen en vrouwen;Totaal;Totaal burgerlijke staat;Amersfoort;2014;150897.0;151689.0
3098;Totaal mannen en vrouwen;Totaal;Totaal burgerlijke staat;Amersfoort;2015;152481.0;153041.5
3099;Totaal mannen en vrouwen;Totaal;Totaal burgerlijke staat;Amersfoort;2016;153602.0;153969.5
3100;Totaal mannen en vrouwen;Totaal;Totaal burgerlijke staat;Amersfoort;2017;154337.0;154781.5
3101;Totaal mannen en vrouwen;Totaal;Totaal burgerlijke staat;Amersfoort;2018;155226.0;155756.0
3102;Totaal mannen en vrouwen;Totaal;Totaal burgerlijke staat;Amersfoort;2019;156286.0;156781.0
3103;Totaal mannen en vrouwen;Totaal;Totaal burgerlijke staat;Amersfoort;2020;157276.0;157369.0
3104;Totaal mannen en vrouwen;Totaal;Totaal burgerlijke staat;Amersfoort;2021;157462.0;158026.0
3105;Totaal mannen en vrouwen;Totaal;Totaal burgerlijke staat;Amersfoort;2022;158590.0;159674.5
3106;Totaal mannen en vrouwen;Totaal;Totaal burgerlijke staat;Amersfoort;2023;160759.0;161305.5
3107;Totaal mannen en vrouwen;Totaal;Totaal burgerlijke staat;Amersfoort;2024;161852.0;
3108;Totaal mannen en vrouwen;Totaal;Totaal burgerlijke staat;Ammerzoden;1988;4183.0;
3109;Totaal mannen en vrouwen;Totaal;Totaal burgerlijke staat;Ammerzoden;1989;4166.0;
3110;Totaal mannen en vrouwen;Totaal;Totaal burgerlijke staat;Ammerzoden;1990;4257.0;
3111;Totaal mannen en vrouwen;Totaal;Totaal burgerlijke staat;Ammerzoden;1991;4318.0;
3112;Totaal mannen en vrouwen;Totaal;Totaal burgerlijke staat;Ammerzoden;1992;4352.0;
3113;Totaal mannen en vrouwen;Totaal;Totaal burgerlijke staat;Ammerzoden;1993;4410.0;
3114;Totaal mannen en vrouwen;Totaal;Totaal burgerlijke staat;Ammerzoden;1994;4420.0;
3115;Totaal mannen en vrouwen;Totaal;Totaal burgerlijke staat;Ammerzoden;1995;4395.0;4417.0
3116;Totaal mannen en vrouwen;Totaal;Totaal burgerlijke staat;Ammerzoden;1996;4439.0;4446.0
3117;Totaal mannen en vrouwen;Totaal;Totaal burgerlijke staat;Ammerzoden;1997;4453.0;4459.5
3118;Totaal mannen en vrouwen;Totaal;Totaal burgerlijke staat;Ammerzoden;1998;4466.0;4454.5
3119;Totaal mannen en vrouwen;Totaal;Totaal burgerlijke staat;Ammerzoden;1999;;
3120;Totaal mannen en vrouwen;Totaal;Totaal burgerlijke staat;Ammerzoden;2000;;
3121;Totaal mannen en vrouwen;Totaal;Totaal burgerlijke staat;Ammerzoden;2001;;
3122;Totaal mannen en vrouwen;Totaal;Totaal burgerlijke staat;Ammerzoden;2002;;
3123;Totaal mannen en vrouwen;Totaal;Totaal burgerlijke staat;Ammerzoden;2003;;
3124;Totaal mannen en vrouwen;Totaal;Totaal burgerlijke staat;Ammerzoden;2004;;
3125;Totaal mannen en vrouwen;Totaal;Totaal burgerlijke staat;Ammerzoden;2005;;
3126;Totaal mannen en vrouwen;Totaal;Totaal burgerlijke staat;Ammerzoden;2006;;
3127;Totaal mannen en vrouwen;Totaal;Totaal burgerlijke staat;Ammerzoden;2007;;
3128;Totaal mannen en vrouwen;Totaal;Totaal burgerlijke staat;Ammerzoden;2008;;
3129;Totaal mannen en vrouwen;Totaal;Totaal burgerlijke staat;Ammerzoden;2009;;
3130;Totaal mannen en vrouwen;Totaal;Totaal burgerlijke staat;Ammerzoden;2010;;
3131;Totaal mannen en vrouwen;Totaal;Totaal burgerlijke staat;Ammerzoden;2011;;
3132;Totaal mannen en vrouwen;Totaal;Totaal burgerlijke staat;Ammerzoden;2012;;
3133;Totaal mannen en vrouwen;Totaal;Totaal burgerlijke staat;Ammerzoden;2013;;
3134;Totaal mannen en vrouwen;Totaal;Totaal burgerlijke staat;Ammerzoden;2014;;
3135;Totaal mannen en vrouwen;Totaal;Totaal burgerlijke staat;Ammerzoden;2015;;
3136;Totaal mannen en vrouwen;Totaal;Totaal burgerlijke staat;Ammerzoden;2016;;
3137;Totaal mannen en vrouwen;Totaal;Totaal burgerlijke staat;Ammerzoden;2017;;
3138;Totaal mannen en vrouwen;Totaal;Totaal burgerlijke staat;Ammerzoden;2018;;
3139;Totaal mannen en vrouwen;Totaal;Totaal burgerlijke staat;Ammerzoden;2019;;
3140;Totaal mannen en vrouwen;Totaal;Totaal burgerlijke staat;Ammerzoden;2020;;
3141;Totaal mannen en vrouwen;Totaal;Totaal burgerlijke staat;Ammerzoden;2021;;
3142;Totaal mannen en vrouwen;Totaal;Totaal burgerlijke staat;Ammerzoden;2022;;
3143;Totaal mannen en vrouwen;Totaal;Totaal burgerlijke staat;Ammerzoden;2023;;
3144;Totaal mannen en vrouwen;Totaal;Totaal burgerlijke staat;Ammerzoden;2024;;
3145;Totaal mannen en vrouwen;Totaal;Totaal burgerlijke staat;Amstelveen;1988;69413.0;
3146;Totaal mannen en vrouwen;Totaal;Totaal burgerlijke staat;Amstelveen;1989;69505.0;
3147;Totaal mannen en vrouwen;Totaal;Totaal burgerlijke staat;Amstelveen;1990;69982.0;
3148;Totaal mannen en vrouwen;Totaal;Totaal burgerlijke staat;Amstelveen;1991;70340.0;
3149;Totaal mannen en vrouwen;Totaal;Totaal burgerlijke staat;Amstelveen;1992;71939.0;
3150;Totaal mannen en vrouwen;Totaal;Totaal burgerlijke staat;Amstelveen;1993;72923.0;
3151;Totaal mannen en vrouwen;Totaal;Totaal burgerlijke staat;Amstelveen;1994;74059.0;
3152;Totaal mannen en vrouwen;Totaal;Totaal burgerlijke staat;Amstelveen;1995;74359.0;75114.0
3153;Totaal mannen en vrouwen;Totaal;Totaal burgerlijke staat;Amstelveen;1996;75869.0;76345.5
3154;Totaal mannen en vrouwen;Totaal;Totaal burgerlijke staat;Amstelveen;1997;76822.0;77273.5
3155;Totaal mannen en vrouwen;Totaal;Totaal burgerlijke staat;Amstelveen;1998;77725.0;77731.0
3156;Totaal mannen en vrouwen;Totaal;Totaal burgerlijke staat;Amstelveen;1999;77737.0;77680.0
3157;Totaal mannen en vrouwen;Totaal;Totaal burgerlijke staat;Amstelveen;2000;77623.0;77496.5
3158;Totaal mannen en vrouwen;Totaal;Totaal burgerlijke staat;Amstelveen;2001;77370.0;77353.5
3159;Totaal mannen en vrouwen;Totaal;Totaal burgerlijke staat;Amstelveen;2002;77256.0;77675.5
3160;Totaal mannen en vrouwen;Totaal;Totaal burgerlijke staat;Amstelveen;2003;78095.0;78480.5
3161;Totaal mannen en vrouwen;Totaal;Totaal burgerlijke staat;Amstelveen;2004;78866.0;78951.0
3162;Totaal mannen en vrouwen;Totaal;Totaal burgerlijke staat;Amstelveen;2005;79036.0;78905.0
3163;Totaal mannen en vrouwen;Totaal;Totaal burgerlijke staat;Amstelveen;2006;78774.0;78859.5
3164;Totaal mannen en vrouwen;Totaal;Totaal burgerlijke staat;Amstelveen;2007;78945.0;78962.5
3165;Totaal mannen en vrouwen;Totaal;Totaal burgerlijke staat;Amstelveen;2008;78980.0;79374.0
3166;Totaal mannen en vrouwen;Totaal;Totaal burgerlijke staat;Amstelveen;2009;79768.0;80231.5
3167;Totaal mannen en vrouwen;Totaal;Totaal burgerlijke staat;Amstelveen;2010;80695.0;81245.5
3168;Totaal mannen en vrouwen;Totaal;Totaal burgerlijke staat;Amstelveen;2011;81796.0;82579.5
3169;Totaal mannen en vrouwen;Totaal;Totaal burgerlijke staat;Amstelveen;2012;83363.0;83871.0
3170;Totaal mannen en vrouwen;Totaal;Totaal burgerlijke staat;Amstelveen;2013;84379.0;84697.0
3171;Totaal mannen en vrouwen;Totaal;Totaal burgerlijke staat;Amstelveen;2014;85015.0;86088.5
3172;Totaal mannen en vrouwen;Totaal;Totaal burgerlijke staat;Amstelveen;2015;87162.0;87882.0
3173;Totaal mannen en vrouwen;Totaal;Totaal burgerlijke staat;Amstelveen;2016;88602.0;88948.0
3174;Totaal mannen en vrouwen;Totaal;Totaal burgerlijke staat;Amstelveen;2017;89294.0;89582.0
3175;Totaal mannen en vrouwen;Totaal;Totaal burgerlijke staat;Amstelveen;2018;89870.0;90354.0
3176;Totaal mannen en vrouwen;Totaal;Totaal burgerlijke staat;Amstelveen;2019;90838.0;91256.5
3177;Totaal mannen en vrouwen;Totaal;Totaal burgerlijke staat;Amstelveen;2020;91675.0;91252.0
3178;Totaal mannen en vrouwen;Totaal;Totaal burgerlijke staat;Amstelveen;2021;90829.0;91580.0
3179;Totaal mannen en vrouwen;Totaal;Totaal burgerlijke staat;Amstelveen;2022;92331.0;93374.5
3180;Totaal mannen en vrouwen;Totaal;Totaal burgerlijke staat;Amstelveen;2023;94418.0;94716.0
3181;Totaal mannen en vrouwen;Totaal;Totaal burgerlijke staat;Amstelveen;2024;95014.0;
3182;Totaal mannen en vrouwen;Totaal;Totaal burgerlijke staat;Amsterdam;1988;691738.0;
3183;Totaal mannen en vrouwen;Totaal;Totaal burgerlijke staat;Amsterdam;1989;694680.0;
3184;Totaal mannen en vrouwen;Totaal;Totaal burgerlijke staat;Amsterdam;1990;695162.0;
3185;Totaal mannen en vrouwen;Totaal;Totaal burgerlijke staat;Amsterdam;1991;702444.0;
3186;Totaal mannen en vrouwen;Totaal;Totaal burgerlijke staat;Amsterdam;1992;713407.0;
3187;Totaal mannen en vrouwen;Totaal;Totaal burgerlijke staat;Amsterdam;1993;719856.0;
3188;Totaal mannen en vrouwen;Totaal;Totaal burgerlijke staat;Amsterdam;1994;724096.0;
3189;Totaal mannen en vrouwen;Totaal;Totaal burgerlijke staat;Amsterdam;1995;722230.0;720174.5
3190;Totaal mannen en vrouwen;Totaal;Totaal burgerlijke staat;Amsterdam;1996;718119.0;716576.0
3191;Totaal mannen en vrouwen;Totaal;Totaal burgerlijke staat;Amsterdam;1997;715148.0;716649.5
3192;Totaal mannen en vrouwen;Totaal;Totaal burgerlijke staat;Amsterdam;1998;718151.0;722602.0
3193;Totaal mannen en vrouwen;Totaal;Totaal burgerlijke staat;Amsterdam;1999;727053.0;729170.5
3194;Totaal mannen en vrouwen;Totaal;Totaal burgerlijke staat;Amsterdam;2000;731288.0;732941.0
3195;Totaal mannen en vrouwen;Totaal;Totaal burgerlijke staat;Amsterdam;2001;734594.0;735060.0
3196;Totaal mannen en vrouwen;Totaal;Totaal burgerlijke staat;Amsterdam;2002;735526.0;736044.0
3197;Totaal mannen en vrouwen;Totaal;Totaal burgerlijke staat;Amsterdam;2003;736562.0;737833.0
3198;Totaal mannen en vrouwen;Totaal;Totaal burgerlijke staat;Amsterdam;2004;739104.0;740943.5
3199;Totaal mannen en vrouwen;Totaal;Totaal burgerlijke staat;Amsterdam;2005;742783.0;742926.5
3200;Totaal mannen en vrouwen;Totaal;Totaal burgerlijke staat;Amsterdam;2006;743079.0;742981.5
3201;Totaal mannen en vrouwen;Totaal;Totaal burgerlijke staat;Amsterdam;2007;742884.0;744988.5
3202;Totaal mannen en vrouwen;Totaal;Totaal burgerlijke staat;Amsterdam;2008;747093.0;751349.0
3203;Totaal mannen en vrouwen;Totaal;Totaal burgerlijke staat;Amsterdam;2009;755605.0;761531.0
3204;Totaal mannen en vrouwen;Totaal;Totaal burgerlijke staat;Amsterdam;2010;767457.0;773632.5
3205;Totaal mannen en vrouwen;Totaal;Totaal burgerlijke staat;Amsterdam;2011;779808.0;784959.0
3206;Totaal mannen en vrouwen;Totaal;Totaal burgerlijke staat;Amsterdam;2012;790110.0;794694.0
3207;Totaal mannen en vrouwen;Totaal;Totaal burgerlijke staat;Amsterdam;2013;799278.0;805022.5
3208;Totaal mannen en vrouwen;Totaal;Totaal burgerlijke staat;Amsterdam;2014;810937.0;816344.5
3209;Totaal mannen en vrouwen;Totaal;Totaal burgerlijke staat;Amsterdam;2015;821752.0;827688.0
3210;Totaal mannen en vrouwen;Totaal;Totaal burgerlijke staat;Amsterdam;2016;833624.0;839285.5
3211;Totaal mannen en vrouwen;Totaal;Totaal burgerlijke staat;Amsterdam;2017;844947.0;849497.0
3212;Totaal mannen en vrouwen;Totaal;Totaal burgerlijke staat;Amsterdam;2018;854047.0;858506.0
3213;Totaal mannen en vrouwen;Totaal;Totaal burgerlijke staat;Amsterdam;2019;862965.0;867861.0
3214;Totaal mannen en vrouwen;Totaal;Totaal burgerlijke staat;Amsterdam;2020;872757.0;873047.5
3215;Totaal mannen en vrouwen;Totaal;Totaal burgerlijke staat;Amsterdam;2021;873338.0;877985.5
3216;Totaal mannen en vrouwen;Totaal;Totaal burgerlijke staat;Amsterdam;2022;882633.0;900375.0
3217;Totaal mannen en vrouwen;Totaal;Totaal burgerlijke staat;Amsterdam;2023;918117.0;924707.5
3218;Totaal mannen en vrouwen;Totaal;Totaal burgerlijke staat;Amsterdam;2024;931298.0;
3219;Totaal mannen en vrouwen;Totaal;Totaal burgerlijke staat;Andijk;1988;5842.0;
3220;Totaal mannen en vrouwen;Totaal;Totaal burgerlijke staat;Andijk;1989;5830.0;
3221;Totaal mannen en vrouwen;Totaal;Totaal burgerlijke staat;Andijk;1990;5899.0;
3222;Totaal mannen en vrouwen;Totaal;Totaal burgerlijke staat;Andijk;1991;5935.0;
3223;Totaal mannen en vrouwen;Totaal;Totaal burgerlijke staat;Andijk;1992;5946.0;
3224;Totaal mannen en vrouwen;Totaal;Totaal burgerlijke staat;Andijk;1993;6026.0;
3225;Totaal mannen en vrouwen;Totaal;Totaal burgerlijke staat;Andijk;1994;6165.0;
3226;Totaal mannen en vrouwen;Totaal;Totaal burgerlijke staat;Andijk;1995;6200.0;6226.0
3227;Totaal mannen en vrouwen;Totaal;Totaal burgerlijke staat;Andijk;1996;6252.0;6255.5
3228;Totaal mannen en vrouwen;Totaal;Totaal burgerlijke staat;Andijk;1997;6259.0;6298.5
3229;Totaal mannen en vrouwen;Totaal;Totaal burgerlijke staat;Andijk;1998;6338.0;6369.5
3230;Totaal mannen en vrouwen;Totaal;Totaal burgerlijke staat;Andijk;1999;6401.0;6384.5
3231;Totaal mannen en vrouwen;Totaal;Totaal burgerlijke staat;Andijk;2000;6368.0;6372.5
3232;Totaal mannen en vrouwen;Totaal;Totaal burgerlijke staat;Andijk;2001;6377.0;6397.5
3233;Totaal mannen en vrouwen;Totaal;Totaal burgerlijke staat;Andijk;2002;6418.0;6404.0
3234;Totaal mannen en vrouwen;Totaal;Totaal burgerlijke staat;Andijk;2003;6390.0;6406.5
3235;Totaal mannen en vrouwen;Totaal;Totaal burgerlijke staat;Andijk;2004;6423.0;6424.0
3236;Totaal mannen en vrouwen;Totaal;Totaal burgerlijke staat;Andijk;2005;6425.0;6447.5
3237;Totaal mannen en vrouwen;Totaal;Totaal burgerlijke staat;Andijk;2006;6470.0;6531.5
3238;Totaal mannen en vrouwen;Totaal;Totaal burgerlijke staat;Andijk;2007;6593.0;6587.0
3239;Totaal mannen en vrouwen;Totaal;Totaal burgerlijke staat;Andijk;2008;6581.0;6538.0
3240;Totaal mannen en vrouwen;Totaal;Totaal burgerlijke staat;Andijk;2009;6495.0;6499.5
3241;Totaal mannen en vrouwen;Totaal;Totaal burgerlijke staat;Andijk;2010;6504.0;6511.0
3242;Totaal mannen en vrouwen;Totaal;Totaal burgerlijke staat;Andijk;2011;;
3243;Totaal mannen en vrouwen;Totaal;Totaal burgerlijke staat;Andijk;2012;;
3244;Totaal mannen en vrouwen;Totaal;Totaal burgerlijke staat;Andijk;2013;;
3245;Totaal mannen en vrouwen;Totaal;Totaal burgerlijke staat;Andijk;2014;;
3246;Totaal mannen en vrouwen;Totaal;Totaal burgerlijke staat;Andijk;2015;;
3247;Totaal mannen en vrouwen;Totaal;Totaal burgerlijke staat;Andijk;2016;;
3248;Totaal mannen en vrouwen;Totaal;Totaal burgerlijke staat;Andijk;2017;;
3249;Totaal mannen en vrouwen;Totaal;Totaal burgerlijke staat;Andijk;2018;;
3250;Totaal mannen en vrouwen;Totaal;Totaal burgerlijke staat;Andijk;2019;;
3251;Totaal mannen en vrouwen;Totaal;Totaal burgerlijke staat;Andijk;2020;;
3252;Totaal mannen en vrouwen;Totaal;Totaal burgerlijke staat;Andijk;2021;;
3253;Totaal mannen en vrouwen;Totaal;Totaal burgerlijke staat;Andijk;2022;;
3254;Totaal mannen en vrouwen;Totaal;Totaal burgerlijke staat;Andijk;2023;;
3255;Totaal mannen en vrouwen;Totaal;Totaal burgerlijke staat;Andijk;2024;;
3256;Totaal mannen en vrouwen;Totaal;Totaal burgerlijke staat;Angerlo;1988;4436.0;
3257;Totaal mannen en vrouwen;Totaal;Totaal burgerlijke staat;Angerlo;1989;4401.0;
3258;Totaal mannen en vrouwen;Totaal;Totaal burgerlijke staat;Angerlo;1990;4391.0;
3259;Totaal mannen en vrouwen;Totaal;Totaal burgerlijke staat;Angerlo;1991;4409.0;
3260;Totaal mannen en vrouwen;Totaal;Totaal burgerlijke staat;Angerlo;1992;4491.0;
3261;Totaal mannen en vrouwen;Totaal;Totaal burgerlijke staat;Angerlo;1993;4484.0;
3262;Totaal mannen en vrouwen;Totaal;Totaal burgerlijke staat;Angerlo;1994;4520.0;
3263;Totaal mannen en vrouwen;Totaal;Totaal burgerlijke staat;Angerlo;1995;4611.0;4631.5
3264;Totaal mannen en vrouwen;Totaal;Totaal burgerlijke staat;Angerlo;1996;4652.0;4654.5
3265;Totaal mannen en vrouwen;Totaal;Totaal burgerlijke staat;Angerlo;1997;4657.0;4668.5
3266;Totaal mannen en vrouwen;Totaal;Totaal burgerlijke staat;Angerlo;1998;4680.0;4723.5
3267;Totaal mannen en vrouwen;Totaal;Totaal burgerlijke staat;Angerlo;1999;4767.0;4806.5
3268;Totaal mannen en vrouwen;Totaal;Totaal burgerlijke staat;Angerlo;2000;4846.0;4868.5
3269;Totaal mannen en vrouwen;Totaal;Totaal burgerlijke staat;Angerlo;2001;4891.0;4906.0
3270;Totaal mannen en vrouwen;Totaal;Totaal burgerlijke staat;Angerlo;2002;4921.0;4957.5
3271;Totaal mannen en vrouwen;Totaal;Totaal burgerlijke staat;Angerlo;2003;4994.0;5065.0
3272;Totaal mannen en vrouwen;Totaal;Totaal burgerlijke staat;Angerlo;2004;5136.0;5160.0
3273;Totaal mannen en vrouwen;Totaal;Totaal burgerlijke staat;Angerlo;2005;;
3274;Totaal mannen en vrouwen;Totaal;Totaal burgerlijke staat;Angerlo;2006;;
3275;Totaal mannen en vrouwen;Totaal;Totaal burgerlijke staat;Angerlo;2007;;
3276;Totaal mannen en vrouwen;Totaal;Totaal burgerlijke staat;Angerlo;2008;;
3277;Totaal mannen en vrouwen;Totaal;Totaal burgerlijke staat;Angerlo;2009;;
3278;Totaal mannen en vrouwen;Totaal;Totaal burgerlijke staat;Angerlo;2010;;
3279;Totaal mannen en vrouwen;Totaal;Totaal burgerlijke staat;Angerlo;2011;;
3280;Totaal mannen en vrouwen;Totaal;Totaal burgerlijke staat;Angerlo;2012;;
3281;Totaal mannen en vrouwen;Totaal;Totaal burgerlijke staat;Angerlo;2013;;
3282;Totaal mannen en vrouwen;Totaal;Totaal burgerlijke staat;Angerlo;2014;;
3283;Totaal mannen en vrouwen;Totaal;Totaal burgerlijke staat;Angerlo;2015;;
3284;Totaal mannen en vrouwen;Totaal;Totaal burgerlijke staat;Angerlo;2016;;
3285;Totaal mannen en vrouwen;Totaal;Totaal burgerlijke staat;Angerlo;2017;;
3286;Totaal mannen en vrouwen;Totaal;Totaal burgerlijke staat;Angerlo;2018;;
3287;Totaal mannen en vrouwen;Totaal;Totaal burgerlijke staat;Angerlo;2019;;
3288;Totaal mannen en vrouwen;Totaal;Totaal burgerlijke staat;Angerlo;2020;;
3289;Totaal mannen en vrouwen;Totaal;Totaal burgerlijke staat;Angerlo;2021;;
3290;Totaal mannen en vrouwen;Totaal;Totaal burgerlijke staat;Angerlo;2022;;
3291;Totaal mannen en vrouwen;Totaal;Totaal burgerlijke staat;Angerlo;2023;;
3292;Totaal mannen en vrouwen;Totaal;Totaal burgerlijke staat;Angerlo;2024;;
3293;Totaal mannen en vrouwen;Totaal;Totaal burgerlijke staat;Anloo;1988;7314.0;
3294;Totaal mannen en vrouwen;Totaal;Totaal burgerlijke staat;Anloo;1989;7369.0;
3295;Totaal mannen en vrouwen;Totaal;Totaal burgerlijke staat;Anloo;1990;7394.0;
3296;Totaal mannen en vrouwen;Totaal;Totaal burgerlijke staat;Anloo;1991;7514.0;
3297;Totaal mannen en vrouwen;Totaal;Totaal burgerlijke staat;Anloo;1992;7615.0;
3298;Totaal mannen en vrouwen;Totaal;Totaal burgerlijke staat;Anloo;1993;7722.0;
3299;Totaal mannen en vrouwen;Totaal;Totaal burgerlijke staat;Anloo;1994;7894.0;
3300;Totaal mannen en vrouwen;Totaal;Totaal burgerlijke staat;Anloo;1995;7992.0;8009.5
3301;Totaal mannen en vrouwen;Totaal;Totaal burgerlijke staat;Anloo;1996;8027.0;8068.5
3302;Totaal mannen en vrouwen;Totaal;Totaal burgerlijke staat;Anloo;1997;8110.0;8186.0
3303;Totaal mannen en vrouwen;Totaal;Totaal burgerlijke staat;Anloo;1998;;
3304;Totaal mannen en vrouwen;Totaal;Totaal burgerlijke staat;Anloo;1999;;
3305;Totaal mannen en vrouwen;Totaal;Totaal burgerlijke staat;Anloo;2000;;
3306;Totaal mannen en vrouwen;Totaal;Totaal burgerlijke staat;Anloo;2001;;
3307;Totaal mannen en vrouwen;Totaal;Totaal burgerlijke staat;Anloo;2002;;
3308;Totaal mannen en vrouwen;Totaal;Totaal burgerlijke staat;Anloo;2003;;
3309;Totaal mannen en vrouwen;Totaal;Totaal burgerlijke staat;Anloo;2004;;
3310;Totaal mannen en vrouwen;Totaal;Totaal burgerlijke staat;Anloo;2005;;
3311;Totaal mannen en vrouwen;Totaal;Totaal burgerlijke staat;Anloo;2006;;
3312;Totaal mannen en vrouwen;Totaal;Totaal burgerlijke staat;Anloo;2007;;
3313;Totaal mannen en vrouwen;Totaal;Totaal burgerlijke staat;Anloo;2008;;
3314;Totaal mannen en vrouwen;Totaal;Totaal burgerlijke staat;Anloo;2009;;
3315;Totaal mannen en vrouwen;Totaal;Totaal burgerlijke staat;Anloo;2010;;
3316;Totaal mannen en vrouwen;Totaal;Totaal burgerlijke staat;Anloo;2011;;
3317;Totaal mannen en vrouwen;Totaal;Totaal burgerlijke staat;Anloo;2012;;
3318;Totaal mannen en vrouwen;Totaal;Totaal burgerlijke staat;Anloo;2013;;
3319;Totaal mannen en vrouwen;Totaal;Totaal burgerlijke staat;Anloo;2014;;
3320;Totaal mannen en vrouwen;Totaal;Totaal burgerlijke staat;Anloo;2015;;
3321;Totaal mannen en vrouwen;Totaal;Totaal burgerlijke staat;Anloo;2016;;
3322;Totaal mannen en vrouwen;Totaal;Totaal burgerlijke staat;Anloo;2017;;
3323;Totaal mannen en vrouwen;Totaal;Totaal burgerlijke staat;Anloo;2018;;
3324;Totaal mannen en vrouwen;Totaal;Totaal burgerlijke staat;Anloo;2019;;
3325;Totaal mannen en vrouwen;Totaal;Totaal burgerlijke staat;Anloo;2020;;
3326;Totaal mannen en vrouwen;Totaal;Totaal burgerlijke staat;Anloo;2021;;
3327;Totaal mannen en vrouwen;Totaal;Totaal burgerlijke staat;Anloo;2022;;
3328;Totaal mannen en vrouwen;Totaal;Totaal burgerlijke staat;Anloo;2023;;
3329;Totaal mannen en vrouwen;Totaal;Totaal burgerlijke staat;Anloo;2024;;
3330;Totaal mannen en vrouwen;Totaal;Totaal burgerlijke staat;Anna Paulowna;1988;10435.0;
3331;Totaal mannen en vrouwen;Totaal;Totaal burgerlijke staat;Anna Paulowna;1989;10562.0;
3332;Totaal mannen en vrouwen;Totaal;Totaal burgerlijke staat;Anna Paulowna;1990;12480.0;
3333;Totaal mannen en vrouwen;Totaal;Totaal burgerlijke staat;Anna Paulowna;1991;12537.0;
3334;Totaal mannen en vrouwen;Totaal;Totaal burgerlijke staat;Anna Paulowna;1992;12613.0;
3335;Totaal mannen en vrouwen;Totaal;Totaal burgerlijke staat;Anna Paulowna;1993;12660.0;
3336;Totaal mannen en vrouwen;Totaal;Totaal burgerlijke staat;Anna Paulowna;1994;12706.0;
3337;Totaal mannen en vrouwen;Totaal;Totaal burgerlijke staat;Anna Paulowna;1995;13062.0;13211.5
3338;Totaal mannen en vrouwen;Totaal;Totaal burgerlijke staat;Anna Paulowna;1996;13361.0;13444.0
3339;Totaal mannen en vrouwen;Totaal;Totaal burgerlijke staat;Anna Paulowna;1997;13527.0;13505.0
3340;Totaal mannen en vrouwen;Totaal;Totaal burgerlijke staat;Anna Paulowna;1998;13483.0;13576.5
3341;Totaal mannen en vrouwen;Totaal;Totaal burgerlijke staat;Anna Paulowna;1999;13670.0;13760.5
3342;Totaal mannen en vrouwen;Totaal;Totaal burgerlijke staat;Anna Paulowna;2000;13851.0;13890.5
3343;Totaal mannen en vrouwen;Totaal;Totaal burgerlijke staat;Anna Paulowna;2001;13930.0;13955.5
3344;Totaal mannen en vrouwen;Totaal;Totaal burgerlijke staat;Anna Paulowna;2002;13981.0;13960.5
3345;Totaal mannen en vrouwen;Totaal;Totaal burgerlijke staat;Anna Paulowna;2003;13940.0;13946.5
3346;Totaal mannen en vrouwen;Totaal;Totaal burgerlijke staat;Anna Paulowna;2004;13953.0;13956.5
3347;Totaal mannen en vrouwen;Totaal;Totaal burgerlijke staat;Anna Paulowna;2005;13960.0;13991.0
3348;Totaal mannen en vrouwen;Totaal;Totaal burgerlijke staat;Anna Paulowna;2006;14022.0;14015.5
3349;Totaal mannen en vrouwen;Totaal;Totaal burgerlijke staat;Anna Paulowna;2007;14009.0;14066.0
3350;Totaal mannen en vrouwen;Totaal;Totaal burgerlijke staat;Anna Paulowna;2008;14123.0;14139.0
3351;Totaal mannen en vrouwen;Totaal;Totaal burgerlijke staat;Anna Paulowna;2009;14155.0;14194.5
3352;Totaal mannen en vrouwen;Totaal;Totaal burgerlijke staat;Anna Paulowna;2010;14234.0;14247.0
3353;Totaal mannen en vrouwen;Totaal;Totaal burgerlijke staat;Anna Paulowna;2011;14260.0;14282.0
3354;Totaal mannen en vrouwen;Totaal;Totaal burgerlijke staat;Anna Paulowna;2012;;
3355;Totaal mannen en vrouwen;Totaal;Totaal burgerlijke staat;Anna Paulowna;2013;;
3356;Totaal mannen en vrouwen;Totaal;Totaal burgerlijke staat;Anna Paulowna;2014;;
3357;Totaal mannen en vrouwen;Totaal;Totaal burgerlijke staat;Anna Paulowna;2015;;
3358;Totaal mannen en vrouwen;Totaal;Totaal burgerlijke staat;Anna Paulowna;2016;;
3359;Totaal mannen en vrouwen;Totaal;Totaal burgerlijke staat;Anna Paulowna;2017;;
3360;Totaal mannen en vrouwen;Totaal;Totaal burgerlijke staat;Anna Paulowna;2018;;
3361;Totaal mannen en vrouwen;Totaal;Totaal burgerlijke staat;Anna Paulowna;2019;;
3362;Totaal mannen en vrouwen;Totaal;Totaal burgerlijke staat;Anna Paulowna;2020;;
3363;Totaal mannen en vrouwen;Totaal;Totaal burgerlijke staat;Anna Paulowna;2021;;
3364;Totaal mannen en vrouwen;Totaal;Totaal burgerlijke staat;Anna Paulowna;2022;;
3365;Totaal mannen en vrouwen;Totaal;Totaal burgerlijke staat;Anna Paulowna;2023;;
3366;Totaal mannen en vrouwen;Totaal;Totaal burgerlijke staat;Anna Paulowna;2024;;
3367;Totaal mannen en vrouwen;Totaal;Totaal burgerlijke staat;Apeldoorn;1988;146337.0;
3368;Totaal mannen en vrouwen;Totaal;Totaal burgerlijke staat;Apeldoorn;1989;147270.0;
3369;Totaal mannen en vrouwen;Totaal;Totaal burgerlijke staat;Apeldoorn;1990;147586.0;
3370;Totaal mannen en vrouwen;Totaal;Totaal burgerlijke staat;Apeldoorn;1991;148204.0;
3371;Totaal mannen en vrouwen;Totaal;Totaal burgerlijke staat;Apeldoorn;1992;148745.0;
3372;Totaal mannen en vrouwen;Totaal;Totaal burgerlijke staat;Apeldoorn;1993;149504.0;
3373;Totaal mannen en vrouwen;Totaal;Totaal burgerlijke staat;Apeldoorn;1994;149449.0;
3374;Totaal mannen en vrouwen;Totaal;Totaal burgerlijke staat;Apeldoorn;1995;149869.0;150392.0
3375;Totaal mannen en vrouwen;Totaal;Totaal burgerlijke staat;Apeldoorn;1996;150915.0;151309.0
3376;Totaal mannen en vrouwen;Totaal;Totaal burgerlijke staat;Apeldoorn;1997;151703.0;152028.5
3377;Totaal mannen en vrouwen;Totaal;Totaal burgerlijke staat;Apeldoorn;1998;152354.0;152607.0
3378;Totaal mannen en vrouwen;Totaal;Totaal burgerlijke staat;Apeldoorn;1999;152860.0;153060.5
3379;Totaal mannen en vrouwen;Totaal;Totaal burgerlijke staat;Apeldoorn;2000;153261.0;153472.0
3380;Totaal mannen en vrouwen;Totaal;Totaal burgerlijke staat;Apeldoorn;2001;153683.0;154271.0
3381;Totaal mannen en vrouwen;Totaal;Totaal burgerlijke staat;Apeldoorn;2002;154859.0;155300.0
3382;Totaal mannen en vrouwen;Totaal;Totaal burgerlijke staat;Apeldoorn;2003;155741.0;155870.5
3383;Totaal mannen en vrouwen;Totaal;Totaal burgerlijke staat;Apeldoorn;2004;156000.0;156032.0
3384;Totaal mannen en vrouwen;Totaal;Totaal burgerlijke staat;Apeldoorn;2005;156064.0;156057.5
3385;Totaal mannen en vrouwen;Totaal;Totaal burgerlijke staat;Apeldoorn;2006;156051.0;155807.5
3386;Totaal mannen en vrouwen;Totaal;Totaal burgerlijke staat;Apeldoorn;2007;155564.0;155336.0
3387;Totaal mannen en vrouwen;Totaal;Totaal burgerlijke staat;Apeldoorn;2008;155108.0;155220.0
3388;Totaal mannen en vrouwen;Totaal;Totaal burgerlijke staat;Apeldoorn;2009;155332.0;155529.0
3389;Totaal mannen en vrouwen;Totaal;Totaal burgerlijke staat;Apeldoorn;2010;155726.0;155962.5
3390;Totaal mannen en vrouwen;Totaal;Totaal burgerlijke staat;Apeldoorn;2011;156199.0;156580.0
3391;Totaal mannen en vrouwen;Totaal;Totaal burgerlijke staat;Apeldoorn;2012;156961.0;157138.0
3392;Totaal mannen en vrouwen;Totaal;Totaal burgerlijke staat;Apeldoorn;2013;157315.0;157430.0
3393;Totaal mannen en vrouwen;Totaal;Totaal burgerlijke staat;Apeldoorn;2014;157545.0;157822.0
3394;Totaal mannen en vrouwen;Totaal;Totaal burgerlijke staat;Apeldoorn;2015;158099.0;158562.0
3395;Totaal mannen en vrouwen;Totaal;Totaal burgerlijke staat;Apeldoorn;2016;159025.0;159536.0
3396;Totaal mannen en vrouwen;Totaal;Totaal burgerlijke staat;Apeldoorn;2017;160047.0;160601.5
3397;Totaal mannen en vrouwen;Totaal;Totaal burgerlijke staat;Apeldoorn;2018;161156.0;161800.5
3398;Totaal mannen en vrouwen;Totaal;Totaal burgerlijke staat;Apeldoorn;2019;162445.0;163131.5
3399;Totaal mannen en vrouwen;Totaal;Totaal burgerlijke staat;Apeldoorn;2020;163818.0;164299.5
3400;Totaal mannen en vrouwen;Totaal;Totaal burgerlijke staat;Apeldoorn;2021;164781.0;165196.0
3401;Totaal mannen en vrouwen;Totaal;Totaal burgerlijke staat;Apeldoorn;2022;165611.0;166401.0
3402;Totaal mannen en vrouwen;Totaal;Totaal burgerlijke staat;Apeldoorn;2023;167191.0;167701.0
3403;Totaal mannen en vrouwen;Totaal;Totaal burgerlijke staat;Apeldoorn;2024;168211.0;
3404;Totaal mannen en vrouwen;Totaal;Totaal burgerlijke staat;Appingedam;1988;12728.0;
3405;Totaal mannen en vrouwen;Totaal;Totaal burgerlijke staat;Appingedam;1989;12668.0;
3406;Totaal mannen en vrouwen;Totaal;Totaal burgerlijke staat;Appingedam;1990;12487.0;
3407;Totaal mannen en vrouwen;Totaal;Totaal burgerlijke staat;Appingedam;1991;12508.0;
3408;Totaal mannen en vrouwen;Totaal;Totaal burgerlijke staat;Appingedam;1992;12549.0;
3409;Totaal mannen en vrouwen;Totaal;Totaal burgerlijke staat;Appingedam;1993;12436.0;
3410;Totaal mannen en vrouwen;Totaal;Totaal burgerlijke staat;Appingedam;1994;12364.0;
3411;Totaal mannen en vrouwen;Totaal;Totaal burgerlijke staat;Appingedam;1995;12401.0;12395.0
3412;Totaal mannen en vrouwen;Totaal;Totaal burgerlijke staat;Appingedam;1996;12389.0;12352.5
3413;Totaal mannen en vrouwen;Totaal;Totaal burgerlijke staat;Appingedam;1997;12316.0;12291.5
3414;Totaal mannen en vrouwen;Totaal;Totaal burgerlijke staat;Appingedam;1998;12267.0;12251.0
3415;Totaal mannen en vrouwen;Totaal;Totaal burgerlijke staat;Appingedam;1999;12235.0;12271.0
3416;Totaal mannen en vrouwen;Totaal;Totaal burgerlijke staat;Appingedam;2000;12307.0;12370.5
3417;Totaal mannen en vrouwen;Totaal;Totaal burgerlijke staat;Appingedam;2001;12434.0;12438.5
3418;Totaal mannen en vrouwen;Totaal;Totaal burgerlijke staat;Appingedam;2002;12443.0;12455.0
3419;Totaal mannen en vrouwen;Totaal;Totaal burgerlijke staat;Appingedam;2003;12467.0;12441.0
3420;Totaal mannen en vrouwen;Totaal;Totaal burgerlijke staat;Appingedam;2004;12415.0;12426.0
3421;Totaal mannen en vrouwen;Totaal;Totaal burgerlijke staat;Appingedam;2005;12437.0;12364.0
3422;Totaal mannen en vrouwen;Totaal;Totaal burgerlijke staat;Appingedam;2006;12291.0;12239.0
3423;Totaal mannen en vrouwen;Totaal;Totaal burgerlijke staat;Appingedam;2007;12187.0;12159.0
3424;Totaal mannen en vrouwen;Totaal;Totaal burgerlijke staat;Appingedam;2008;12131.0;12122.5
3425;Totaal mannen en vrouwen;Totaal;Totaal burgerlijke staat;Appingedam;2009;12114.0;12073.0
3426;Totaal mannen en vrouwen;Totaal;Totaal burgerlijke staat;Appingedam;2010;12032.0;12061.0
3427;Totaal mannen en vrouwen;Totaal;Totaal burgerlijke staat;Appingedam;2011;12090.0;12071.5
3428;Totaal mannen en vrouwen;Totaal;Totaal burgerlijke staat;Appingedam;2012;12053.0;12053.0
3429;Totaal mannen en vrouwen;Totaal;Totaal burgerlijke staat;Appingedam;2013;12053.0;12058.5
3430;Totaal mannen en vrouwen;Totaal;Totaal burgerlijke staat;Appingedam;2014;12064.0;12037.5
3431;Totaal mannen en vrouwen;Totaal;Totaal burgerlijke staat;Appingedam;2015;12011.0;12006.0
3432;Totaal mannen en vrouwen;Totaal;Totaal burgerlijke staat;Appingedam;2016;12001.0;11986.0
3433;Totaal mannen en vrouwen;Totaal;Totaal burgerlijke staat;Appingedam;2017;11971.0;11886.0
3434;Totaal mannen en vrouwen;Totaal;Totaal burgerlijke staat;Appingedam;2018;11801.0;11761.0
3435;Totaal mannen en vrouwen;Totaal;Totaal burgerlijke staat;Appingedam;2019;11721.0;11681.5
3436;Totaal mannen en vrouwen;Totaal;Totaal burgerlijke staat;Appingedam;2020;11642.0;11569.0
3437;Totaal mannen en vrouwen;Totaal;Totaal burgerlijke staat;Appingedam;2021;;
3438;Totaal mannen en vrouwen;Totaal;Totaal burgerlijke staat;Appingedam;2022;;
3439;Totaal mannen en vrouwen;Totaal;Totaal burgerlijke staat;Appingedam;2023;;
3440;Totaal mannen en vrouwen;Totaal;Totaal burgerlijke staat;Appingedam;2024;;
3441;Totaal mannen en vrouwen;Totaal;Totaal burgerlijke staat;Arcen en Velden;1988;8649.0;
3442;Totaal mannen en vrouwen;Totaal;Totaal burgerlijke staat;Arcen en Velden;1989;8710.0;
3443;Totaal mannen en vrouwen;Totaal;Totaal burgerlijke staat;Arcen en Velden;1990;8750.0;
3444;Totaal mannen en vrouwen;Totaal;Totaal burgerlijke staat;Arcen en Velden;1991;8793.0;
3445;Totaal mannen en vrouwen;Totaal;Totaal burgerlijke staat;Arcen en Velden;1992;8887.0;
3446;Totaal mannen en vrouwen;Totaal;Totaal burgerlijke staat;Arcen en Velden;1993;8902.0;
3447;Totaal mannen en vrouwen;Totaal;Totaal burgerlijke staat;Arcen en Velden;1994;8894.0;
3448;Totaal mannen en vrouwen;Totaal;Totaal burgerlijke staat;Arcen en Velden;1995;8973.0;8992.5
3449;Totaal mannen en vrouwen;Totaal;Totaal burgerlijke staat;Arcen en Velden;1996;9012.0;9014.5
3450;Totaal mannen en vrouwen;Totaal;Totaal burgerlijke staat;Arcen en Velden;1997;9017.0;9037.5
3451;Totaal mannen en vrouwen;Totaal;Totaal burgerlijke staat;Arcen en Velden;1998;9058.0;9064.5
3452;Totaal mannen en vrouwen;Totaal;Totaal burgerlijke staat;Arcen en Velden;1999;9071.0;9094.5
3453;Totaal mannen en vrouwen;Totaal;Totaal burgerlijke staat;Arcen en Velden;2000;9118.0;9079.5
3454;Totaal mannen en vrouwen;Totaal;Totaal burgerlijke staat;Arcen en Velden;2001;8990.0;8976.0
3455;Totaal mannen en vrouwen;Totaal;Totaal burgerlijke staat;Arcen en Velden;2002;8962.0;8955.0
3456;Totaal mannen en vrouwen;Totaal;Totaal burgerlijke staat;Arcen en Velden;2003;8948.0;8909.0
3457;Totaal mannen en vrouwen;Totaal;Totaal burgerlijke staat;Arcen en Velden;2004;8870.0;8881.0
3458;Totaal mannen en vrouwen;Totaal;Totaal burgerlijke staat;Arcen en Velden;2005;8892.0;8878.0
3459;Totaal mannen en vrouwen;Totaal;Totaal burgerlijke staat;Arcen en Velden;2006;8864.0;8822.0
3460;Totaal mannen en vrouwen;Totaal;Totaal burgerlijke staat;Arcen en Velden;2007;8780.0;8761.5
3461;Totaal mannen en vrouwen;Totaal;Totaal burgerlijke staat;Arcen en Velden;2008;8743.0;8727.0
3462;Totaal mannen en vrouwen;Totaal;Totaal burgerlijke staat;Arcen en Velden;2009;8711.0;8689.5
3463;Totaal mannen en vrouwen;Totaal;Totaal burgerlijke staat;Arcen en Velden;2010;;
3464;Totaal mannen en vrouwen;Totaal;Totaal burgerlijke staat;Arcen en Velden;2011;;
3465;Totaal mannen en vrouwen;Totaal;Totaal burgerlijke staat;Arcen en Velden;2012;;
3466;Totaal mannen en vrouwen;Totaal;Totaal burgerlijke staat;Arcen en Velden;2013;;
3467;Totaal mannen en vrouwen;Totaal;Totaal burgerlijke staat;Arcen en Velden;2014;;
3468;Totaal mannen en vrouwen;Totaal;Totaal burgerlijke staat;Arcen en Velden;2015;;
3469;Totaal mannen en vrouwen;Totaal;Totaal burgerlijke staat;Arcen en Velden;2016;;
3470;Totaal mannen en vrouwen;Totaal;Totaal burgerlijke staat;Arcen en Velden;2017;;
3471;Totaal mannen en vrouwen;Totaal;Totaal burgerlijke staat;Arcen en Velden;2018;;
3472;Totaal mannen en vrouwen;Totaal;Totaal burgerlijke staat;Arcen en Velden;2019;;
3473;Totaal mannen en vrouwen;Totaal;Totaal burgerlijke staat;Arcen en Velden;2020;;
3474;Totaal mannen en vrouwen;Totaal;Totaal burgerlijke staat;Arcen en Velden;2021;;
3475;Totaal mannen en vrouwen;Totaal;Totaal burgerlijke staat;Arcen en Velden;2022;;
3476;Totaal mannen en vrouwen;Totaal;Totaal burgerlijke staat;Arcen en Velden;2023;;
3477;Totaal mannen en vrouwen;Totaal;Totaal burgerlijke staat;Arcen en Velden;2024;;
3478;Totaal mannen en vrouwen;Totaal;Totaal burgerlijke staat;Arnemuiden;1988;4459.0;
3479;Totaal mannen en vrouwen;Totaal;Totaal burgerlijke staat;Arnemuiden;1989;4570.0;
3480;Totaal mannen en vrouwen;Totaal;Totaal burgerlijke staat;Arnemuiden;1990;4629.0;
3481;Totaal mannen en vrouwen;Totaal;Totaal burgerlijke staat;Arnemuiden;1991;4734.0;
3482;Totaal mannen en vrouwen;Totaal;Totaal burgerlijke staat;Arnemuiden;1992;4779.0;
3483;Totaal mannen en vrouwen;Totaal;Totaal burgerlijke staat;Arnemuiden;1993;4810.0;
3484;Totaal mannen en vrouwen;Totaal;Totaal burgerlijke staat;Arnemuiden;1994;4921.0;
3485;Totaal mannen en vrouwen;Totaal;Totaal burgerlijke staat;Arnemuiden;1995;4957.0;4990.5
3486;Totaal mannen en vrouwen;Totaal;Totaal burgerlijke staat;Arnemuiden;1996;5024.0;5056.5
3487;Totaal mannen en vrouwen;Totaal;Totaal burgerlijke staat;Arnemuiden;1997;;
3488;Totaal mannen en vrouwen;Totaal;Totaal burgerlijke staat;Arnemuiden;1998;;
3489;Totaal mannen en vrouwen;Totaal;Totaal burgerlijke staat;Arnemuiden;1999;;
3490;Totaal mannen en vrouwen;Totaal;Totaal burgerlijke staat;Arnemuiden;2000;;
3491;Totaal mannen en vrouwen;Totaal;Totaal burgerlijke staat;Arnemuiden;2001;;
3492;Totaal mannen en vrouwen;Totaal;Totaal burgerlijke staat;Arnemuiden;2002;;
3493;Totaal mannen en vrouwen;Totaal;Totaal burgerlijke staat;Arnemuiden;2003;;
3494;Totaal mannen en vrouwen;Totaal;Totaal burgerlijke staat;Arnemuiden;2004;;
3495;Totaal mannen en vrouwen;Totaal;Totaal burgerlijke staat;Arnemuiden;2005;;
3496;Totaal mannen en vrouwen;Totaal;Totaal burgerlijke staat;Arnemuiden;2006;;
3497;Totaal mannen en vrouwen;Totaal;Totaal burgerlijke staat;Arnemuiden;2007;;
3498;Totaal mannen en vrouwen;Totaal;Totaal burgerlijke staat;Arnemuiden;2008;;
3499;Totaal mannen en vrouwen;Totaal;Totaal burgerlijke staat;Arnemuiden;2009;;
3500;Totaal mannen en vrouwen;Totaal;Totaal burgerlijke staat;Arnemuiden;2010;;
3501;Totaal mannen en vrouwen;Totaal;Totaal burgerlijke staat;Arnemuiden;2011;;
3502;Totaal mannen en vrouwen;Totaal;Totaal burgerlijke staat;Arnemuiden;2012;;
3503;Totaal mannen en vrouwen;Totaal;Totaal burgerlijke staat;Arnemuiden;2013;;
3504;Totaal mannen en vrouwen;Totaal;Totaal burgerlijke staat;Arnemuiden;2014;;
3505;Totaal mannen en vrouwen;Totaal;Totaal burgerlijke staat;Arnemuiden;2015;;
3506;Totaal mannen en vrouwen;Totaal;Totaal burgerlijke staat;Arnemuiden;2016;;
3507;Totaal mannen en vrouwen;Totaal;Totaal burgerlijke staat;Arnemuiden;2017;;
3508;Totaal mannen en vrouwen;Totaal;Totaal burgerlijke staat;Arnemuiden;2018;;
3509;Totaal mannen en vrouwen;Totaal;Totaal burgerlijke staat;Arnemuiden;2019;;
3510;Totaal mannen en vrouwen;Totaal;Totaal burgerlijke staat;Arnemuiden;2020;;
3511;Totaal mannen en vrouwen;Totaal;Totaal burgerlijke staat;Arnemuiden;2021;;
3512;Totaal mannen en vrouwen;Totaal;Totaal burgerlijke staat;Arnemuiden;2022;;
3513;Totaal mannen en vrouwen;Totaal;Totaal burgerlijke staat;Arnemuiden;2023;;
3514;Totaal mannen en vrouwen;Totaal;Totaal burgerlijke staat;Arnemuiden;2024;;
3515;Totaal mannen en vrouwen;Totaal;Totaal burgerlijke staat;Arnhem;1988;128107.0;
3516;Totaal mannen en vrouwen;Totaal;Totaal burgerlijke staat;Arnhem;1989;128946.0;
3517;Totaal mannen en vrouwen;Totaal;Totaal burgerlijke staat;Arnhem;1990;130220.0;
3518;Totaal mannen en vrouwen;Totaal;Totaal burgerlijke staat;Arnhem;1991;131703.0;
3519;Totaal mannen en vrouwen;Totaal;Totaal burgerlijke staat;Arnhem;1992;132928.0;
3520;Totaal mannen en vrouwen;Totaal;Totaal burgerlijke staat;Arnhem;1993;133272.0;
3521;Totaal mannen en vrouwen;Totaal;Totaal burgerlijke staat;Arnhem;1994;133670.0;
3522;Totaal mannen en vrouwen;Totaal;Totaal burgerlijke staat;Arnhem;1995;134572.0;134800.0
3523;Totaal mannen en vrouwen;Totaal;Totaal burgerlijke staat;Arnhem;1996;135026.0;134993.0
3524;Totaal mannen en vrouwen;Totaal;Totaal burgerlijke staat;Arnhem;1997;134960.0;135567.0
3525;Totaal mannen en vrouwen;Totaal;Totaal burgerlijke staat;Arnhem;1998;136174.0;136698.0
3526;Totaal mannen en vrouwen;Totaal;Totaal burgerlijke staat;Arnhem;1999;137222.0;137688.0
3527;Totaal mannen en vrouwen;Totaal;Totaal burgerlijke staat;Arnhem;2000;138154.0;138741.5
3528;Totaal mannen en vrouwen;Totaal;Totaal burgerlijke staat;Arnhem;2001;139329.0;140032.5
3529;Totaal mannen en vrouwen;Totaal;Totaal burgerlijke staat;Arnhem;2002;140736.0;141132.0
3530;Totaal mannen en vrouwen;Totaal;Totaal burgerlijke staat;Arnhem;2003;141528.0;141564.5
3531;Totaal mannen en vrouwen;Totaal;Totaal burgerlijke staat;Arnhem;2004;141601.0;141461.0
3532;Totaal mannen en vrouwen;Totaal;Totaal burgerlijke staat;Arnhem;2005;141321.0;141758.0
3533;Totaal mannen en vrouwen;Totaal;Totaal burgerlijke staat;Arnhem;2006;142195.0;142382.0
3534;Totaal mannen en vrouwen;Totaal;Totaal burgerlijke staat;Arnhem;2007;142569.0;143075.5
3535;Totaal mannen en vrouwen;Totaal;Totaal burgerlijke staat;Arnhem;2008;143582.0;144578.0
3536;Totaal mannen en vrouwen;Totaal;Totaal burgerlijke staat;Arnhem;2009;145574.0;146296.0
3537;Totaal mannen en vrouwen;Totaal;Totaal burgerlijke staat;Arnhem;2010;147018.0;147544.0
3538;Totaal mannen en vrouwen;Totaal;Totaal burgerlijke staat;Arnhem;2011;148070.0;148670.5
3539;Totaal mannen en vrouwen;Totaal;Totaal burgerlijke staat;Arnhem;2012;149271.0;149549.0
3540;Totaal mannen en vrouwen;Totaal;Totaal burgerlijke staat;Arnhem;2013;149827.0;150325.0
3541;Totaal mannen en vrouwen;Totaal;Totaal burgerlijke staat;Arnhem;2014;150823.0;151558.0
3542;Totaal mannen en vrouwen;Totaal;Totaal burgerlijke staat;Arnhem;2015;152293.0;153055.5
3543;Totaal mannen en vrouwen;Totaal;Totaal burgerlijke staat;Arnhem;2016;153818.0;154758.5
3544;Totaal mannen en vrouwen;Totaal;Totaal burgerlijke staat;Arnhem;2017;155699.0;156461.0
3545;Totaal mannen en vrouwen;Totaal;Totaal burgerlijke staat;Arnhem;2018;157223.0;158244.0
3546;Totaal mannen en vrouwen;Totaal;Totaal burgerlijke staat;Arnhem;2019;159265.0;160306.5
3547;Totaal mannen en vrouwen;Totaal;Totaal burgerlijke staat;Arnhem;2020;161348.0;161886.0
3548;Totaal mannen en vrouwen;Totaal;Totaal burgerlijke staat;Arnhem;2021;162424.0;163156.0
3549;Totaal mannen en vrouwen;Totaal;Totaal burgerlijke staat;Arnhem;2022;163888.0;164829.0
3550;Totaal mannen en vrouwen;Totaal;Totaal burgerlijke staat;Arnhem;2023;165770.0;166701.0
3551;Totaal mannen en vrouwen;Totaal;Totaal burgerlijke staat;Arnhem;2024;167632.0;
3552;Totaal mannen en vrouwen;Totaal;Totaal burgerlijke staat;Assen;1988;48714.0;
3553;Totaal mannen en vrouwen;Totaal;Totaal burgerlijke staat;Assen;1989;49398.0;
3554;Totaal mannen en vrouwen;Totaal;Totaal burgerlijke staat;Assen;1990;49650.0;
3555;Totaal mannen en vrouwen;Totaal;Totaal burgerlijke staat;Assen;1991;50357.0;
3556;Totaal mannen en vrouwen;Totaal;Totaal burgerlijke staat;Assen;1992;50880.0;
3557;Totaal mannen en vrouwen;Totaal;Totaal burgerlijke staat;Assen;1993;51713.0;
3558;Totaal mannen en vrouwen;Totaal;Totaal burgerlijke staat;Assen;1994;52268.0;
3559;Totaal mannen en vrouwen;Totaal;Totaal burgerlijke staat;Assen;1995;52849.0;53164.5
3560;Totaal mannen en vrouwen;Totaal;Totaal burgerlijke staat;Assen;1996;53480.0;54085.5
3561;Totaal mannen en vrouwen;Totaal;Totaal burgerlijke staat;Assen;1997;54691.0;55247.0
3562;Totaal mannen en vrouwen;Totaal;Totaal burgerlijke staat;Assen;1998;56331.0;56853.5
3563;Totaal mannen en vrouwen;Totaal;Totaal burgerlijke staat;Assen;1999;57376.0;57911.5
3564;Totaal mannen en vrouwen;Totaal;Totaal burgerlijke staat;Assen;2000;58445.0;58725.5
3565;Totaal mannen en vrouwen;Totaal;Totaal burgerlijke staat;Assen;2001;59006.0;59618.0
3566;Totaal mannen en vrouwen;Totaal;Totaal burgerlijke staat;Assen;2002;60230.0;60903.5
3567;Totaal mannen en vrouwen;Totaal;Totaal burgerlijke staat;Assen;2003;61577.0;61751.0
3568;Totaal mannen en vrouwen;Totaal;Totaal burgerlijke staat;Assen;2004;61925.0;62340.0
3569;Totaal mannen en vrouwen;Totaal;Totaal burgerlijke staat;Assen;2005;62755.0;63069.0
3570;Totaal mannen en vrouwen;Totaal;Totaal burgerlijke staat;Assen;2006;63383.0;63887.0
3571;Totaal mannen en vrouwen;Totaal;Totaal burgerlijke staat;Assen;2007;64391.0;64939.0
3572;Totaal mannen en vrouwen;Totaal;Totaal burgerlijke staat;Assen;2008;65487.0;65928.0
3573;Totaal mannen en vrouwen;Totaal;Totaal burgerlijke staat;Assen;2009;66369.0;66613.0
3574;Totaal mannen en vrouwen;Totaal;Totaal burgerlijke staat;Assen;2010;66857.0;67017.0
3575;Totaal mannen en vrouwen;Totaal;Totaal burgerlijke staat;Assen;2011;67177.0;67192.5
3576;Totaal mannen en vrouwen;Totaal;Totaal burgerlijke staat;Assen;2012;67208.0;67206.0
3577;Totaal mannen en vrouwen;Totaal;Totaal burgerlijke staat;Assen;2013;67204.0;67197.0
3578;Totaal mannen en vrouwen;Totaal;Totaal burgerlijke staat;Assen;2014;67190.0;67177.5
3579;Totaal mannen en vrouwen;Totaal;Totaal burgerlijke staat;Assen;2015;67165.0;67113.0
3580;Totaal mannen en vrouwen;Totaal;Totaal burgerlijke staat;Assen;2016;67061.0;67306.0
3581;Totaal mannen en vrouwen;Totaal;Totaal burgerlijke staat;Assen;2017;67551.0;67629.5
3582;Totaal mannen en vrouwen;Totaal;Totaal burgerlijke staat;Assen;2018;67708.0;67835.5
3583;Totaal mannen en vrouwen;Totaal;Totaal burgerlijke staat;Assen;2019;67963.0;68281.0
3584;Totaal mannen en vrouwen;Totaal;Totaal burgerlijke staat;Assen;2020;68599.0;68717.5
3585;Totaal mannen en vrouwen;Totaal;Totaal burgerlijke staat;Assen;2021;68836.0;68907.5
3586;Totaal mannen en vrouwen;Totaal;Totaal burgerlijke staat;Assen;2022;68979.0;69196.5
3587;Totaal mannen en vrouwen;Totaal;Totaal burgerlijke staat;Assen;2023;69414.0;69557.5
3588;Totaal mannen en vrouwen;Totaal;Totaal burgerlijke staat;Assen;2024;69701.0;
3589;Totaal mannen en vrouwen;Totaal;Totaal burgerlijke staat;Asten;1988;14762.0;
3590;Totaal mannen en vrouwen;Totaal;Totaal burgerlijke staat;Asten;1989;14965.0;
3591;Totaal mannen en vrouwen;Totaal;Totaal burgerlijke staat;Asten;1990;15093.0;
3592;Totaal mannen en vrouwen;Totaal;Totaal burgerlijke staat;Asten;1991;15307.0;
3593;Totaal mannen en vrouwen;Totaal;Totaal burgerlijke staat;Asten;1992;15491.0;
3594;Totaal mannen en vrouwen;Totaal;Totaal burgerlijke staat;Asten;1993;15611.0;
3595;Totaal mannen en vrouwen;Totaal;Totaal burgerlijke staat;Asten;1994;15772.0;
3596;Totaal mannen en vrouwen;Totaal;Totaal burgerlijke staat;Asten;1995;15965.0;15998.5
3597;Totaal mannen en vrouwen;Totaal;Totaal burgerlijke staat;Asten;1996;16032.0;16018.0
3598;Totaal mannen en vrouwen;Totaal;Totaal burgerlijke staat;Asten;1997;15932.0;15913.0
3599;Totaal mannen en vrouwen;Totaal;Totaal burgerlijke staat;Asten;1998;15894.0;15883.0
3600;Totaal mannen en vrouwen;Totaal;Totaal burgerlijke staat;Asten;1999;15872.0;15825.5
3601;Totaal mannen en vrouwen;Totaal;Totaal burgerlijke staat;Asten;2000;15779.0;15784.0
3602;Totaal mannen en vrouwen;Totaal;Totaal burgerlijke staat;Asten;2001;15789.0;15862.5
3603;Totaal mannen en vrouwen;Totaal;Totaal burgerlijke staat;Asten;2002;15936.0;16013.5
3604;Totaal mannen en vrouwen;Totaal;Totaal burgerlijke staat;Asten;2003;16091.0;16114.5
3605;Totaal mannen en vrouwen;Totaal;Totaal burgerlijke staat;Asten;2004;16138.0;16199.5
3606;Totaal mannen en vrouwen;Totaal;Totaal burgerlijke staat;Asten;2005;16261.0;16280.0
3607;Totaal mannen en vrouwen;Totaal;Totaal burgerlijke staat;Asten;2006;16299.0;16336.5
3608;Totaal mannen en vrouwen;Totaal;Totaal burgerlijke staat;Asten;2007;16374.0;16383.0
3609;Totaal mannen en vrouwen;Totaal;Totaal burgerlijke staat;Asten;2008;16392.0;16377.5
3610;Totaal mannen en vrouwen;Totaal;Totaal burgerlijke staat;Asten;2009;16363.0;16349.0
3611;Totaal mannen en vrouwen;Totaal;Totaal burgerlijke staat;Asten;2010;16335.0;16315.5
3612;Totaal mannen en vrouwen;Totaal;Totaal burgerlijke staat;Asten;2011;16296.0;16350.0
3613;Totaal mannen en vrouwen;Totaal;Totaal burgerlijke staat;Asten;2012;16404.0;16398.0
3614;Totaal mannen en vrouwen;Totaal;Totaal burgerlijke staat;Asten;2013;16392.0;16416.0
3615;Totaal mannen en vrouwen;Totaal;Totaal burgerlijke staat;Asten;2014;16440.0;16499.5
3616;Totaal mannen en vrouwen;Totaal;Totaal burgerlijke staat;Asten;2015;16559.0;16569.5
3617;Totaal mannen en vrouwen;Totaal;Totaal burgerlijke staat;Asten;2016;16580.0;16647.0
3618;Totaal mannen en vrouwen;Totaal;Totaal burgerlijke staat;Asten;2017;16714.0;16716.5
3619;Totaal mannen en vrouwen;Totaal;Totaal burgerlijke staat;Asten;2018;16719.0;16714.5
3620;Totaal mannen en vrouwen;Totaal;Totaal burgerlijke staat;Asten;2019;16710.0;16715.5
3621;Totaal mannen en vrouwen;Totaal;Totaal burgerlijke staat;Asten;2020;16721.0;16769.0
3622;Totaal mannen en vrouwen;Totaal;Totaal burgerlijke staat;Asten;2021;16817.0;16942.5
3623;Totaal mannen en vrouwen;Totaal;Totaal burgerlijke staat;Asten;2022;17068.0;17155.0
3624;Totaal mannen en vrouwen;Totaal;Totaal burgerlijke staat;Asten;2023;17242.0;17272.0
3625;Totaal mannen en vrouwen;Totaal;Totaal burgerlijke staat;Asten;2024;17302.0;
3626;Totaal mannen en vrouwen;Totaal;Totaal burgerlijke staat;Avereest;1988;14198.0;
3627;Totaal mannen en vrouwen;Totaal;Totaal burgerlijke staat;Avereest;1989;14291.0;
3628;Totaal mannen en vrouwen;Totaal;Totaal burgerlijke staat;Avereest;1990;14392.0;
3629;Totaal mannen en vrouwen;Totaal;Totaal burgerlijke staat;Avereest;1991;14471.0;
3630;Totaal mannen en vrouwen;Totaal;Totaal burgerlijke staat;Avereest;1992;14622.0;
3631;Totaal mannen en vrouwen;Totaal;Totaal burgerlijke staat;Avereest;1993;14721.0;
3632;Totaal mannen en vrouwen;Totaal;Totaal burgerlijke staat;Avereest;1994;14679.0;
3633;Totaal mannen en vrouwen;Totaal;Totaal burgerlijke staat;Avereest;1995;14690.0;14732.5
3634;Totaal mannen en vrouwen;Totaal;Totaal burgerlijke staat;Avereest;1996;14775.0;14825.0
3635;Totaal mannen en vrouwen;Totaal;Totaal burgerlijke staat;Avereest;1997;14875.0;14923.0
3636;Totaal mannen en vrouwen;Totaal;Totaal burgerlijke staat;Avereest;1998;14971.0;15069.0
3637;Totaal mannen en vrouwen;Totaal;Totaal burgerlijke staat;Avereest;1999;15167.0;15226.5
3638;Totaal mannen en vrouwen;Totaal;Totaal burgerlijke staat;Avereest;2000;15286.0;15328.5
3639;Totaal mannen en vrouwen;Totaal;Totaal burgerlijke staat;Avereest;2001;;
3640;Totaal mannen en vrouwen;Totaal;Totaal burgerlijke staat;Avereest;2002;;
3641;Totaal mannen en vrouwen;Totaal;Totaal burgerlijke staat;Avereest;2003;;
3642;Totaal mannen en vrouwen;Totaal;Totaal burgerlijke staat;Avereest;2004;;
3643;Totaal mannen en vrouwen;Totaal;Totaal burgerlijke staat;Avereest;2005;;
3644;Totaal mannen en vrouwen;Totaal;Totaal burgerlijke staat;Avereest;2006;;
3645;Totaal mannen en vrouwen;Totaal;Totaal burgerlijke staat;Avereest;2007;;
3646;Totaal mannen en vrouwen;Totaal;Totaal burgerlijke staat;Avereest;2008;;
3647;Totaal mannen en vrouwen;Totaal;Totaal burgerlijke staat;Avereest;2009;;
3648;Totaal mannen en vrouwen;Totaal;Totaal burgerlijke staat;Avereest;2010;;
3649;Totaal mannen en vrouwen;Totaal;Totaal burgerlijke staat;Avereest;2011;;
3650;Totaal mannen en vrouwen;Totaal;Totaal burgerlijke staat;Avereest;2012;;
3651;Totaal mannen en vrouwen;Totaal;Totaal burgerlijke staat;Avereest;2013;;
3652;Totaal mannen en vrouwen;Totaal;Totaal burgerlijke staat;Avereest;2014;;
3653;Totaal mannen en vrouwen;Totaal;Totaal burgerlijke staat;Avereest;2015;;
3654;Totaal mannen en vrouwen;Totaal;Totaal burgerlijke staat;Avereest;2016;;
3655;Totaal mannen en vrouwen;Totaal;Totaal burgerlijke staat;Avereest;2017;;
3656;Totaal mannen en vrouwen;Totaal;Totaal burgerlijke staat;Avereest;2018;;
3657;Totaal mannen en vrouwen;Totaal;Totaal burgerlijke staat;Avereest;2019;;
3658;Totaal mannen en vrouwen;Totaal;Totaal burgerlijke staat;Avereest;2020;;
3659;Totaal mannen en vrouwen;Totaal;Totaal burgerlijke staat;Avereest;2021;;
3660;Totaal mannen en vrouwen;Totaal;Totaal burgerlijke staat;Avereest;2022;;
3661;Totaal mannen en vrouwen;Totaal;Totaal burgerlijke staat;Avereest;2023;;
3662;Totaal mannen en vrouwen;Totaal;Totaal burgerlijke staat;Avereest;2024;;
3663;Totaal mannen en vrouwen;Totaal;Totaal burgerlijke staat;Axel;1988;12274.0;
3664;Totaal mannen en vrouwen;Totaal;Totaal burgerlijke staat;Axel;1989;12219.0;
3665;Totaal mannen en vrouwen;Totaal;Totaal burgerlijke staat;Axel;1990;12126.0;
3666;Totaal mannen en vrouwen;Totaal;Totaal burgerlijke staat;Axel;1991;12171.0;
3667;Totaal mannen en vrouwen;Totaal;Totaal burgerlijke staat;Axel;1992;12219.0;
3668;Totaal mannen en vrouwen;Totaal;Totaal burgerlijke staat;Axel;1993;12158.0;
3669;Totaal mannen en vrouwen;Totaal;Totaal burgerlijke staat;Axel;1994;12154.0;
3670;Totaal mannen en vrouwen;Totaal;Totaal burgerlijke staat;Axel;1995;12094.0;12119.5
3671;Totaal mannen en vrouwen;Totaal;Totaal burgerlijke staat;Axel;1996;12145.0;12185.0
3672;Totaal mannen en vrouwen;Totaal;Totaal burgerlijke staat;Axel;1997;12225.0;12168.0
3673;Totaal mannen en vrouwen;Totaal;Totaal burgerlijke staat;Axel;1998;12111.0;12064.0
3674;Totaal mannen en vrouwen;Totaal;Totaal burgerlijke staat;Axel;1999;12017.0;12091.0
3675;Totaal mannen en vrouwen;Totaal;Totaal burgerlijke staat;Axel;2000;12165.0;12222.5
3676;Totaal mannen en vrouwen;Totaal;Totaal burgerlijke staat;Axel;2001;12280.0;12298.0
3677;Totaal mannen en vrouwen;Totaal;Totaal burgerlijke staat;Axel;2002;12316.0;12291.0
3678;Totaal mannen en vrouwen;Totaal;Totaal burgerlijke staat;Axel;2003;;
3679;Totaal mannen en vrouwen;Totaal;Totaal burgerlijke staat;Axel;2004;;
3680;Totaal mannen en vrouwen;Totaal;Totaal burgerlijke staat;Axel;2005;;
3681;Totaal mannen en vrouwen;Totaal;Totaal burgerlijke staat;Axel;2006;;
3682;Totaal mannen en vrouwen;Totaal;Totaal burgerlijke staat;Axel;2007;;
3683;Totaal mannen en vrouwen;Totaal;Totaal burgerlijke staat;Axel;2008;;
3684;Totaal mannen en vrouwen;Totaal;Totaal burgerlijke staat;Axel;2009;;
3685;Totaal mannen en vrouwen;Totaal;Totaal burgerlijke staat;Axel;2010;;
3686;Totaal mannen en vrouwen;Totaal;Totaal burgerlijke staat;Axel;2011;;
3687;Totaal mannen en vrouwen;Totaal;Totaal burgerlijke staat;Axel;2012;;
3688;Totaal mannen en vrouwen;Totaal;Totaal burgerlijke staat;Axel;2013;;
3689;Totaal mannen en vrouwen;Totaal;Totaal burgerlijke staat;Axel;2014;;
3690;Totaal mannen en vrouwen;Totaal;Totaal burgerlijke staat;Axel;2015;;
3691;Totaal mannen en vrouwen;Totaal;Totaal burgerlijke staat;Axel;2016;;
3692;Totaal mannen en vrouwen;Totaal;Totaal burgerlijke staat;Axel;2017;;
3693;Totaal mannen en vrouwen;Totaal;Totaal burgerlijke staat;Axel;2018;;
3694;Totaal mannen en vrouwen;Totaal;Totaal burgerlijke staat;Axel;2019;;
3695;Totaal mannen en vrouwen;Totaal;Totaal burgerlijke staat;Axel;2020;;
3696;Totaal mannen en vrouwen;Totaal;Totaal burgerlijke staat;Axel;2021;;
3697;Totaal mannen en vrouwen;Totaal;Totaal burgerlijke staat;Axel;2022;;
3698;Totaal mannen en vrouwen;Totaal;Totaal burgerlijke staat;Axel;2023;;
3699;Totaal mannen en vrouwen;Totaal;Totaal burgerlijke staat;Axel;2024;;
3700;Totaal mannen en vrouwen;Totaal;Totaal burgerlijke staat;Baarle-Nassau;1988;5877.0;
3701;Totaal mannen en vrouwen;Totaal;Totaal burgerlijke staat;Baarle-Nassau;1989;5876.0;
3702;Totaal mannen en vrouwen;Totaal;Totaal burgerlijke staat;Baarle-Nassau;1990;5901.0;
3703;Totaal mannen en vrouwen;Totaal;Totaal burgerlijke staat;Baarle-Nassau;1991;5888.0;
3704;Totaal mannen en vrouwen;Totaal;Totaal burgerlijke staat;Baarle-Nassau;1992;5915.0;
3705;Totaal mannen en vrouwen;Totaal;Totaal burgerlijke staat;Baarle-Nassau;1993;5911.0;
3706;Totaal mannen en vrouwen;Totaal;Totaal burgerlijke staat;Baarle-Nassau;1994;5909.0;
3707;Totaal mannen en vrouwen;Totaal;Totaal burgerlijke staat;Baarle-Nassau;1995;6010.0;6036.5
3708;Totaal mannen en vrouwen;Totaal;Totaal burgerlijke staat;Baarle-Nassau;1996;6063.0;6045.5
3709;Totaal mannen en vrouwen;Totaal;Totaal burgerlijke staat;Baarle-Nassau;1997;6028.0;6053.5
3710;Totaal mannen en vrouwen;Totaal;Totaal burgerlijke staat;Baarle-Nassau;1998;6079.0;6085.5
3711;Totaal mannen en vrouwen;Totaal;Totaal burgerlijke staat;Baarle-Nassau;1999;6092.0;6142.0
3712;Totaal mannen en vrouwen;Totaal;Totaal burgerlijke staat;Baarle-Nassau;2000;6192.0;6252.0
3713;Totaal mannen en vrouwen;Totaal;Totaal burgerlijke staat;Baarle-Nassau;2001;6312.0;6390.0
3714;Totaal mannen en vrouwen;Totaal;Totaal burgerlijke staat;Baarle-Nassau;2002;6468.0;6487.5
3715;Totaal mannen en vrouwen;Totaal;Totaal burgerlijke staat;Baarle-Nassau;2003;6507.0;6526.0
3716;Totaal mannen en vrouwen;Totaal;Totaal burgerlijke staat;Baarle-Nassau;2004;6545.0;6563.0
3717;Totaal mannen en vrouwen;Totaal;Totaal burgerlijke staat;Baarle-Nassau;2005;6581.0;6614.5
3718;Totaal mannen en vrouwen;Totaal;Totaal burgerlijke staat;Baarle-Nassau;2006;6648.0;6661.0
3719;Totaal mannen en vrouwen;Totaal;Totaal burgerlijke staat;Baarle-Nassau;2007;6674.0;6669.0
3720;Totaal mannen en vrouwen;Totaal;Totaal burgerlijke staat;Baarle-Nassau;2008;6664.0;6673.0
3721;Totaal mannen en vrouwen;Totaal;Totaal burgerlijke staat;Baarle-Nassau;2009;6682.0;6692.5
3722;Totaal mannen en vrouwen;Totaal;Totaal burgerlijke staat;Baarle-Nassau;2010;6703.0;6703.5
3723;Totaal mannen en vrouwen;Totaal;Totaal burgerlijke staat;Baarle-Nassau;2011;6704.0;6713.0
3724;Totaal mannen en vrouwen;Totaal;Totaal burgerlijke staat;Baarle-Nassau;2012;6722.0;6710.5
3725;Totaal mannen en vrouwen;Totaal;Totaal burgerlijke staat;Baarle-Nassau;2013;6699.0;6655.5
3726;Totaal mannen en vrouwen;Totaal;Totaal burgerlijke staat;Baarle-Nassau;2014;6612.0;6605.5
3727;Totaal mannen en vrouwen;Totaal;Totaal burgerlijke staat;Baarle-Nassau;2015;6599.0;6605.0
3728;Totaal mannen en vrouwen;Totaal;Totaal burgerlijke staat;Baarle-Nassau;2016;6611.0;6634.0
3729;Totaal mannen en vrouwen;Totaal;Totaal burgerlijke staat;Baarle-Nassau;2017;6657.0;6728.0
3730;Totaal mannen en vrouwen;Totaal;Totaal burgerlijke staat;Baarle-Nassau;2018;6799.0;6823.0
3731;Totaal mannen en vrouwen;Totaal;Totaal burgerlijke staat;Baarle-Nassau;2019;6847.0;6853.0
3732;Totaal mannen en vrouwen;Totaal;Totaal burgerlijke staat;Baarle-Nassau;2020;6859.0;6879.0
3733;Totaal mannen en vrouwen;Totaal;Totaal burgerlijke staat;Baarle-Nassau;2021;6899.0;6915.0
3734;Totaal mannen en vrouwen;Totaal;Totaal burgerlijke staat;Baarle-Nassau;2022;6931.0;7001.0
3735;Totaal mannen en vrouwen;Totaal;Totaal burgerlijke staat;Baarle-Nassau;2023;7071.0;7073.5
3736;Totaal mannen en vrouwen;Totaal;Totaal burgerlijke staat;Baarle-Nassau;2024;7076.0;
3737;Totaal mannen en vrouwen;Totaal;Totaal burgerlijke staat;Baarn;1988;24835.0;
3738;Totaal mannen en vrouwen;Totaal;Totaal burgerlijke staat;Baarn;1989;24897.0;
3739;Totaal mannen en vrouwen;Totaal;Totaal burgerlijke staat;Baarn;1990;24773.0;
3740;Totaal mannen en vrouwen;Totaal;Totaal burgerlijke staat;Baarn;1991;24847.0;
3741;Totaal mannen en vrouwen;Totaal;Totaal burgerlijke staat;Baarn;1992;24913.0;
3742;Totaal mannen en vrouwen;Totaal;Totaal burgerlijke staat;Baarn;1993;24906.0;
3743;Totaal mannen en vrouwen;Totaal;Totaal burgerlijke staat;Baarn;1994;24626.0;
3744;Totaal mannen en vrouwen;Totaal;Totaal burgerlijke staat;Baarn;1995;24696.0;24698.5
3745;Totaal mannen en vrouwen;Totaal;Totaal burgerlijke staat;Baarn;1996;24701.0;24620.0
3746;Totaal mannen en vrouwen;Totaal;Totaal burgerlijke staat;Baarn;1997;24539.0;24468.5
3747;Totaal mannen en vrouwen;Totaal;Totaal burgerlijke staat;Baarn;1998;24398.0;24389.5
3748;Totaal mannen en vrouwen;Totaal;Totaal burgerlijke staat;Baarn;1999;24370.0;24439.0
3749;Totaal mannen en vrouwen;Totaal;Totaal burgerlijke staat;Baarn;2000;24508.0;24517.0
3750;Totaal mannen en vrouwen;Totaal;Totaal burgerlijke staat;Baarn;2001;24526.0;24497.5
3751;Totaal mannen en vrouwen;Totaal;Totaal burgerlijke staat;Baarn;2002;24469.0;24446.0
3752;Totaal mannen en vrouwen;Totaal;Totaal burgerlijke staat;Baarn;2003;24423.0;24463.0
3753;Totaal mannen en vrouwen;Totaal;Totaal burgerlijke staat;Baarn;2004;24503.0;24459.5
3754;Totaal mannen en vrouwen;Totaal;Totaal burgerlijke staat;Baarn;2005;24416.0;24464.5
3755;Totaal mannen en vrouwen;Totaal;Totaal burgerlijke staat;Baarn;2006;24513.0;24444.0
3756;Totaal mannen en vrouwen;Totaal;Totaal burgerlijke staat;Baarn;2007;24375.0;24390.5
3757;Totaal mannen en vrouwen;Totaal;Totaal burgerlijke staat;Baarn;2008;24406.0;24370.5
3758;Totaal mannen en vrouwen;Totaal;Totaal burgerlijke staat;Baarn;2009;24335.0;24326.0
3759;Totaal mannen en vrouwen;Totaal;Totaal burgerlijke staat;Baarn;2010;24317.0;24348.0
3760;Totaal mannen en vrouwen;Totaal;Totaal burgerlijke staat;Baarn;2011;24379.0;24365.5
3761;Totaal mannen en vrouwen;Totaal;Totaal burgerlijke staat;Baarn;2012;24352.0;24314.5
3762;Totaal mannen en vrouwen;Totaal;Totaal burgerlijke staat;Baarn;2013;24277.0;24295.5
3763;Totaal mannen en vrouwen;Totaal;Totaal burgerlijke staat;Baarn;2014;24314.0;24360.0
3764;Totaal mannen en vrouwen;Totaal;Totaal burgerlijke staat;Baarn;2015;24406.0;24463.5
3765;Totaal mannen en vrouwen;Totaal;Totaal burgerlijke staat;Baarn;2016;24521.0;24525.0
3766;Totaal mannen en vrouwen;Totaal;Totaal burgerlijke staat;Baarn;2017;24529.0;24579.5
3767;Totaal mannen en vrouwen;Totaal;Totaal burgerlijke staat;Baarn;2018;24630.0;24698.5
3768;Totaal mannen en vrouwen;Totaal;Totaal burgerlijke staat;Baarn;2019;24767.0;24817.5
3769;Totaal mannen en vrouwen;Totaal;Totaal burgerlijke staat;Baarn;2020;24868.0;24830.0
3770;Totaal mannen en vrouwen;Totaal;Totaal burgerlijke staat;Baarn;2021;24792.0;24834.0
3771;Totaal mannen en vrouwen;Totaal;Totaal burgerlijke staat;Baarn;2022;24876.0;24942.0
3772;Totaal mannen en vrouwen;Totaal;Totaal burgerlijke staat;Baarn;2023;25008.0;25036.5
3773;Totaal mannen en vrouwen;Totaal;Totaal burgerlijke staat;Baarn;2024;25065.0;
3774;Totaal mannen en vrouwen;Totaal;Totaal burgerlijke staat;Baexem;1988;2424.0;
3775;Totaal mannen en vrouwen;Totaal;Totaal burgerlijke staat;Baexem;1989;2445.0;
3776;Totaal mannen en vrouwen;Totaal;Totaal burgerlijke staat;Baexem;1990;2463.0;
3777;Totaal mannen en vrouwen;Totaal;Totaal burgerlijke staat;Baexem;1991;;
3778;Totaal mannen en vrouwen;Totaal;Totaal burgerlijke staat;Baexem;1992;;
3779;Totaal mannen en vrouwen;Totaal;Totaal burgerlijke staat;Baexem;1993;;
3780;Totaal mannen en vrouwen;Totaal;Totaal burgerlijke staat;Baexem;1994;;
3781;Totaal mannen en vrouwen;Totaal;Totaal burgerlijke staat;Baexem;1995;;
3782;Totaal mannen en vrouwen;Totaal;Totaal burgerlijke staat;Baexem;1996;;
3783;Totaal mannen en vrouwen;Totaal;Totaal burgerlijke staat;Baexem;1997;;
3784;Totaal mannen en vrouwen;Totaal;Totaal burgerlijke staat;Baexem;1998;;
3785;Totaal mannen en vrouwen;Totaal;Totaal burgerlijke staat;Baexem;1999;;
3786;Totaal mannen en vrouwen;Totaal;Totaal burgerlijke staat;Baexem;2000;;
3787;Totaal mannen en vrouwen;Totaal;Totaal burgerlijke staat;Baexem;2001;;
3788;Totaal mannen en vrouwen;Totaal;Totaal burgerlijke staat;Baexem;2002;;
3789;Totaal mannen en vrouwen;Totaal;Totaal burgerlijke staat;Baexem;2003;;
3790;Totaal mannen en vrouwen;Totaal;Totaal burgerlijke staat;Baexem;2004;;
3791;Totaal mannen en vrouwen;Totaal;Totaal burgerlijke staat;Baexem;2005;;
3792;Totaal mannen en vrouwen;Totaal;Totaal burgerlijke staat;Baexem;2006;;
3793;Totaal mannen en vrouwen;Totaal;Totaal burgerlijke staat;Baexem;2007;;
3794;Totaal mannen en vrouwen;Totaal;Totaal burgerlijke staat;Baexem;2008;;
3795;Totaal mannen en vrouwen;Totaal;Totaal burgerlijke staat;Baexem;2009;;
3796;Totaal mannen en vrouwen;Totaal;Totaal burgerlijke staat;Baexem;2010;;
3797;Totaal mannen en vrouwen;Totaal;Totaal burgerlijke staat;Baexem;2011;;
3798;Totaal mannen en vrouwen;Totaal;Totaal burgerlijke staat;Baexem;2012;;
3799;Totaal mannen en vrouwen;Totaal;Totaal burgerlijke staat;Baexem;2013;;
3800;Totaal mannen en vrouwen;Totaal;Totaal burgerlijke staat;Baexem;2014;;
3801;Totaal mannen en vrouwen;Totaal;Totaal burgerlijke staat;Baexem;2015;;
3802;Totaal mannen en vrouwen;Totaal;Totaal burgerlijke staat;Baexem;2016;;
3803;Totaal mannen en vrouwen;Totaal;Totaal burgerlijke staat;Baexem;2017;;
3804;Totaal mannen en vrouwen;Totaal;Totaal burgerlijke staat;Baexem;2018;;
3805;Totaal mannen en vrouwen;Totaal;Totaal burgerlijke staat;Baexem;2019;;
3806;Totaal mannen en vrouwen;Totaal;Totaal burgerlijke staat;Baexem;2020;;
3807;Totaal mannen en vrouwen;Totaal;Totaal burgerlijke staat;Baexem;2021;;
3808;Totaal mannen en vrouwen;Totaal;Totaal burgerlijke staat;Baexem;2022;;
3809;Totaal mannen en vrouwen;Totaal;Totaal burgerlijke staat;Baexem;2023;;
3810;Totaal mannen en vrouwen;Totaal;Totaal burgerlijke staat;Baexem;2024;;
3811;Totaal mannen en vrouwen;Totaal;Totaal burgerlijke staat;Baflo;1988;2845.0;
3812;Totaal mannen en vrouwen;Totaal;Totaal burgerlijke staat;Baflo;1989;2853.0;
3813;Totaal mannen en vrouwen;Totaal;Totaal burgerlijke staat;Baflo;1990;;
3814;Totaal mannen en vrouwen;Totaal;Totaal burgerlijke staat;Baflo;1991;;
3815;Totaal mannen en vrouwen;Totaal;Totaal burgerlijke staat;Baflo;1992;;
3816;Totaal mannen en vrouwen;Totaal;Totaal burgerlijke staat;Baflo;1993;;
3817;Totaal mannen en vrouwen;Totaal;Totaal burgerlijke staat;Baflo;1994;;
3818;Totaal mannen en vrouwen;Totaal;Totaal burgerlijke staat;Baflo;1995;;
3819;Totaal mannen en vrouwen;Totaal;Totaal burgerlijke staat;Baflo;1996;;
3820;Totaal mannen en vrouwen;Totaal;Totaal burgerlijke staat;Baflo;1997;;
3821;Totaal mannen en vrouwen;Totaal;Totaal burgerlijke staat;Baflo;1998;;
3822;Totaal mannen en vrouwen;Totaal;Totaal burgerlijke staat;Baflo;1999;;
3823;Totaal mannen en vrouwen;Totaal;Totaal burgerlijke staat;Baflo;2000;;
3824;Totaal mannen en vrouwen;Totaal;Totaal burgerlijke staat;Baflo;2001;;
3825;Totaal mannen en vrouwen;Totaal;Totaal burgerlijke staat;Baflo;2002;;
3826;Totaal mannen en vrouwen;Totaal;Totaal burgerlijke staat;Baflo;2003;;
3827;Totaal mannen en vrouwen;Totaal;Totaal burgerlijke staat;Baflo;2004;;
3828;Totaal mannen en vrouwen;Totaal;Totaal burgerlijke staat;Baflo;2005;;
3829;Totaal mannen en vrouwen;Totaal;Totaal burgerlijke staat;Baflo;2006;;
3830;Totaal mannen en vrouwen;Totaal;Totaal burgerlijke staat;Baflo;2007;;
3831;Totaal mannen en vrouwen;Totaal;Totaal burgerlijke staat;Baflo;2008;;
3832;Totaal mannen en vrouwen;Totaal;Totaal burgerlijke staat;Baflo;2009;;
3833;Totaal mannen en vrouwen;Totaal;Totaal burgerlijke staat;Baflo;2010;;
3834;Totaal mannen en vrouwen;Totaal;Totaal burgerlijke staat;Baflo;2011;;
3835;Totaal mannen en vrouwen;Totaal;Totaal burgerlijke staat;Baflo;2012;;
3836;Totaal mannen en vrouwen;Totaal;Totaal burgerlijke staat;Baflo;2013;;
3837;Totaal mannen en vrouwen;Totaal;Totaal burgerlijke staat;Baflo;2014;;
3838;Totaal mannen en vrouwen;Totaal;Totaal burgerlijke staat;Baflo;2015;;
3839;Totaal mannen en vrouwen;Totaal;Totaal burgerlijke staat;Baflo;2016;;
3840;Totaal mannen en vrouwen;Totaal;Totaal burgerlijke staat;Baflo;2017;;
3841;Totaal mannen en vrouwen;Totaal;Totaal burgerlijke staat;Baflo;2018;;
3842;Totaal mannen en vrouwen;Totaal;Totaal burgerlijke staat;Baflo;2019;;
3843;Totaal mannen en vrouwen;Totaal;Totaal burgerlijke staat;Baflo;2020;;
3844;Totaal mannen en vrouwen;Totaal;Totaal burgerlijke staat;Baflo;2021;;
3845;Totaal mannen en vrouwen;Totaal;Totaal burgerlijke staat;Baflo;2022;;
3846;Totaal mannen en vrouwen;Totaal;Totaal burgerlijke staat;Baflo;2023;;
3847;Totaal mannen en vrouwen;Totaal;Totaal burgerlijke staat;Baflo;2024;;
3848;Totaal mannen en vrouwen;Totaal;Totaal burgerlijke staat;Bakel en Milheeze;1988;7566.0;
3849;Totaal mannen en vrouwen;Totaal;Totaal burgerlijke staat;Bakel en Milheeze;1989;7593.0;
3850;Totaal mannen en vrouwen;Totaal;Totaal burgerlijke staat;Bakel en Milheeze;1990;7708.0;
3851;Totaal mannen en vrouwen;Totaal;Totaal burgerlijke staat;Bakel en Milheeze;1991;7754.0;
3852;Totaal mannen en vrouwen;Totaal;Totaal burgerlijke staat;Bakel en Milheeze;1992;7819.0;
3853;Totaal mannen en vrouwen;Totaal;Totaal burgerlijke staat;Bakel en Milheeze;1993;7885.0;
3854;Totaal mannen en vrouwen;Totaal;Totaal burgerlijke staat;Bakel en Milheeze;1994;7942.0;
3855;Totaal mannen en vrouwen;Totaal;Totaal burgerlijke staat;Bakel en Milheeze;1995;8083.0;8120.5
3856;Totaal mannen en vrouwen;Totaal;Totaal burgerlijke staat;Bakel en Milheeze;1996;8158.0;8211.5
3857;Totaal mannen en vrouwen;Totaal;Totaal burgerlijke staat;Bakel en Milheeze;1997;;
3858;Totaal mannen en vrouwen;Totaal;Totaal burgerlijke staat;Bakel en Milheeze;1998;;
3859;Totaal mannen en vrouwen;Totaal;Totaal burgerlijke staat;Bakel en Milheeze;1999;;
3860;Totaal mannen en vrouwen;Totaal;Totaal burgerlijke staat;Bakel en Milheeze;2000;;
3861;Totaal mannen en vrouwen;Totaal;Totaal burgerlijke staat;Bakel en Milheeze;2001;;
3862;Totaal mannen en vrouwen;Totaal;Totaal burgerlijke staat;Bakel en Milheeze;2002;;
3863;Totaal mannen en vrouwen;Totaal;Totaal burgerlijke staat;Bakel en Milheeze;2003;;
3864;Totaal mannen en vrouwen;Totaal;Totaal burgerlijke staat;Bakel en Milheeze;2004;;
3865;Totaal mannen en vrouwen;Totaal;Totaal burgerlijke staat;Bakel en Milheeze;2005;;
3866;Totaal mannen en vrouwen;Totaal;Totaal burgerlijke staat;Bakel en Milheeze;2006;;
3867;Totaal mannen en vrouwen;Totaal;Totaal burgerlijke staat;Bakel en Milheeze;2007;;
3868;Totaal mannen en vrouwen;Totaal;Totaal burgerlijke staat;Bakel en Milheeze;2008;;
3869;Totaal mannen en vrouwen;Totaal;Totaal burgerlijke staat;Bakel en Milheeze;2009;;
3870;Totaal mannen en vrouwen;Totaal;Totaal burgerlijke staat;Bakel en Milheeze;2010;;
3871;Totaal mannen en vrouwen;Totaal;Totaal burgerlijke staat;Bakel en Milheeze;2011;;
3872;Totaal mannen en vrouwen;Totaal;Totaal burgerlijke staat;Bakel en Milheeze;2012;;
3873;Totaal mannen en vrouwen;Totaal;Totaal burgerlijke staat;Bakel en Milheeze;2013;;
3874;Totaal mannen en vrouwen;Totaal;Totaal burgerlijke staat;Bakel en Milheeze;2014;;
3875;Totaal mannen en vrouwen;Totaal;Totaal burgerlijke staat;Bakel en Milheeze;2015;;
3876;Totaal mannen en vrouwen;Totaal;Totaal burgerlijke staat;Bakel en Milheeze;2016;;
3877;Totaal mannen en vrouwen;Totaal;Totaal burgerlijke staat;Bakel en Milheeze;2017;;
3878;Totaal mannen en vrouwen;Totaal;Totaal burgerlijke staat;Bakel en Milheeze;2018;;
3879;Totaal mannen en vrouwen;Totaal;Totaal burgerlijke staat;Bakel en Milheeze;2019;;
3880;Totaal mannen en vrouwen;Totaal;Totaal burgerlijke staat;Bakel en Milheeze;2020;;
3881;Totaal mannen en vrouwen;Totaal;Totaal burgerlijke staat;Bakel en Milheeze;2021;;
3882;Totaal mannen en vrouwen;Totaal;Totaal burgerlijke staat;Bakel en Milheeze;2022;;
3883;Totaal mannen en vrouwen;Totaal;Totaal burgerlijke staat;Bakel en Milheeze;2023;;
3884;Totaal mannen en vrouwen;Totaal;Totaal burgerlijke staat;Bakel en Milheeze;2024;;
3885;Totaal mannen en vrouwen;Totaal;Totaal burgerlijke staat;Barendrecht;1988;19788.0;
3886;Totaal mannen en vrouwen;Totaal;Totaal burgerlijke staat;Barendrecht;1989;19949.0;
3887;Totaal mannen en vrouwen;Totaal;Totaal burgerlijke staat;Barendrecht;1990;19937.0;
3888;Totaal mannen en vrouwen;Totaal;Totaal burgerlijke staat;Barendrecht;1991;20202.0;
3889;Totaal mannen en vrouwen;Totaal;Totaal burgerlijke staat;Barendrecht;1992;20498.0;
3890;Totaal mannen en vrouwen;Totaal;Totaal burgerlijke staat;Barendrecht;1993;20768.0;
3891;Totaal mannen en vrouwen;Totaal;Totaal burgerlijke staat;Barendrecht;1994;21317.0;
3892;Totaal mannen en vrouwen;Totaal;Totaal burgerlijke staat;Barendrecht;1995;22074.0;22575.5
3893;Totaal mannen en vrouwen;Totaal;Totaal burgerlijke staat;Barendrecht;1996;23077.0;23485.5
3894;Totaal mannen en vrouwen;Totaal;Totaal burgerlijke staat;Barendrecht;1997;23894.0;24345.0
3895;Totaal mannen en vrouwen;Totaal;Totaal burgerlijke staat;Barendrecht;1998;24796.0;25575.5
3896;Totaal mannen en vrouwen;Totaal;Totaal burgerlijke staat;Barendrecht;1999;26355.0;27601.5
3897;Totaal mannen en vrouwen;Totaal;Totaal burgerlijke staat;Barendrecht;2000;28848.0;29912.0
3898;Totaal mannen en vrouwen;Totaal;Totaal burgerlijke staat;Barendrecht;2001;30976.0;32435.0
3899;Totaal mannen en vrouwen;Totaal;Totaal burgerlijke staat;Barendrecht;2002;33894.0;34887.0
3900;Totaal mannen en vrouwen;Totaal;Totaal burgerlijke staat;Barendrecht;2003;35880.0;36568.5
3901;Totaal mannen en vrouwen;Totaal;Totaal burgerlijke staat;Barendrecht;2004;37257.0;38275.5
3902;Totaal mannen en vrouwen;Totaal;Totaal burgerlijke staat;Barendrecht;2005;39294.0;40271.5
3903;Totaal mannen en vrouwen;Totaal;Totaal burgerlijke staat;Barendrecht;2006;41249.0;42146.5
3904;Totaal mannen en vrouwen;Totaal;Totaal burgerlijke staat;Barendrecht;2007;43044.0;44003.0
3905;Totaal mannen en vrouwen;Totaal;Totaal burgerlijke staat;Barendrecht;2008;44962.0;45411.5
3906;Totaal mannen en vrouwen;Totaal;Totaal burgerlijke staat;Barendrecht;2009;45861.0;46155.0
3907;Totaal mannen en vrouwen;Totaal;Totaal burgerlijke staat;Barendrecht;2010;46449.0;46640.0
3908;Totaal mannen en vrouwen;Totaal;Totaal burgerlijke staat;Barendrecht;2011;46831.0;46942.0
3909;Totaal mannen en vrouwen;Totaal;Totaal burgerlijke staat;Barendrecht;2012;47053.0;47212.0
3910;Totaal mannen en vrouwen;Totaal;Totaal burgerlijke staat;Barendrecht;2013;47371.0;47374.0
3911;Totaal mannen en vrouwen;Totaal;Totaal burgerlijke staat;Barendrecht;2014;47377.0;47449.0
3912;Totaal mannen en vrouwen;Totaal;Totaal burgerlijke staat;Barendrecht;2015;47521.0;47691.0
3913;Totaal mannen en vrouwen;Totaal;Totaal burgerlijke staat;Barendrecht;2016;47861.0;48102.5
3914;Totaal mannen en vrouwen;Totaal;Totaal burgerlijke staat;Barendrecht;2017;48344.0;48410.5
3915;Totaal mannen en vrouwen;Totaal;Totaal burgerlijke staat;Barendrecht;2018;48477.0;48575.0
3916;Totaal mannen en vrouwen;Totaal;Totaal burgerlijke staat;Barendrecht;2019;48673.0;48693.5
3917;Totaal mannen en vrouwen;Totaal;Totaal burgerlijke staat;Barendrecht;2020;48714.0;48678.5
3918;Totaal mannen en vrouwen;Totaal;Totaal burgerlijke staat;Barendrecht;2021;48643.0;48678.5
3919;Totaal mannen en vrouwen;Totaal;Totaal burgerlijke staat;Barendrecht;2022;48714.0;48763.0
3920;Totaal mannen en vrouwen;Totaal;Totaal burgerlijke staat;Barendrecht;2023;48812.0;48751.0
3921;Totaal mannen en vrouwen;Totaal;Totaal burgerlijke staat;Barendrecht;2024;48690.0;
3922;Totaal mannen en vrouwen;Totaal;Totaal burgerlijke staat;Barneveld;1988;40886.0;
3923;Totaal mannen en vrouwen;Totaal;Totaal burgerlijke staat;Barneveld;1989;41649.0;
3924;Totaal mannen en vrouwen;Totaal;Totaal burgerlijke staat;Barneveld;1990;42335.0;
3925;Totaal mannen en vrouwen;Totaal;Totaal burgerlijke staat;Barneveld;1991;42866.0;
3926;Totaal mannen en vrouwen;Totaal;Totaal burgerlijke staat;Barneveld;1992;43353.0;
3927;Totaal mannen en vrouwen;Totaal;Totaal burgerlijke staat;Barneveld;1993;44062.0;
3928;Totaal mannen en vrouwen;Totaal;Totaal burgerlijke staat;Barneveld;1994;44506.0;
3929;Totaal mannen en vrouwen;Totaal;Totaal burgerlijke staat;Barneveld;1995;45270.0;45572.0
3930;Totaal mannen en vrouwen;Totaal;Totaal burgerlijke staat;Barneveld;1996;45874.0;46104.0
3931;Totaal mannen en vrouwen;Totaal;Totaal burgerlijke staat;Barneveld;1997;46334.0;46601.0
3932;Totaal mannen en vrouwen;Totaal;Totaal burgerlijke staat;Barneveld;1998;46868.0;47069.5
3933;Totaal mannen en vrouwen;Totaal;Totaal burgerlijke staat;Barneveld;1999;47271.0;47507.5
3934;Totaal mannen en vrouwen;Totaal;Totaal burgerlijke staat;Barneveld;2000;47744.0;48021.0
3935;Totaal mannen en vrouwen;Totaal;Totaal burgerlijke staat;Barneveld;2001;48298.0;48628.0
3936;Totaal mannen en vrouwen;Totaal;Totaal burgerlijke staat;Barneveld;2002;48958.0;49190.5
3937;Totaal mannen en vrouwen;Totaal;Totaal burgerlijke staat;Barneveld;2003;49423.0;49721.0
3938;Totaal mannen en vrouwen;Totaal;Totaal burgerlijke staat;Barneveld;2004;50019.0;50022.5
3939;Totaal mannen en vrouwen;Totaal;Totaal burgerlijke staat;Barneveld;2005;50026.0;50237.0
3940;Totaal mannen en vrouwen;Totaal;Totaal burgerlijke staat;Barneveld;2006;50448.0;50700.5
3941;Totaal mannen en vrouwen;Totaal;Totaal burgerlijke staat;Barneveld;2007;50953.0;51219.5
3942;Totaal mannen en vrouwen;Totaal;Totaal burgerlijke staat;Barneveld;2008;51486.0;51776.0
3943;Totaal mannen en vrouwen;Totaal;Totaal burgerlijke staat;Barneveld;2009;52066.0;52278.0
3944;Totaal mannen en vrouwen;Totaal;Totaal burgerlijke staat;Barneveld;2010;52490.0;52758.0
3945;Totaal mannen en vrouwen;Totaal;Totaal burgerlijke staat;Barneveld;2011;53026.0;53273.5
3946;Totaal mannen en vrouwen;Totaal;Totaal burgerlijke staat;Barneveld;2012;53521.0;53636.0
3947;Totaal mannen en vrouwen;Totaal;Totaal burgerlijke staat;Barneveld;2013;53751.0;53946.0
3948;Totaal mannen en vrouwen;Totaal;Totaal burgerlijke staat;Barneveld;2014;54152.0;54427.5
3949;Totaal mannen en vrouwen;Totaal;Totaal burgerlijke staat;Barneveld;2015;54703.0;55072.0
3950;Totaal mannen en vrouwen;Totaal;Totaal burgerlijke staat;Barneveld;2016;55441.0;55908.5
3951;Totaal mannen en vrouwen;Totaal;Totaal burgerlijke staat;Barneveld;2017;56376.0;56857.5
3952;Totaal mannen en vrouwen;Totaal;Totaal burgerlijke staat;Barneveld;2018;57339.0;57655.0
3953;Totaal mannen en vrouwen;Totaal;Totaal burgerlijke staat;Barneveld;2019;57971.0;58526.5
3954;Totaal mannen en vrouwen;Totaal;Totaal burgerlijke staat;Barneveld;2020;59082.0;59537.0
3955;Totaal mannen en vrouwen;Totaal;Totaal burgerlijke staat;Barneveld;2021;59992.0;60288.0
3956;Totaal mannen en vrouwen;Totaal;Totaal burgerlijke staat;Barneveld;2022;60584.0;61119.5
3957;Totaal mannen en vrouwen;Totaal;Totaal burgerlijke staat;Barneveld;2023;61655.0;62123.5
3958;Totaal mannen en vrouwen;Totaal;Totaal burgerlijke staat;Barneveld;2024;62592.0;
3959;Totaal mannen en vrouwen;Totaal;Totaal burgerlijke staat;Barsingerhorn;1988;3977.0;
3960;Totaal mannen en vrouwen;Totaal;Totaal burgerlijke staat;Barsingerhorn;1989;3995.0;
3961;Totaal mannen en vrouwen;Totaal;Totaal burgerlijke staat;Barsingerhorn;1990;;
3962;Totaal mannen en vrouwen;Totaal;Totaal burgerlijke staat;Barsingerhorn;1991;;
3963;Totaal mannen en vrouwen;Totaal;Totaal burgerlijke staat;Barsingerhorn;1992;;
3964;Totaal mannen en vrouwen;Totaal;Totaal burgerlijke staat;Barsingerhorn;1993;;
3965;Totaal mannen en vrouwen;Totaal;Totaal burgerlijke staat;Barsingerhorn;1994;;
3966;Totaal mannen en vrouwen;Totaal;Totaal burgerlijke staat;Barsingerhorn;1995;;
3967;Totaal mannen en vrouwen;Totaal;Totaal burgerlijke staat;Barsingerhorn;1996;;
3968;Totaal mannen en vrouwen;Totaal;Totaal burgerlijke staat;Barsingerhorn;1997;;
3969;Totaal mannen en vrouwen;Totaal;Totaal burgerlijke staat;Barsingerhorn;1998;;
3970;Totaal mannen en vrouwen;Totaal;Totaal burgerlijke staat;Barsingerhorn;1999;;
3971;Totaal mannen en vrouwen;Totaal;Totaal burgerlijke staat;Barsingerhorn;2000;;
3972;Totaal mannen en vrouwen;Totaal;Totaal burgerlijke staat;Barsingerhorn;2001;;
3973;Totaal mannen en vrouwen;Totaal;Totaal burgerlijke staat;Barsingerhorn;2002;;
3974;Totaal mannen en vrouwen;Totaal;Totaal burgerlijke staat;Barsingerhorn;2003;;
3975;Totaal mannen en vrouwen;Totaal;Totaal burgerlijke staat;Barsingerhorn;2004;;
3976;Totaal mannen en vrouwen;Totaal;Totaal burgerlijke staat;Barsingerhorn;2005;;
3977;Totaal mannen en vrouwen;Totaal;Totaal burgerlijke staat;Barsingerhorn;2006;;
3978;Totaal mannen en vrouwen;Totaal;Totaal burgerlijke staat;Barsingerhorn;2007;;
3979;Totaal mannen en vrouwen;Totaal;Totaal burgerlijke staat;Barsingerhorn;2008;;
3980;Totaal mannen en vrouwen;Totaal;Totaal burgerlijke staat;Barsingerhorn;2009;;
3981;Totaal mannen en vrouwen;Totaal;Totaal burgerlijke staat;Barsingerhorn;2010;;
3982;Totaal mannen en vrouwen;Totaal;Totaal burgerlijke staat;Barsingerhorn;2011;;
3983;Totaal mannen en vrouwen;Totaal;Totaal burgerlijke staat;Barsingerhorn;2012;;
3984;Totaal mannen en vrouwen;Totaal;Totaal burgerlijke staat;Barsingerhorn;2013;;
3985;Totaal mannen en vrouwen;Totaal;Totaal burgerlijke staat;Barsingerhorn;2014;;
3986;Totaal mannen en vrouwen;Totaal;Totaal burgerlijke staat;Barsingerhorn;2015;;
3987;Totaal mannen en vrouwen;Totaal;Totaal burgerlijke staat;Barsingerhorn;2016;;
3988;Totaal mannen en vrouwen;Totaal;Totaal burgerlijke staat;Barsingerhorn;2017;;
3989;Totaal mannen en vrouwen;Totaal;Totaal burgerlijke staat;Barsingerhorn;2018;;
3990;Totaal mannen en vrouwen;Totaal;Totaal burgerlijke staat;Barsingerhorn;2019;;
3991;Totaal mannen en vrouwen;Totaal;Totaal burgerlijke staat;Barsingerhorn;2020;;
3992;Totaal mannen en vrouwen;Totaal;Totaal burgerlijke staat;Barsingerhorn;2021;;
3993;Totaal mannen en vrouwen;Totaal;Totaal burgerlijke staat;Barsingerhorn;2022;;
3994;Totaal mannen en vrouwen;Totaal;Totaal burgerlijke staat;Barsingerhorn;2023;;
3995;Totaal mannen en vrouwen;Totaal;Totaal burgerlijke staat;Barsingerhorn;2024;;
3996;Totaal mannen en vrouwen;Totaal;Totaal burgerlijke staat;Bathmen;1988;5209.0;
3997;Totaal mannen en vrouwen;Totaal;Totaal burgerlijke staat;Bathmen;1989;5202.0;
3998;Totaal mannen en vrouwen;Totaal;Totaal burgerlijke staat;Bathmen;1990;5215.0;
3999;Totaal mannen en vrouwen;Totaal;Totaal burgerlijke staat;Bathmen;1991;5215.0;
4000;Totaal mannen en vrouwen;Totaal;Totaal burgerlijke staat;Bathmen;1992;5246.0;
4001;Totaal mannen en vrouwen;Totaal;Totaal burgerlijke staat;Bathmen;1993;5237.0;
4002;Totaal mannen en vrouwen;Totaal;Totaal burgerlijke staat;Bathmen;1994;5158.0;
4003;Totaal mannen en vrouwen;Totaal;Totaal burgerlijke staat;Bathmen;1995;5208.0;5222.0
4004;Totaal mannen en vrouwen;Totaal;Totaal burgerlijke staat;Bathmen;1996;5236.0;5254.0
4005;Totaal mannen en vrouwen;Totaal;Totaal burgerlijke staat;Bathmen;1997;5272.0;5256.5
4006;Totaal mannen en vrouwen;Totaal;Totaal burgerlijke staat;Bathmen;1998;5241.0;5227.5
4007;Totaal mannen en vrouwen;Totaal;Totaal burgerlijke staat;Bathmen;1999;5160.0;5176.5
4008;Totaal mannen en vrouwen;Totaal;Totaal burgerlijke staat;Bathmen;2000;5193.0;5208.5
4009;Totaal mannen en vrouwen;Totaal;Totaal burgerlijke staat;Bathmen;2001;5224.0;5231.0
4010;Totaal mannen en vrouwen;Totaal;Totaal burgerlijke staat;Bathmen;2002;5238.0;5259.0
4011;Totaal mannen en vrouwen;Totaal;Totaal burgerlijke staat;Bathmen;2003;5280.0;5304.0
4012;Totaal mannen en vrouwen;Totaal;Totaal burgerlijke staat;Bathmen;2004;5328.0;5333.5
4013;Totaal mannen en vrouwen;Totaal;Totaal burgerlijke staat;Bathmen;2005;;
4014;Totaal mannen en vrouwen;Totaal;Totaal burgerlijke staat;Bathmen;2006;;
4015;Totaal mannen en vrouwen;Totaal;Totaal burgerlijke staat;Bathmen;2007;;
4016;Totaal mannen en vrouwen;Totaal;Totaal burgerlijke staat;Bathmen;2008;;
4017;Totaal mannen en vrouwen;Totaal;Totaal burgerlijke staat;Bathmen;2009;;
4018;Totaal mannen en vrouwen;Totaal;Totaal burgerlijke staat;Bathmen;2010;;
4019;Totaal mannen en vrouwen;Totaal;Totaal burgerlijke staat;Bathmen;2011;;
4020;Totaal mannen en vrouwen;Totaal;Totaal burgerlijke staat;Bathmen;2012;;
4021;Totaal mannen en vrouwen;Totaal;Totaal burgerlijke staat;Bathmen;2013;;
4022;Totaal mannen en vrouwen;Totaal;Totaal burgerlijke staat;Bathmen;2014;;
4023;Totaal mannen en vrouwen;Totaal;Totaal burgerlijke staat;Bathmen;2015;;
4024;Totaal mannen en vrouwen;Totaal;Totaal burgerlijke staat;Bathmen;2016;;
4025;Totaal mannen en vrouwen;Totaal;Totaal burgerlijke staat;Bathmen;2017;;
4026;Totaal mannen en vrouwen;Totaal;Totaal burgerlijke staat;Bathmen;2018;;
4027;Totaal mannen en vrouwen;Totaal;Totaal burgerlijke staat;Bathmen;2019;;
4028;Totaal mannen en vrouwen;Totaal;Totaal burgerlijke staat;Bathmen;2020;;
4029;Totaal mannen en vrouwen;Totaal;Totaal burgerlijke staat;Bathmen;2021;;
4030;Totaal mannen en vrouwen;Totaal;Totaal burgerlijke staat;Bathmen;2022;;
4031;Totaal mannen en vrouwen;Totaal;Totaal burgerlijke staat;Bathmen;2023;;
4032;Totaal mannen en vrouwen;Totaal;Totaal burgerlijke staat;Bathmen;2024;;
4033;Totaal mannen en vrouwen;Totaal;Totaal burgerlijke staat;Bedum;1988;9979.0;
4034;Totaal mannen en vrouwen;Totaal;Totaal burgerlijke staat;Bedum;1989;9955.0;
4035;Totaal mannen en vrouwen;Totaal;Totaal burgerlijke staat;Bedum;1990;10079.0;
4036;Totaal mannen en vrouwen;Totaal;Totaal burgerlijke staat;Bedum;1991;10181.0;
4037;Totaal mannen en vrouwen;Totaal;Totaal burgerlijke staat;Bedum;1992;10223.0;
4038;Totaal mannen en vrouwen;Totaal;Totaal burgerlijke staat;Bedum;1993;10222.0;
4039;Totaal mannen en vrouwen;Totaal;Totaal burgerlijke staat;Bedum;1994;10424.0;
4040;Totaal mannen en vrouwen;Totaal;Totaal burgerlijke staat;Bedum;1995;10550.0;10550.0
4041;Totaal mannen en vrouwen;Totaal;Totaal burgerlijke staat;Bedum;1996;10550.0;10517.5
4042;Totaal mannen en vrouwen;Totaal;Totaal burgerlijke staat;Bedum;1997;10485.0;10567.0
4043;Totaal mannen en vrouwen;Totaal;Totaal burgerlijke staat;Bedum;1998;10649.0;10654.5
4044;Totaal mannen en vrouwen;Totaal;Totaal burgerlijke staat;Bedum;1999;10660.0;10759.5
4045;Totaal mannen en vrouwen;Totaal;Totaal burgerlijke staat;Bedum;2000;10859.0;10868.0
4046;Totaal mannen en vrouwen;Totaal;Totaal burgerlijke staat;Bedum;2001;10877.0;10896.5
4047;Totaal mannen en vrouwen;Totaal;Totaal burgerlijke staat;Bedum;2002;10916.0;10899.5
4048;Totaal mannen en vrouwen;Totaal;Totaal burgerlijke staat;Bedum;2003;10883.0;10849.5
4049;Totaal mannen en vrouwen;Totaal;Totaal burgerlijke staat;Bedum;2004;10816.0;10774.5
4050;Totaal mannen en vrouwen;Totaal;Totaal burgerlijke staat;Bedum;2005;10733.0;10704.0
4051;Totaal mannen en vrouwen;Totaal;Totaal burgerlijke staat;Bedum;2006;10675.0;10638.0
4052;Totaal mannen en vrouwen;Totaal;Totaal burgerlijke staat;Bedum;2007;10601.0;10575.5
4053;Totaal mannen en vrouwen;Totaal;Totaal burgerlijke staat;Bedum;2008;10550.0;10506.0
4054;Totaal mannen en vrouwen;Totaal;Totaal burgerlijke staat;Bedum;2009;10462.0;10454.5
4055;Totaal mannen en vrouwen;Totaal;Totaal burgerlijke staat;Bedum;2010;10447.0;10471.0
4056;Totaal mannen en vrouwen;Totaal;Totaal burgerlijke staat;Bedum;2011;10495.0;10501.5
4057;Totaal mannen en vrouwen;Totaal;Totaal burgerlijke staat;Bedum;2012;10508.0;10530.5
4058;Totaal mannen en vrouwen;Totaal;Totaal burgerlijke staat;Bedum;2013;10553.0;10523.5
4059;Totaal mannen en vrouwen;Totaal;Totaal burgerlijke staat;Bedum;2014;10494.0;10467.5
4060;Totaal mannen en vrouwen;Totaal;Totaal burgerlijke staat;Bedum;2015;10441.0;10437.0
4061;Totaal mannen en vrouwen;Totaal;Totaal burgerlijke staat;Bedum;2016;10433.0;10456.0
4062;Totaal mannen en vrouwen;Totaal;Totaal burgerlijke staat;Bedum;2017;10479.0;10477.0
4063;Totaal mannen en vrouwen;Totaal;Totaal burgerlijke staat;Bedum;2018;10475.0;10484.0
4064;Totaal mannen en vrouwen;Totaal;Totaal burgerlijke staat;Bedum;2019;;
4065;Totaal mannen en vrouwen;Totaal;Totaal burgerlijke staat;Bedum;2020;;
4066;Totaal mannen en vrouwen;Totaal;Totaal burgerlijke staat;Bedum;2021;;
4067;Totaal mannen en vrouwen;Totaal;Totaal burgerlijke staat;Bedum;2022;;
4068;Totaal mannen en vrouwen;Totaal;Totaal burgerlijke staat;Bedum;2023;;
4069;Totaal mannen en vrouwen;Totaal;Totaal burgerlijke staat;Bedum;2024;;
4070;Totaal mannen en vrouwen;Totaal;Totaal burgerlijke staat;Beegden;1988;1774.0;
4071;Totaal mannen en vrouwen;Totaal;Totaal burgerlijke staat;Beegden;1989;1769.0;
4072;Totaal mannen en vrouwen;Totaal;Totaal burgerlijke staat;Beegden;1990;1790.0;
4073;Totaal mannen en vrouwen;Totaal;Totaal burgerlijke staat;Beegden;1991;;
4074;Totaal mannen en vrouwen;Totaal;Totaal burgerlijke staat;Beegden;1992;;
4075;Totaal mannen en vrouwen;Totaal;Totaal burgerlijke staat;Beegden;1993;;
4076;Totaal mannen en vrouwen;Totaal;Totaal burgerlijke staat;Beegden;1994;;
4077;Totaal mannen en vrouwen;Totaal;Totaal burgerlijke staat;Beegden;1995;;
4078;Totaal mannen en vrouwen;Totaal;Totaal burgerlijke staat;Beegden;1996;;
4079;Totaal mannen en vrouwen;Totaal;Totaal burgerlijke staat;Beegden;1997;;
4080;Totaal mannen en vrouwen;Totaal;Totaal burgerlijke staat;Beegden;1998;;
4081;Totaal mannen en vrouwen;Totaal;Totaal burgerlijke staat;Beegden;1999;;
4082;Totaal mannen en vrouwen;Totaal;Totaal burgerlijke staat;Beegden;2000;;
4083;Totaal mannen en vrouwen;Totaal;Totaal burgerlijke staat;Beegden;2001;;
4084;Totaal mannen en vrouwen;Totaal;Totaal burgerlijke staat;Beegden;2002;;
4085;Totaal mannen en vrouwen;Totaal;Totaal burgerlijke staat;Beegden;2003;;
4086;Totaal mannen en vrouwen;Totaal;Totaal burgerlijke staat;Beegden;2004;;
4087;Totaal mannen en vrouwen;Totaal;Totaal burgerlijke staat;Beegden;2005;;
4088;Totaal mannen en vrouwen;Totaal;Totaal burgerlijke staat;Beegden;2006;;
4089;Totaal mannen en vrouwen;Totaal;Totaal burgerlijke staat;Beegden;2007;;
4090;Totaal mannen en vrouwen;Totaal;Totaal burgerlijke staat;Beegden;2008;;
4091;Totaal mannen en vrouwen;Totaal;Totaal burgerlijke staat;Beegden;2009;;
4092;Totaal mannen en vrouwen;Totaal;Totaal burgerlijke staat;Beegden;2010;;
4093;Totaal mannen en vrouwen;Totaal;Totaal burgerlijke staat;Beegden;2011;;
4094;Totaal mannen en vrouwen;Totaal;Totaal burgerlijke staat;Beegden;2012;;
4095;Totaal mannen en vrouwen;Totaal;Totaal burgerlijke staat;Beegden;2013;;
4096;Totaal mannen en vrouwen;Totaal;Totaal burgerlijke staat;Beegden;2014;;
4097;Totaal mannen en vrouwen;Totaal;Totaal burgerlijke staat;Beegden;2015;;
4098;Totaal mannen en vrouwen;Totaal;Totaal burgerlijke staat;Beegden;2016;;
4099;Totaal mannen en vrouwen;Totaal;Totaal burgerlijke staat;Beegden;2017;;
4100;Totaal mannen en vrouwen;Totaal;Totaal burgerlijke staat;Beegden;2018;;
4101;Totaal mannen en vrouwen;Totaal;Totaal burgerlijke staat;Beegden;2019;;
4102;Totaal mannen en vrouwen;Totaal;Totaal burgerlijke staat;Beegden;2020;;
4103;Totaal mannen en vrouwen;Totaal;Totaal burgerlijke staat;Beegden;2021;;
4104;Totaal mannen en vrouwen;Totaal;Totaal burgerlijke staat;Beegden;2022;;
4105;Totaal mannen en vrouwen;Totaal;Totaal burgerlijke staat;Beegden;2023;;
4106;Totaal mannen en vrouwen;Totaal;Totaal burgerlijke staat;Beegden;2024;;
4107;Totaal mannen en vrouwen;Totaal;Totaal burgerlijke staat;Beek (L.);1988;16377.0;
4108;Totaal mannen en vrouwen;Totaal;Totaal burgerlijke staat;Beek (L.);1989;16480.0;
4109;Totaal mannen en vrouwen;Totaal;Totaal burgerlijke staat;Beek (L.);1990;16482.0;
4110;Totaal mannen en vrouwen;Totaal;Totaal burgerlijke staat;Beek (L.);1991;16584.0;
4111;Totaal mannen en vrouwen;Totaal;Totaal burgerlijke staat;Beek (L.);1992;16751.0;
4112;Totaal mannen en vrouwen;Totaal;Totaal burgerlijke staat;Beek (L.);1993;16789.0;
4113;Totaal mannen en vrouwen;Totaal;Totaal burgerlijke staat;Beek (L.);1994;17023.0;
4114;Totaal mannen en vrouwen;Totaal;Totaal burgerlijke staat;Beek (L.);1995;17178.0;17203.5
4115;Totaal mannen en vrouwen;Totaal;Totaal burgerlijke staat;Beek (L.);1996;17229.0;17262.0
4116;Totaal mannen en vrouwen;Totaal;Totaal burgerlijke staat;Beek (L.);1997;17295.0;17289.0
4117;Totaal mannen en vrouwen;Totaal;Totaal burgerlijke staat;Beek (L.);1998;17283.0;17214.0
4118;Totaal mannen en vrouwen;Totaal;Totaal burgerlijke staat;Beek (L.);1999;17145.0;17147.5
4119;Totaal mannen en vrouwen;Totaal;Totaal burgerlijke staat;Beek (L.);2000;17150.0;17162.0
4120;Totaal mannen en vrouwen;Totaal;Totaal burgerlijke staat;Beek (L.);2001;17174.0;17147.0
4121;Totaal mannen en vrouwen;Totaal;Totaal burgerlijke staat;Beek (L.);2002;17120.0;17092.5
4122;Totaal mannen en vrouwen;Totaal;Totaal burgerlijke staat;Beek (L.);2003;17065.0;17085.0
4123;Totaal mannen en vrouwen;Totaal;Totaal burgerlijke staat;Beek (L.);2004;17105.0;17062.5
4124;Totaal mannen en vrouwen;Totaal;Totaal burgerlijke staat;Beek (L.);2005;17020.0;16973.0
4125;Totaal mannen en vrouwen;Totaal;Totaal burgerlijke staat;Beek (L.);2006;16926.0;16821.5
4126;Totaal mannen en vrouwen;Totaal;Totaal burgerlijke staat;Beek (L.);2007;16717.0;16706.5
4127;Totaal mannen en vrouwen;Totaal;Totaal burgerlijke staat;Beek (L.);2008;16696.0;16651.5
4128;Totaal mannen en vrouwen;Totaal;Totaal burgerlijke staat;Beek (L.);2009;16607.0;16593.0
4129;Totaal mannen en vrouwen;Totaal;Totaal burgerlijke staat;Beek (L.);2010;16579.0;16563.5
4130;Totaal mannen en vrouwen;Totaal;Totaal burgerlijke staat;Beek (L.);2011;16548.0;16502.5
4131;Totaal mannen en vrouwen;Totaal;Totaal burgerlijke staat;Beek (L.);2012;16457.0;16412.0
4132;Totaal mannen en vrouwen;Totaal;Totaal burgerlijke staat;Beek (L.);2013;16367.0;16319.0
4133;Totaal mannen en vrouwen;Totaal;Totaal burgerlijke staat;Beek (L.);2014;16271.0;16242.5
4134;Totaal mannen en vrouwen;Totaal;Totaal burgerlijke staat;Beek (L.);2015;16214.0;16141.0
4135;Totaal mannen en vrouwen;Totaal;Totaal burgerlijke staat;Beek (L.);2016;16068.0;16009.5
4136;Totaal mannen en vrouwen;Totaal;Totaal burgerlijke staat;Beek (L.);2017;15951.0;15923.0
4137;Totaal mannen en vrouwen;Totaal;Totaal burgerlijke staat;Beek (L.);2018;15895.0;15912.0
4138;Totaal mannen en vrouwen;Totaal;Totaal burgerlijke staat;Beek (L.);2019;15929.0;15897.0
4139;Totaal mannen en vrouwen;Totaal;Totaal burgerlijke staat;Beek (L.);2020;15865.0;15870.0
4140;Totaal mannen en vrouwen;Totaal;Totaal burgerlijke staat;Beek (L.);2021;15875.0;15846.0
4141;Totaal mannen en vrouwen;Totaal;Totaal burgerlijke staat;Beek (L.);2022;15817.0;15974.5
4142;Totaal mannen en vrouwen;Totaal;Totaal burgerlijke staat;Beek (L.);2023;16132.0;16173.5
4143;Totaal mannen en vrouwen;Totaal;Totaal burgerlijke staat;Beek (L.);2024;16215.0;
4144;Totaal mannen en vrouwen;Totaal;Totaal burgerlijke staat;Beek en Donk;1988;9261.0;
4145;Totaal mannen en vrouwen;Totaal;Totaal burgerlijke staat;Beek en Donk;1989;9280.0;
4146;Totaal mannen en vrouwen;Totaal;Totaal burgerlijke staat;Beek en Donk;1990;9304.0;
4147;Totaal mannen en vrouwen;Totaal;Totaal burgerlijke staat;Beek en Donk;1991;9300.0;
4148;Totaal mannen en vrouwen;Totaal;Totaal burgerlijke staat;Beek en Donk;1992;9392.0;
4149;Totaal mannen en vrouwen;Totaal;Totaal burgerlijke staat;Beek en Donk;1993;9432.0;
4150;Totaal mannen en vrouwen;Totaal;Totaal burgerlijke staat;Beek en Donk;1994;9536.0;
4151;Totaal mannen en vrouwen;Totaal;Totaal burgerlijke staat;Beek en Donk;1995;9582.0;9618.5
4152;Totaal mannen en vrouwen;Totaal;Totaal burgerlijke staat;Beek en Donk;1996;9655.0;9652.5
4153;Totaal mannen en vrouwen;Totaal;Totaal burgerlijke staat;Beek en Donk;1997;;
4154;Totaal mannen en vrouwen;Totaal;Totaal burgerlijke staat;Beek en Donk;1998;;
4155;Totaal mannen en vrouwen;Totaal;Totaal burgerlijke staat;Beek en Donk;1999;;
4156;Totaal mannen en vrouwen;Totaal;Totaal burgerlijke staat;Beek en Donk;2000;;
4157;Totaal mannen en vrouwen;Totaal;Totaal burgerlijke staat;Beek en Donk;2001;;
4158;Totaal mannen en vrouwen;Totaal;Totaal burgerlijke staat;Beek en Donk;2002;;
4159;Totaal mannen en vrouwen;Totaal;Totaal burgerlijke staat;Beek en Donk;2003;;
4160;Totaal mannen en vrouwen;Totaal;Totaal burgerlijke staat;Beek en Donk;2004;;
4161;Totaal mannen en vrouwen;Totaal;Totaal burgerlijke staat;Beek en Donk;2005;;
4162;Totaal mannen en vrouwen;Totaal;Totaal burgerlijke staat;Beek en Donk;2006;;
4163;Totaal mannen en vrouwen;Totaal;Totaal burgerlijke staat;Beek en Donk;2007;;
4164;Totaal mannen en vrouwen;Totaal;Totaal burgerlijke staat;Beek en Donk;2008;;
4165;Totaal mannen en vrouwen;Totaal;Totaal burgerlijke staat;Beek en Donk;2009;;
4166;Totaal mannen en vrouwen;Totaal;Totaal burgerlijke staat;Beek en Donk;2010;;
4167;Totaal mannen en vrouwen;Totaal;Totaal burgerlijke staat;Beek en Donk;2011;;
4168;Totaal mannen en vrouwen;Totaal;Totaal burgerlijke staat;Beek en Donk;2012;;
4169;Totaal mannen en vrouwen;Totaal;Totaal burgerlijke staat;Beek en Donk;2013;;
4170;Totaal mannen en vrouwen;Totaal;Totaal burgerlijke staat;Beek en Donk;2014;;
4171;Totaal mannen en vrouwen;Totaal;Totaal burgerlijke staat;Beek en Donk;2015;;
4172;Totaal mannen en vrouwen;Totaal;Totaal burgerlijke staat;Beek en Donk;2016;;
4173;Totaal mannen en vrouwen;Totaal;Totaal burgerlijke staat;Beek en Donk;2017;;
4174;Totaal mannen en vrouwen;Totaal;Totaal burgerlijke staat;Beek en Donk;2018;;
4175;Totaal mannen en vrouwen;Totaal;Totaal burgerlijke staat;Beek en Donk;2019;;
4176;Totaal mannen en vrouwen;Totaal;Totaal burgerlijke staat;Beek en Donk;2020;;
4177;Totaal mannen en vrouwen;Totaal;Totaal burgerlijke staat;Beek en Donk;2021;;
4178;Totaal mannen en vrouwen;Totaal;Totaal burgerlijke staat;Beek en Donk;2022;;
4179;Totaal mannen en vrouwen;Totaal;Totaal burgerlijke staat;Beek en Donk;2023;;
4180;Totaal mannen en vrouwen;Totaal;Totaal burgerlijke staat;Beek en Donk;2024;;
4181;Totaal mannen en vrouwen;Totaal;Totaal burgerlijke staat;Beekdaelen;1988;;
4182;Totaal mannen en vrouwen;Totaal;Totaal burgerlijke staat;Beekdaelen;1989;;
4183;Totaal mannen en vrouwen;Totaal;Totaal burgerlijke staat;Beekdaelen;1990;;
4184;Totaal mannen en vrouwen;Totaal;Totaal burgerlijke staat;Beekdaelen;1991;;
4185;Totaal mannen en vrouwen;Totaal;Totaal burgerlijke staat;Beekdaelen;1992;;
4186;Totaal mannen en vrouwen;Totaal;Totaal burgerlijke staat;Beekdaelen;1993;;
4187;Totaal mannen en vrouwen;Totaal;Totaal burgerlijke staat;Beekdaelen;1994;;
4188;Totaal mannen en vrouwen;Totaal;Totaal burgerlijke staat;Beekdaelen;1995;;
4189;Totaal mannen en vrouwen;Totaal;Totaal burgerlijke staat;Beekdaelen;1996;;
4190;Totaal mannen en vrouwen;Totaal;Totaal burgerlijke staat;Beekdaelen;1997;;
4191;Totaal mannen en vrouwen;Totaal;Totaal burgerlijke staat;Beekdaelen;1998;;
4192;Totaal mannen en vrouwen;Totaal;Totaal burgerlijke staat;Beekdaelen;1999;;
4193;Totaal mannen en vrouwen;Totaal;Totaal burgerlijke staat;Beekdaelen;2000;;
4194;Totaal mannen en vrouwen;Totaal;Totaal burgerlijke staat;Beekdaelen;2001;;
4195;Totaal mannen en vrouwen;Totaal;Totaal burgerlijke staat;Beekdaelen;2002;;
4196;Totaal mannen en vrouwen;Totaal;Totaal burgerlijke staat;Beekdaelen;2003;;
4197;Totaal mannen en vrouwen;Totaal;Totaal burgerlijke staat;Beekdaelen;2004;;
4198;Totaal mannen en vrouwen;Totaal;Totaal burgerlijke staat;Beekdaelen;2005;;
4199;Totaal mannen en vrouwen;Totaal;Totaal burgerlijke staat;Beekdaelen;2006;;
4200;Totaal mannen en vrouwen;Totaal;Totaal burgerlijke staat;Beekdaelen;2007;;
4201;Totaal mannen en vrouwen;Totaal;Totaal burgerlijke staat;Beekdaelen;2008;;
4202;Totaal mannen en vrouwen;Totaal;Totaal burgerlijke staat;Beekdaelen;2009;;
4203;Totaal mannen en vrouwen;Totaal;Totaal burgerlijke staat;Beekdaelen;2010;;
4204;Totaal mannen en vrouwen;Totaal;Totaal burgerlijke staat;Beekdaelen;2011;;
4205;Totaal mannen en vrouwen;Totaal;Totaal burgerlijke staat;Beekdaelen;2012;;
4206;Totaal mannen en vrouwen;Totaal;Totaal burgerlijke staat;Beekdaelen;2013;;
4207;Totaal mannen en vrouwen;Totaal;Totaal burgerlijke staat;Beekdaelen;2014;;
4208;Totaal mannen en vrouwen;Totaal;Totaal burgerlijke staat;Beekdaelen;2015;;
4209;Totaal mannen en vrouwen;Totaal;Totaal burgerlijke staat;Beekdaelen;2016;;
4210;Totaal mannen en vrouwen;Totaal;Totaal burgerlijke staat;Beekdaelen;2017;;
4211;Totaal mannen en vrouwen;Totaal;Totaal burgerlijke staat;Beekdaelen;2018;;
4212;Totaal mannen en vrouwen;Totaal;Totaal burgerlijke staat;Beekdaelen;2019;35727.0;35832.5
4213;Totaal mannen en vrouwen;Totaal;Totaal burgerlijke staat;Beekdaelen;2020;35938.0;36001.5
4214;Totaal mannen en vrouwen;Totaal;Totaal burgerlijke staat;Beekdaelen;2021;36065.0;35993.5
4215;Totaal mannen en vrouwen;Totaal;Totaal burgerlijke staat;Beekdaelen;2022;35922.0;35944.0
4216;Totaal mannen en vrouwen;Totaal;Totaal burgerlijke staat;Beekdaelen;2023;35966.0;35931.0
4217;Totaal mannen en vrouwen;Totaal;Totaal burgerlijke staat;Beekdaelen;2024;35896.0;
4218;Totaal mannen en vrouwen;Totaal;Totaal burgerlijke staat;Beemster;1988;7635.0;
4219;Totaal mannen en vrouwen;Totaal;Totaal burgerlijke staat;Beemster;1989;7676.0;
4220;Totaal mannen en vrouwen;Totaal;Totaal burgerlijke staat;Beemster;1990;7647.0;
4221;Totaal mannen en vrouwen;Totaal;Totaal burgerlijke staat;Beemster;1991;7718.0;
4222;Totaal mannen en vrouwen;Totaal;Totaal burgerlijke staat;Beemster;1992;7873.0;
4223;Totaal mannen en vrouwen;Totaal;Totaal burgerlijke staat;Beemster;1993;7933.0;
4224;Totaal mannen en vrouwen;Totaal;Totaal burgerlijke staat;Beemster;1994;7957.0;
4225;Totaal mannen en vrouwen;Totaal;Totaal burgerlijke staat;Beemster;1995;8055.0;8111.0
4226;Totaal mannen en vrouwen;Totaal;Totaal burgerlijke staat;Beemster;1996;8167.0;8222.5
4227;Totaal mannen en vrouwen;Totaal;Totaal burgerlijke staat;Beemster;1997;8278.0;8290.5
4228;Totaal mannen en vrouwen;Totaal;Totaal burgerlijke staat;Beemster;1998;8303.0;8333.5
4229;Totaal mannen en vrouwen;Totaal;Totaal burgerlijke staat;Beemster;1999;8364.0;8388.0
4230;Totaal mannen en vrouwen;Totaal;Totaal burgerlijke staat;Beemster;2000;8412.0;8431.5
4231;Totaal mannen en vrouwen;Totaal;Totaal burgerlijke staat;Beemster;2001;8451.0;8517.0
4232;Totaal mannen en vrouwen;Totaal;Totaal burgerlijke staat;Beemster;2002;8583.0;8559.5
4233;Totaal mannen en vrouwen;Totaal;Totaal burgerlijke staat;Beemster;2003;8536.0;8538.5
4234;Totaal mannen en vrouwen;Totaal;Totaal burgerlijke staat;Beemster;2004;8541.0;8532.5
4235;Totaal mannen en vrouwen;Totaal;Totaal burgerlijke staat;Beemster;2005;8524.0;8519.5
4236;Totaal mannen en vrouwen;Totaal;Totaal burgerlijke staat;Beemster;2006;8515.0;8495.5
4237;Totaal mannen en vrouwen;Totaal;Totaal burgerlijke staat;Beemster;2007;8476.0;8475.0
4238;Totaal mannen en vrouwen;Totaal;Totaal burgerlijke staat;Beemster;2008;8474.0;8519.0
4239;Totaal mannen en vrouwen;Totaal;Totaal burgerlijke staat;Beemster;2009;8564.0;8574.0
4240;Totaal mannen en vrouwen;Totaal;Totaal burgerlijke staat;Beemster;2010;8584.0;8578.5
4241;Totaal mannen en vrouwen;Totaal;Totaal burgerlijke staat;Beemster;2011;8573.0;8646.0
4242;Totaal mannen en vrouwen;Totaal;Totaal burgerlijke staat;Beemster;2012;8719.0;8752.0
4243;Totaal mannen en vrouwen;Totaal;Totaal burgerlijke staat;Beemster;2013;8785.0;8847.5
4244;Totaal mannen en vrouwen;Totaal;Totaal burgerlijke staat;Beemster;2014;8910.0;8906.5
4245;Totaal mannen en vrouwen;Totaal;Totaal burgerlijke staat;Beemster;2015;8903.0;8930.5
4246;Totaal mannen en vrouwen;Totaal;Totaal burgerlijke staat;Beemster;2016;8958.0;9081.5
4247;Totaal mannen en vrouwen;Totaal;Totaal burgerlijke staat;Beemster;2017;9205.0;9377.5
4248;Totaal mannen en vrouwen;Totaal;Totaal burgerlijke staat;Beemster;2018;9550.0;9649.0
4249;Totaal mannen en vrouwen;Totaal;Totaal burgerlijke staat;Beemster;2019;9748.0;9885.0
4250;Totaal mannen en vrouwen;Totaal;Totaal burgerlijke staat;Beemster;2020;10022.0;10066.0
4251;Totaal mannen en vrouwen;Totaal;Totaal burgerlijke staat;Beemster;2021;10110.0;10406.5
4252;Totaal mannen en vrouwen;Totaal;Totaal burgerlijke staat;Beemster;2022;;
4253;Totaal mannen en vrouwen;Totaal;Totaal burgerlijke staat;Beemster;2023;;
4254;Totaal mannen en vrouwen;Totaal;Totaal burgerlijke staat;Beemster;2024;;
4255;Totaal mannen en vrouwen;Totaal;Totaal burgerlijke staat;Beers;1988;3103.0;
4256;Totaal mannen en vrouwen;Totaal;Totaal burgerlijke staat;Beers;1989;3129.0;
4257;Totaal mannen en vrouwen;Totaal;Totaal burgerlijke staat;Beers;1990;3131.0;
4258;Totaal mannen en vrouwen;Totaal;Totaal burgerlijke staat;Beers;1991;3154.0;
4259;Totaal mannen en vrouwen;Totaal;Totaal burgerlijke staat;Beers;1992;3129.0;
4260;Totaal mannen en vrouwen;Totaal;Totaal burgerlijke staat;Beers;1993;3117.0;
4261;Totaal mannen en vrouwen;Totaal;Totaal burgerlijke staat;Beers;1994;;
4262;Totaal mannen en vrouwen;Totaal;Totaal burgerlijke staat;Beers;1995;;
4263;Totaal mannen en vrouwen;Totaal;Totaal burgerlijke staat;Beers;1996;;
4264;Totaal mannen en vrouwen;Totaal;Totaal burgerlijke staat;Beers;1997;;
4265;Totaal mannen en vrouwen;Totaal;Totaal burgerlijke staat;Beers;1998;;
4266;Totaal mannen en vrouwen;Totaal;Totaal burgerlijke staat;Beers;1999;;
4267;Totaal mannen en vrouwen;Totaal;Totaal burgerlijke staat;Beers;2000;;
4268;Totaal mannen en vrouwen;Totaal;Totaal burgerlijke staat;Beers;2001;;
4269;Totaal mannen en vrouwen;Totaal;Totaal burgerlijke staat;Beers;2002;;
4270;Totaal mannen en vrouwen;Totaal;Totaal burgerlijke staat;Beers;2003;;
4271;Totaal mannen en vrouwen;Totaal;Totaal burgerlijke staat;Beers;2004;;
4272;Totaal mannen en vrouwen;Totaal;Totaal burgerlijke staat;Beers;2005;;
4273;Totaal mannen en vrouwen;Totaal;Totaal burgerlijke staat;Beers;2006;;
4274;Totaal mannen en vrouwen;Totaal;Totaal burgerlijke staat;Beers;2007;;
4275;Totaal mannen en vrouwen;Totaal;Totaal burgerlijke staat;Beers;2008;;
4276;Totaal mannen en vrouwen;Totaal;Totaal burgerlijke staat;Beers;2009;;
4277;Totaal mannen en vrouwen;Totaal;Totaal burgerlijke staat;Beers;2010;;
4278;Totaal mannen en vrouwen;Totaal;Totaal burgerlijke staat;Beers;2011;;
4279;Totaal mannen en vrouwen;Totaal;Totaal burgerlijke staat;Beers;2012;;
4280;Totaal mannen en vrouwen;Totaal;Totaal burgerlijke staat;Beers;2013;;
4281;Totaal mannen en vrouwen;Totaal;Totaal burgerlijke staat;Beers;2014;;
4282;Totaal mannen en vrouwen;Totaal;Totaal burgerlijke staat;Beers;2015;;
4283;Totaal mannen en vrouwen;Totaal;Totaal burgerlijke staat;Beers;2016;;
4284;Totaal mannen en vrouwen;Totaal;Totaal burgerlijke staat;Beers;2017;;
4285;Totaal mannen en vrouwen;Totaal;Totaal burgerlijke staat;Beers;2018;;
4286;Totaal mannen en vrouwen;Totaal;Totaal burgerlijke staat;Beers;2019;;
4287;Totaal mannen en vrouwen;Totaal;Totaal burgerlijke staat;Beers;2020;;
4288;Totaal mannen en vrouwen;Totaal;Totaal burgerlijke staat;Beers;2021;;
4289;Totaal mannen en vrouwen;Totaal;Totaal burgerlijke staat;Beers;2022;;
4290;Totaal mannen en vrouwen;Totaal;Totaal burgerlijke staat;Beers;2023;;
4291;Totaal mannen en vrouwen;Totaal;Totaal burgerlijke staat;Beers;2024;;
4292;Totaal mannen en vrouwen;Totaal;Totaal burgerlijke staat;Beerta;1988;3058.0;
4293;Totaal mannen en vrouwen;Totaal;Totaal burgerlijke staat;Beerta;1989;2986.0;
4294;Totaal mannen en vrouwen;Totaal;Totaal burgerlijke staat;Beerta;1990;7174.0;
4295;Totaal mannen en vrouwen;Totaal;Totaal burgerlijke staat;Beerta;1991;7127.0;
4296;Totaal mannen en vrouwen;Totaal;Totaal burgerlijke staat;Beerta;1992;;
4297;Totaal mannen en vrouwen;Totaal;Totaal burgerlijke staat;Beerta;1993;;
4298;Totaal mannen en vrouwen;Totaal;Totaal burgerlijke staat;Beerta;1994;;
4299;Totaal mannen en vrouwen;Totaal;Totaal burgerlijke staat;Beerta;1995;;
4300;Totaal mannen en vrouwen;Totaal;Totaal burgerlijke staat;Beerta;1996;;
4301;Totaal mannen en vrouwen;Totaal;Totaal burgerlijke staat;Beerta;1997;;
4302;Totaal mannen en vrouwen;Totaal;Totaal burgerlijke staat;Beerta;1998;;
4303;Totaal mannen en vrouwen;Totaal;Totaal burgerlijke staat;Beerta;1999;;
4304;Totaal mannen en vrouwen;Totaal;Totaal burgerlijke staat;Beerta;2000;;
4305;Totaal mannen en vrouwen;Totaal;Totaal burgerlijke staat;Beerta;2001;;
4306;Totaal mannen en vrouwen;Totaal;Totaal burgerlijke staat;Beerta;2002;;
4307;Totaal mannen en vrouwen;Totaal;Totaal burgerlijke staat;Beerta;2003;;
4308;Totaal mannen en vrouwen;Totaal;Totaal burgerlijke staat;Beerta;2004;;
4309;Totaal mannen en vrouwen;Totaal;Totaal burgerlijke staat;Beerta;2005;;
4310;Totaal mannen en vrouwen;Totaal;Totaal burgerlijke staat;Beerta;2006;;
4311;Totaal mannen en vrouwen;Totaal;Totaal burgerlijke staat;Beerta;2007;;
4312;Totaal mannen en vrouwen;Totaal;Totaal burgerlijke staat;Beerta;2008;;
4313;Totaal mannen en vrouwen;Totaal;Totaal burgerlijke staat;Beerta;2009;;
4314;Totaal mannen en vrouwen;Totaal;Totaal burgerlijke staat;Beerta;2010;;
4315;Totaal mannen en vrouwen;Totaal;Totaal burgerlijke staat;Beerta;2011;;
4316;Totaal mannen en vrouwen;Totaal;Totaal burgerlijke staat;Beerta;2012;;
4317;Totaal mannen en vrouwen;Totaal;Totaal burgerlijke staat;Beerta;2013;;
4318;Totaal mannen en vrouwen;Totaal;Totaal burgerlijke staat;Beerta;2014;;
4319;Totaal mannen en vrouwen;Totaal;Totaal burgerlijke staat;Beerta;2015;;
4320;Totaal mannen en vrouwen;Totaal;Totaal burgerlijke staat;Beerta;2016;;
4321;Totaal mannen en vrouwen;Totaal;Totaal burgerlijke staat;Beerta;2017;;
4322;Totaal mannen en vrouwen;Totaal;Totaal burgerlijke staat;Beerta;2018;;
4323;Totaal mannen en vrouwen;Totaal;Totaal burgerlijke staat;Beerta;2019;;
4324;Totaal mannen en vrouwen;Totaal;Totaal burgerlijke staat;Beerta;2020;;
4325;Totaal mannen en vrouwen;Totaal;Totaal burgerlijke staat;Beerta;2021;;
4326;Totaal mannen en vrouwen;Totaal;Totaal burgerlijke staat;Beerta;2022;;
4327;Totaal mannen en vrouwen;Totaal;Totaal burgerlijke staat;Beerta;2023;;
4328;Totaal mannen en vrouwen;Totaal;Totaal burgerlijke staat;Beerta;2024;;
4329;Totaal mannen en vrouwen;Totaal;Totaal burgerlijke staat;Beesel;1988;12444.0;
4330;Totaal mannen en vrouwen;Totaal;Totaal burgerlijke staat;Beesel;1989;12548.0;
4331;Totaal mannen en vrouwen;Totaal;Totaal burgerlijke staat;Beesel;1990;12619.0;
4332;Totaal mannen en vrouwen;Totaal;Totaal burgerlijke staat;Beesel;1991;12754.0;
4333;Totaal mannen en vrouwen;Totaal;Totaal burgerlijke staat;Beesel;1992;12838.0;
4334;Totaal mannen en vrouwen;Totaal;Totaal burgerlijke staat;Beesel;1993;12968.0;
4335;Totaal mannen en vrouwen;Totaal;Totaal burgerlijke staat;Beesel;1994;13038.0;
4336;Totaal mannen en vrouwen;Totaal;Totaal burgerlijke staat;Beesel;1995;13110.0;13122.0
4337;Totaal mannen en vrouwen;Totaal;Totaal burgerlijke staat;Beesel;1996;13134.0;13196.5
4338;Totaal mannen en vrouwen;Totaal;Totaal burgerlijke staat;Beesel;1997;13259.0;13217.0
4339;Totaal mannen en vrouwen;Totaal;Totaal burgerlijke staat;Beesel;1998;13175.0;13169.0
4340;Totaal mannen en vrouwen;Totaal;Totaal burgerlijke staat;Beesel;1999;13163.0;13160.5
4341;Totaal mannen en vrouwen;Totaal;Totaal burgerlijke staat;Beesel;2000;13158.0;13173.5
4342;Totaal mannen en vrouwen;Totaal;Totaal burgerlijke staat;Beesel;2001;13189.0;13296.0
4343;Totaal mannen en vrouwen;Totaal;Totaal burgerlijke staat;Beesel;2002;13403.0;13434.5
4344;Totaal mannen en vrouwen;Totaal;Totaal burgerlijke staat;Beesel;2003;13466.0;13403.5
4345;Totaal mannen en vrouwen;Totaal;Totaal burgerlijke staat;Beesel;2004;13341.0;13371.0
4346;Totaal mannen en vrouwen;Totaal;Totaal burgerlijke staat;Beesel;2005;13401.0;13461.0
4347;Totaal mannen en vrouwen;Totaal;Totaal burgerlijke staat;Beesel;2006;13521.0;13583.5
4348;Totaal mannen en vrouwen;Totaal;Totaal burgerlijke staat;Beesel;2007;13646.0;13644.5
4349;Totaal mannen en vrouwen;Totaal;Totaal burgerlijke staat;Beesel;2008;13643.0;13719.0
4350;Totaal mannen en vrouwen;Totaal;Totaal burgerlijke staat;Beesel;2009;13795.0;13848.5
4351;Totaal mannen en vrouwen;Totaal;Totaal burgerlijke staat;Beesel;2010;13902.0;13873.0
4352;Totaal mannen en vrouwen;Totaal;Totaal burgerlijke staat;Beesel;2011;13844.0;13793.0
4353;Totaal mannen en vrouwen;Totaal;Totaal burgerlijke staat;Beesel;2012;13742.0;13715.0
4354;Totaal mannen en vrouwen;Totaal;Totaal burgerlijke staat;Beesel;2013;13688.0;13652.5
4355;Totaal mannen en vrouwen;Totaal;Totaal burgerlijke staat;Beesel;2014;13617.0;13564.0
4356;Totaal mannen en vrouwen;Totaal;Totaal burgerlijke staat;Beesel;2015;13511.0;13449.5
4357;Totaal mannen en vrouwen;Totaal;Totaal burgerlijke staat;Beesel;2016;13388.0;13396.5
4358;Totaal mannen en vrouwen;Totaal;Totaal burgerlijke staat;Beesel;2017;13405.0;13424.5
4359;Totaal mannen en vrouwen;Totaal;Totaal burgerlijke staat;Beesel;2018;13444.0;13481.5
4360;Totaal mannen en vrouwen;Totaal;Totaal burgerlijke staat;Beesel;2019;13519.0;13500.5
4361;Totaal mannen en vrouwen;Totaal;Totaal burgerlijke staat;Beesel;2020;13482.0;13466.0
4362;Totaal mannen en vrouwen;Totaal;Totaal burgerlijke staat;Beesel;2021;13450.0;13429.0
4363;Totaal mannen en vrouwen;Totaal;Totaal burgerlijke staat;Beesel;2022;13408.0;13428.5
4364;Totaal mannen en vrouwen;Totaal;Totaal burgerlijke staat;Beesel;2023;13449.0;13421.5
4365;Totaal mannen en vrouwen;Totaal;Totaal burgerlijke staat;Beesel;2024;13394.0;
4366;Totaal mannen en vrouwen;Totaal;Totaal burgerlijke staat;Beilen;1988;13832.0;
4367;Totaal mannen en vrouwen;Totaal;Totaal burgerlijke staat;Beilen;1989;14057.0;
4368;Totaal mannen en vrouwen;Totaal;Totaal burgerlijke staat;Beilen;1990;14119.0;
4369;Totaal mannen en vrouwen;Totaal;Totaal burgerlijke staat;Beilen;1991;14089.0;
4370;Totaal mannen en vrouwen;Totaal;Totaal burgerlijke staat;Beilen;1992;14193.0;
4371;Totaal mannen en vrouwen;Totaal;Totaal burgerlijke staat;Beilen;1993;14348.0;
4372;Totaal mannen en vrouwen;Totaal;Totaal burgerlijke staat;Beilen;1994;14532.0;
4373;Totaal mannen en vrouwen;Totaal;Totaal burgerlijke staat;Beilen;1995;14808.0;14880.0
4374;Totaal mannen en vrouwen;Totaal;Totaal burgerlijke staat;Beilen;1996;14952.0;15073.0
4375;Totaal mannen en vrouwen;Totaal;Totaal burgerlijke staat;Beilen;1997;15194.0;15203.5
4376;Totaal mannen en vrouwen;Totaal;Totaal burgerlijke staat;Beilen;1998;;
4377;Totaal mannen en vrouwen;Totaal;Totaal burgerlijke staat;Beilen;1999;;
4378;Totaal mannen en vrouwen;Totaal;Totaal burgerlijke staat;Beilen;2000;;
4379;Totaal mannen en vrouwen;Totaal;Totaal burgerlijke staat;Beilen;2001;;
4380;Totaal mannen en vrouwen;Totaal;Totaal burgerlijke staat;Beilen;2002;;
4381;Totaal mannen en vrouwen;Totaal;Totaal burgerlijke staat;Beilen;2003;;
4382;Totaal mannen en vrouwen;Totaal;Totaal burgerlijke staat;Beilen;2004;;
4383;Totaal mannen en vrouwen;Totaal;Totaal burgerlijke staat;Beilen;2005;;
4384;Totaal mannen en vrouwen;Totaal;Totaal burgerlijke staat;Beilen;2006;;
4385;Totaal mannen en vrouwen;Totaal;Totaal burgerlijke staat;Beilen;2007;;
4386;Totaal mannen en vrouwen;Totaal;Totaal burgerlijke staat;Beilen;2008;;
4387;Totaal mannen en vrouwen;Totaal;Totaal burgerlijke staat;Beilen;2009;;
4388;Totaal mannen en vrouwen;Totaal;Totaal burgerlijke staat;Beilen;2010;;
4389;Totaal mannen en vrouwen;Totaal;Totaal burgerlijke staat;Beilen;2011;;
4390;Totaal mannen en vrouwen;Totaal;Totaal burgerlijke staat;Beilen;2012;;
4391;Totaal mannen en vrouwen;Totaal;Totaal burgerlijke staat;Beilen;2013;;
4392;Totaal mannen en vrouwen;Totaal;Totaal burgerlijke staat;Beilen;2014;;
4393;Totaal mannen en vrouwen;Totaal;Totaal burgerlijke staat;Beilen;2015;;
4394;Totaal mannen en vrouwen;Totaal;Totaal burgerlijke staat;Beilen;2016;;
4395;Totaal mannen en vrouwen;Totaal;Totaal burgerlijke staat;Beilen;2017;;
4396;Totaal mannen en vrouwen;Totaal;Totaal burgerlijke staat;Beilen;2018;;
4397;Totaal mannen en vrouwen;Totaal;Totaal burgerlijke staat;Beilen;2019;;
4398;Totaal mannen en vrouwen;Totaal;Totaal burgerlijke staat;Beilen;2020;;
4399;Totaal mannen en vrouwen;Totaal;Totaal burgerlijke staat;Beilen;2021;;
4400;Totaal mannen en vrouwen;Totaal;Totaal burgerlijke staat;Beilen;2022;;
4401;Totaal mannen en vrouwen;Totaal;Totaal burgerlijke staat;Beilen;2023;;
4402;Totaal mannen en vrouwen;Totaal;Totaal burgerlijke staat;Beilen;2024;;
4403;Totaal mannen en vrouwen;Totaal;Totaal burgerlijke staat;Belfeld;1988;5123.0;
4404;Totaal mannen en vrouwen;Totaal;Totaal burgerlijke staat;Belfeld;1989;5176.0;
4405;Totaal mannen en vrouwen;Totaal;Totaal burgerlijke staat;Belfeld;1990;5207.0;
4406;Totaal mannen en vrouwen;Totaal;Totaal burgerlijke staat;Belfeld;1991;5223.0;
4407;Totaal mannen en vrouwen;Totaal;Totaal burgerlijke staat;Belfeld;1992;5212.0;
4408;Totaal mannen en vrouwen;Totaal;Totaal burgerlijke staat;Belfeld;1993;5233.0;
4409;Totaal mannen en vrouwen;Totaal;Totaal burgerlijke staat;Belfeld;1994;5312.0;
4410;Totaal mannen en vrouwen;Totaal;Totaal burgerlijke staat;Belfeld;1995;5383.0;5369.5
4411;Totaal mannen en vrouwen;Totaal;Totaal burgerlijke staat;Belfeld;1996;5356.0;5365.5
4412;Totaal mannen en vrouwen;Totaal;Totaal burgerlijke staat;Belfeld;1997;5375.0;5390.5
4413;Totaal mannen en vrouwen;Totaal;Totaal burgerlijke staat;Belfeld;1998;5406.0;5411.5
4414;Totaal mannen en vrouwen;Totaal;Totaal burgerlijke staat;Belfeld;1999;5417.0;5412.5
4415;Totaal mannen en vrouwen;Totaal;Totaal burgerlijke staat;Belfeld;2000;5408.0;5428.5
4416;Totaal mannen en vrouwen;Totaal;Totaal burgerlijke staat;Belfeld;2001;;
4417;Totaal mannen en vrouwen;Totaal;Totaal burgerlijke staat;Belfeld;2002;;
4418;Totaal mannen en vrouwen;Totaal;Totaal burgerlijke staat;Belfeld;2003;;
4419;Totaal mannen en vrouwen;Totaal;Totaal burgerlijke staat;Belfeld;2004;;
4420;Totaal mannen en vrouwen;Totaal;Totaal burgerlijke staat;Belfeld;2005;;
4421;Totaal mannen en vrouwen;Totaal;Totaal burgerlijke staat;Belfeld;2006;;
4422;Totaal mannen en vrouwen;Totaal;Totaal burgerlijke staat;Belfeld;2007;;
4423;Totaal mannen en vrouwen;Totaal;Totaal burgerlijke staat;Belfeld;2008;;
4424;Totaal mannen en vrouwen;Totaal;Totaal burgerlijke staat;Belfeld;2009;;
4425;Totaal mannen en vrouwen;Totaal;Totaal burgerlijke staat;Belfeld;2010;;
4426;Totaal mannen en vrouwen;Totaal;Totaal burgerlijke staat;Belfeld;2011;;
4427;Totaal mannen en vrouwen;Totaal;Totaal burgerlijke staat;Belfeld;2012;;
4428;Totaal mannen en vrouwen;Totaal;Totaal burgerlijke staat;Belfeld;2013;;
4429;Totaal mannen en vrouwen;Totaal;Totaal burgerlijke staat;Belfeld;2014;;
4430;Totaal mannen en vrouwen;Totaal;Totaal burgerlijke staat;Belfeld;2015;;
4431;Totaal mannen en vrouwen;Totaal;Totaal burgerlijke staat;Belfeld;2016;;
4432;Totaal mannen en vrouwen;Totaal;Totaal burgerlijke staat;Belfeld;2017;;
4433;Totaal mannen en vrouwen;Totaal;Totaal burgerlijke staat;Belfeld;2018;;
4434;Totaal mannen en vrouwen;Totaal;Totaal burgerlijke staat;Belfeld;2019;;
4435;Totaal mannen en vrouwen;Totaal;Totaal burgerlijke staat;Belfeld;2020;;
4436;Totaal mannen en vrouwen;Totaal;Totaal burgerlijke staat;Belfeld;2021;;
4437;Totaal mannen en vrouwen;Totaal;Totaal burgerlijke staat;Belfeld;2022;;
4438;Totaal mannen en vrouwen;Totaal;Totaal burgerlijke staat;Belfeld;2023;;
4439;Totaal mannen en vrouwen;Totaal;Totaal burgerlijke staat;Belfeld;2024;;
4440;Totaal mannen en vrouwen;Totaal;Totaal burgerlijke staat;Bellingwedde;1988;9461.0;
4441;Totaal mannen en vrouwen;Totaal;Totaal burgerlijke staat;Bellingwedde;1989;9481.0;
4442;Totaal mannen en vrouwen;Totaal;Totaal burgerlijke staat;Bellingwedde;1990;9416.0;
4443;Totaal mannen en vrouwen;Totaal;Totaal burgerlijke staat;Bellingwedde;1991;9418.0;
4444;Totaal mannen en vrouwen;Totaal;Totaal burgerlijke staat;Bellingwedde;1992;9316.0;
4445;Totaal mannen en vrouwen;Totaal;Totaal burgerlijke staat;Bellingwedde;1993;9375.0;
4446;Totaal mannen en vrouwen;Totaal;Totaal burgerlijke staat;Bellingwedde;1994;9424.0;
4447;Totaal mannen en vrouwen;Totaal;Totaal burgerlijke staat;Bellingwedde;1995;9476.0;9475.5
4448;Totaal mannen en vrouwen;Totaal;Totaal burgerlijke staat;Bellingwedde;1996;9475.0;9483.0
4449;Totaal mannen en vrouwen;Totaal;Totaal burgerlijke staat;Bellingwedde;1997;9491.0;9495.5
4450;Totaal mannen en vrouwen;Totaal;Totaal burgerlijke staat;Bellingwedde;1998;9500.0;9500.0
4451;Totaal mannen en vrouwen;Totaal;Totaal burgerlijke staat;Bellingwedde;1999;9500.0;9524.5
4452;Totaal mannen en vrouwen;Totaal;Totaal burgerlijke staat;Bellingwedde;2000;9549.0;9648.5
4453;Totaal mannen en vrouwen;Totaal;Totaal burgerlijke staat;Bellingwedde;2001;9748.0;9735.0
4454;Totaal mannen en vrouwen;Totaal;Totaal burgerlijke staat;Bellingwedde;2002;9722.0;9696.5
4455;Totaal mannen en vrouwen;Totaal;Totaal burgerlijke staat;Bellingwedde;2003;9671.0;9687.5
4456;Totaal mannen en vrouwen;Totaal;Totaal burgerlijke staat;Bellingwedde;2004;9704.0;9699.0
4457;Totaal mannen en vrouwen;Totaal;Totaal burgerlijke staat;Bellingwedde;2005;9694.0;9717.0
4458;Totaal mannen en vrouwen;Totaal;Totaal burgerlijke staat;Bellingwedde;2006;9740.0;9627.0
4459;Totaal mannen en vrouwen;Totaal;Totaal burgerlijke staat;Bellingwedde;2007;9514.0;9505.5
4460;Totaal mannen en vrouwen;Totaal;Totaal burgerlijke staat;Bellingwedde;2008;9497.0;9383.5
4461;Totaal mannen en vrouwen;Totaal;Totaal burgerlijke staat;Bellingwedde;2009;9270.0;9265.5
4462;Totaal mannen en vrouwen;Totaal;Totaal burgerlijke staat;Bellingwedde;2010;9261.0;9331.5
4463;Totaal mannen en vrouwen;Totaal;Totaal burgerlijke staat;Bellingwedde;2011;9402.0;9342.5
4464;Totaal mannen en vrouwen;Totaal;Totaal burgerlijke staat;Bellingwedde;2012;9283.0;9134.0
4465;Totaal mannen en vrouwen;Totaal;Totaal burgerlijke staat;Bellingwedde;2013;8985.0;8952.5
4466;Totaal mannen en vrouwen;Totaal;Totaal burgerlijke staat;Bellingwedde;2014;8920.0;9037.0
4467;Totaal mannen en vrouwen;Totaal;Totaal burgerlijke staat;Bellingwedde;2015;9154.0;9062.5
4468;Totaal mannen en vrouwen;Totaal;Totaal burgerlijke staat;Bellingwedde;2016;8971.0;8945.0
4469;Totaal mannen en vrouwen;Totaal;Totaal burgerlijke staat;Bellingwedde;2017;8919.0;8867.5
4470;Totaal mannen en vrouwen;Totaal;Totaal burgerlijke staat;Bellingwedde;2018;;
4471;Totaal mannen en vrouwen;Totaal;Totaal burgerlijke staat;Bellingwedde;2019;;
4472;Totaal mannen en vrouwen;Totaal;Totaal burgerlijke staat;Bellingwedde;2020;;
4473;Totaal mannen en vrouwen;Totaal;Totaal burgerlijke staat;Bellingwedde;2021;;
4474;Totaal mannen en vrouwen;Totaal;Totaal burgerlijke staat;Bellingwedde;2022;;
4475;Totaal mannen en vrouwen;Totaal;Totaal burgerlijke staat;Bellingwedde;2023;;
4476;Totaal mannen en vrouwen;Totaal;Totaal burgerlijke staat;Bellingwedde;2024;;
4477;Totaal mannen en vrouwen;Totaal;Totaal burgerlijke staat;Bemmel;1988;15742.0;
4478;Totaal mannen en vrouwen;Totaal;Totaal burgerlijke staat;Bemmel;1989;15842.0;
4479;Totaal mannen en vrouwen;Totaal;Totaal burgerlijke staat;Bemmel;1990;15889.0;
4480;Totaal mannen en vrouwen;Totaal;Totaal burgerlijke staat;Bemmel;1991;16007.0;
4481;Totaal mannen en vrouwen;Totaal;Totaal burgerlijke staat;Bemmel;1992;16000.0;
4482;Totaal mannen en vrouwen;Totaal;Totaal burgerlijke staat;Bemmel;1993;16164.0;
4483;Totaal mannen en vrouwen;Totaal;Totaal burgerlijke staat;Bemmel;1994;16343.0;
4484;Totaal mannen en vrouwen;Totaal;Totaal burgerlijke staat;Bemmel;1995;16391.0;16471.0
4485;Totaal mannen en vrouwen;Totaal;Totaal burgerlijke staat;Bemmel;1996;16551.0;16607.5
4486;Totaal mannen en vrouwen;Totaal;Totaal burgerlijke staat;Bemmel;1997;16577.0;16659.0
4487;Totaal mannen en vrouwen;Totaal;Totaal burgerlijke staat;Bemmel;1998;16741.0;17010.0
4488;Totaal mannen en vrouwen;Totaal;Totaal burgerlijke staat;Bemmel;1999;17279.0;17497.0
4489;Totaal mannen en vrouwen;Totaal;Totaal burgerlijke staat;Bemmel;2000;17715.0;17909.5
4490;Totaal mannen en vrouwen;Totaal;Totaal burgerlijke staat;Bemmel;2001;41172.0;41491.0
4491;Totaal mannen en vrouwen;Totaal;Totaal burgerlijke staat;Bemmel;2002;41810.0;42138.5
4492;Totaal mannen en vrouwen;Totaal;Totaal burgerlijke staat;Bemmel;2003;;
4493;Totaal mannen en vrouwen;Totaal;Totaal burgerlijke staat;Bemmel;2004;;
4494;Totaal mannen en vrouwen;Totaal;Totaal burgerlijke staat;Bemmel;2005;;
4495;Totaal mannen en vrouwen;Totaal;Totaal burgerlijke staat;Bemmel;2006;;
4496;Totaal mannen en vrouwen;Totaal;Totaal burgerlijke staat;Bemmel;2007;;
4497;Totaal mannen en vrouwen;Totaal;Totaal burgerlijke staat;Bemmel;2008;;
4498;Totaal mannen en vrouwen;Totaal;Totaal burgerlijke staat;Bemmel;2009;;
4499;Totaal mannen en vrouwen;Totaal;Totaal burgerlijke staat;Bemmel;2010;;
4500;Totaal mannen en vrouwen;Totaal;Totaal burgerlijke staat;Bemmel;2011;;
4501;Totaal mannen en vrouwen;Totaal;Totaal burgerlijke staat;Bemmel;2012;;
4502;Totaal mannen en vrouwen;Totaal;Totaal burgerlijke staat;Bemmel;2013;;
4503;Totaal mannen en vrouwen;Totaal;Totaal burgerlijke staat;Bemmel;2014;;
4504;Totaal mannen en vrouwen;Totaal;Totaal burgerlijke staat;Bemmel;2015;;
4505;Totaal mannen en vrouwen;Totaal;Totaal burgerlijke staat;Bemmel;2016;;
4506;Totaal mannen en vrouwen;Totaal;Totaal burgerlijke staat;Bemmel;2017;;
4507;Totaal mannen en vrouwen;Totaal;Totaal burgerlijke staat;Bemmel;2018;;
4508;Totaal mannen en vrouwen;Totaal;Totaal burgerlijke staat;Bemmel;2019;;
4509;Totaal mannen en vrouwen;Totaal;Totaal burgerlijke staat;Bemmel;2020;;
4510;Totaal mannen en vrouwen;Totaal;Totaal burgerlijke staat;Bemmel;2021;;
4511;Totaal mannen en vrouwen;Totaal;Totaal burgerlijke staat;Bemmel;2022;;
4512;Totaal mannen en vrouwen;Totaal;Totaal burgerlijke staat;Bemmel;2023;;
4513;Totaal mannen en vrouwen;Totaal;Totaal burgerlijke staat;Bemmel;2024;;
4514;Totaal mannen en vrouwen;Totaal;Totaal burgerlijke staat;Bennebroek;1988;5615.0;
4515;Totaal mannen en vrouwen;Totaal;Totaal burgerlijke staat;Bennebroek;1989;5617.0;
4516;Totaal mannen en vrouwen;Totaal;Totaal burgerlijke staat;Bennebroek;1990;5507.0;
4517;Totaal mannen en vrouwen;Totaal;Totaal burgerlijke staat;Bennebroek;1991;5452.0;
4518;Totaal mannen en vrouwen;Totaal;Totaal burgerlijke staat;Bennebroek;1992;5333.0;
4519;Totaal mannen en vrouwen;Totaal;Totaal burgerlijke staat;Bennebroek;1993;5246.0;
4520;Totaal mannen en vrouwen;Totaal;Totaal burgerlijke staat;Bennebroek;1994;5246.0;
4521;Totaal mannen en vrouwen;Totaal;Totaal burgerlijke staat;Bennebroek;1995;5138.0;5118.0
4522;Totaal mannen en vrouwen;Totaal;Totaal burgerlijke staat;Bennebroek;1996;5098.0;5091.0
4523;Totaal mannen en vrouwen;Totaal;Totaal burgerlijke staat;Bennebroek;1997;5084.0;5107.5
4524;Totaal mannen en vrouwen;Totaal;Totaal burgerlijke staat;Bennebroek;1998;5131.0;5107.0
4525;Totaal mannen en vrouwen;Totaal;Totaal burgerlijke staat;Bennebroek;1999;5083.0;5095.5
4526;Totaal mannen en vrouwen;Totaal;Totaal burgerlijke staat;Bennebroek;2000;5108.0;5167.0
4527;Totaal mannen en vrouwen;Totaal;Totaal burgerlijke staat;Bennebroek;2001;5226.0;5277.5
4528;Totaal mannen en vrouwen;Totaal;Totaal burgerlijke staat;Bennebroek;2002;5329.0;5318.0
4529;Totaal mannen en vrouwen;Totaal;Totaal burgerlijke staat;Bennebroek;2003;5307.0;5266.0
4530;Totaal mannen en vrouwen;Totaal;Totaal burgerlijke staat;Bennebroek;2004;5225.0;5185.0
4531;Totaal mannen en vrouwen;Totaal;Totaal burgerlijke staat;Bennebroek;2005;5145.0;5138.0
4532;Totaal mannen en vrouwen;Totaal;Totaal burgerlijke staat;Bennebroek;2006;5131.0;5143.5
4533;Totaal mannen en vrouwen;Totaal;Totaal burgerlijke staat;Bennebroek;2007;5156.0;5125.0
4534;Totaal mannen en vrouwen;Totaal;Totaal burgerlijke staat;Bennebroek;2008;5094.0;5139.5
4535;Totaal mannen en vrouwen;Totaal;Totaal burgerlijke staat;Bennebroek;2009;;
4536;Totaal mannen en vrouwen;Totaal;Totaal burgerlijke staat;Bennebroek;2010;;
4537;Totaal mannen en vrouwen;Totaal;Totaal burgerlijke staat;Bennebroek;2011;;
4538;Totaal mannen en vrouwen;Totaal;Totaal burgerlijke staat;Bennebroek;2012;;
4539;Totaal mannen en vrouwen;Totaal;Totaal burgerlijke staat;Bennebroek;2013;;
4540;Totaal mannen en vrouwen;Totaal;Totaal burgerlijke staat;Bennebroek;2014;;
4541;Totaal mannen en vrouwen;Totaal;Totaal burgerlijke staat;Bennebroek;2015;;
4542;Totaal mannen en vrouwen;Totaal;Totaal burgerlijke staat;Bennebroek;2016;;
4543;Totaal mannen en vrouwen;Totaal;Totaal burgerlijke staat;Bennebroek;2017;;
4544;Totaal mannen en vrouwen;Totaal;Totaal burgerlijke staat;Bennebroek;2018;;
4545;Totaal mannen en vrouwen;Totaal;Totaal burgerlijke staat;Bennebroek;2019;;
4546;Totaal mannen en vrouwen;Totaal;Totaal burgerlijke staat;Bennebroek;2020;;
4547;Totaal mannen en vrouwen;Totaal;Totaal burgerlijke staat;Bennebroek;2021;;
4548;Totaal mannen en vrouwen;Totaal;Totaal burgerlijke staat;Bennebroek;2022;;
4549;Totaal mannen en vrouwen;Totaal;Totaal burgerlijke staat;Bennebroek;2023;;
4550;Totaal mannen en vrouwen;Totaal;Totaal burgerlijke staat;Bennebroek;2024;;
4551;Totaal mannen en vrouwen;Totaal;Totaal burgerlijke staat;Benschop;1988;3166.0;
4552;Totaal mannen en vrouwen;Totaal;Totaal burgerlijke staat;Benschop;1989;;
4553;Totaal mannen en vrouwen;Totaal;Totaal burgerlijke staat;Benschop;1990;;
4554;Totaal mannen en vrouwen;Totaal;Totaal burgerlijke staat;Benschop;1991;;
4555;Totaal mannen en vrouwen;Totaal;Totaal burgerlijke staat;Benschop;1992;;
4556;Totaal mannen en vrouwen;Totaal;Totaal burgerlijke staat;Benschop;1993;;
4557;Totaal mannen en vrouwen;Totaal;Totaal burgerlijke staat;Benschop;1994;;
4558;Totaal mannen en vrouwen;Totaal;Totaal burgerlijke staat;Benschop;1995;;
4559;Totaal mannen en vrouwen;Totaal;Totaal burgerlijke staat;Benschop;1996;;
4560;Totaal mannen en vrouwen;Totaal;Totaal burgerlijke staat;Benschop;1997;;
4561;Totaal mannen en vrouwen;Totaal;Totaal burgerlijke staat;Benschop;1998;;
4562;Totaal mannen en vrouwen;Totaal;Totaal burgerlijke staat;Benschop;1999;;
4563;Totaal mannen en vrouwen;Totaal;Totaal burgerlijke staat;Benschop;2000;;
4564;Totaal mannen en vrouwen;Totaal;Totaal burgerlijke staat;Benschop;2001;;
4565;Totaal mannen en vrouwen;Totaal;Totaal burgerlijke staat;Benschop;2002;;
4566;Totaal mannen en vrouwen;Totaal;Totaal burgerlijke staat;Benschop;2003;;
4567;Totaal mannen en vrouwen;Totaal;Totaal burgerlijke staat;Benschop;2004;;
4568;Totaal mannen en vrouwen;Totaal;Totaal burgerlijke staat;Benschop;2005;;
4569;Totaal mannen en vrouwen;Totaal;Totaal burgerlijke staat;Benschop;2006;;
4570;Totaal mannen en vrouwen;Totaal;Totaal burgerlijke staat;Benschop;2007;;
4571;Totaal mannen en vrouwen;Totaal;Totaal burgerlijke staat;Benschop;2008;;
4572;Totaal mannen en vrouwen;Totaal;Totaal burgerlijke staat;Benschop;2009;;
4573;Totaal mannen en vrouwen;Totaal;Totaal burgerlijke staat;Benschop;2010;;
4574;Totaal mannen en vrouwen;Totaal;Totaal burgerlijke staat;Benschop;2011;;
4575;Totaal mannen en vrouwen;Totaal;Totaal burgerlijke staat;Benschop;2012;;
4576;Totaal mannen en vrouwen;Totaal;Totaal burgerlijke staat;Benschop;2013;;
4577;Totaal mannen en vrouwen;Totaal;Totaal burgerlijke staat;Benschop;2014;;
4578;Totaal mannen en vrouwen;Totaal;Totaal burgerlijke staat;Benschop;2015;;
4579;Totaal mannen en vrouwen;Totaal;Totaal burgerlijke staat;Benschop;2016;;
4580;Totaal mannen en vrouwen;Totaal;Totaal burgerlijke staat;Benschop;2017;;
4581;Totaal mannen en vrouwen;Totaal;Totaal burgerlijke staat;Benschop;2018;;
4582;Totaal mannen en vrouwen;Totaal;Totaal burgerlijke staat;Benschop;2019;;
4583;Totaal mannen en vrouwen;Totaal;Totaal burgerlijke staat;Benschop;2020;;
4584;Totaal mannen en vrouwen;Totaal;Totaal burgerlijke staat;Benschop;2021;;
4585;Totaal mannen en vrouwen;Totaal;Totaal burgerlijke staat;Benschop;2022;;
4586;Totaal mannen en vrouwen;Totaal;Totaal burgerlijke staat;Benschop;2023;;
4587;Totaal mannen en vrouwen;Totaal;Totaal burgerlijke staat;Benschop;2024;;
4588;Totaal mannen en vrouwen;Totaal;Totaal burgerlijke staat;Benthuizen;1988;3621.0;
4589;Totaal mannen en vrouwen;Totaal;Totaal burgerlijke staat;Benthuizen;1989;3653.0;
4590;Totaal mannen en vrouwen;Totaal;Totaal burgerlijke staat;Benthuizen;1990;3667.0;
4591;Totaal mannen en vrouwen;Totaal;Totaal burgerlijke staat;Benthuizen;1991;;
4592;Totaal mannen en vrouwen;Totaal;Totaal burgerlijke staat;Benthuizen;1992;;
4593;Totaal mannen en vrouwen;Totaal;Totaal burgerlijke staat;Benthuizen;1993;;
4594;Totaal mannen en vrouwen;Totaal;Totaal burgerlijke staat;Benthuizen;1994;;
4595;Totaal mannen en vrouwen;Totaal;Totaal burgerlijke staat;Benthuizen;1995;;
4596;Totaal mannen en vrouwen;Totaal;Totaal burgerlijke staat;Benthuizen;1996;;
4597;Totaal mannen en vrouwen;Totaal;Totaal burgerlijke staat;Benthuizen;1997;;
4598;Totaal mannen en vrouwen;Totaal;Totaal burgerlijke staat;Benthuizen;1998;;
4599;Totaal mannen en vrouwen;Totaal;Totaal burgerlijke staat;Benthuizen;1999;;
4600;Totaal mannen en vrouwen;Totaal;Totaal burgerlijke staat;Benthuizen;2000;;
4601;Totaal mannen en vrouwen;Totaal;Totaal burgerlijke staat;Benthuizen;2001;;
4602;Totaal mannen en vrouwen;Totaal;Totaal burgerlijke staat;Benthuizen;2002;;
4603;Totaal mannen en vrouwen;Totaal;Totaal burgerlijke staat;Benthuizen;2003;;
4604;Totaal mannen en vrouwen;Totaal;Totaal burgerlijke staat;Benthuizen;2004;;
4605;Totaal mannen en vrouwen;Totaal;Totaal burgerlijke staat;Benthuizen;2005;;
4606;Totaal mannen en vrouwen;Totaal;Totaal burgerlijke staat;Benthuizen;2006;;
4607;Totaal mannen en vrouwen;Totaal;Totaal burgerlijke staat;Benthuizen;2007;;
4608;Totaal mannen en vrouwen;Totaal;Totaal burgerlijke staat;Benthuizen;2008;;
4609;Totaal mannen en vrouwen;Totaal;Totaal burgerlijke staat;Benthuizen;2009;;
4610;Totaal mannen en vrouwen;Totaal;Totaal burgerlijke staat;Benthuizen;2010;;
4611;Totaal mannen en vrouwen;Totaal;Totaal burgerlijke staat;Benthuizen;2011;;
4612;Totaal mannen en vrouwen;Totaal;Totaal burgerlijke staat;Benthuizen;2012;;
4613;Totaal mannen en vrouwen;Totaal;Totaal burgerlijke staat;Benthuizen;2013;;
4614;Totaal mannen en vrouwen;Totaal;Totaal burgerlijke staat;Benthuizen;2014;;
4615;Totaal mannen en vrouwen;Totaal;Totaal burgerlijke staat;Benthuizen;2015;;
4616;Totaal mannen en vrouwen;Totaal;Totaal burgerlijke staat;Benthuizen;2016;;
4617;Totaal mannen en vrouwen;Totaal;Totaal burgerlijke staat;Benthuizen;2017;;
4618;Totaal mannen en vrouwen;Totaal;Totaal burgerlijke staat;Benthuizen;2018;;
4619;Totaal mannen en vrouwen;Totaal;Totaal burgerlijke staat;Benthuizen;2019;;
4620;Totaal mannen en vrouwen;Totaal;Totaal burgerlijke staat;Benthuizen;2020;;
4621;Totaal mannen en vrouwen;Totaal;Totaal burgerlijke staat;Benthuizen;2021;;
4622;Totaal mannen en vrouwen;Totaal;Totaal burgerlijke staat;Benthuizen;2022;;
4623;Totaal mannen en vrouwen;Totaal;Totaal burgerlijke staat;Benthuizen;2023;;
4624;Totaal mannen en vrouwen;Totaal;Totaal burgerlijke staat;Benthuizen;2024;;
4625;Totaal mannen en vrouwen;Totaal;Totaal burgerlijke staat;Berg en Dal;1988;;
4626;Totaal mannen en vrouwen;Totaal;Totaal burgerlijke staat;Berg en Dal;1989;;
4627;Totaal mannen en vrouwen;Totaal;Totaal burgerlijke staat;Berg en Dal;1990;;
4628;Totaal mannen en vrouwen;Totaal;Totaal burgerlijke staat;Berg en Dal;1991;;
4629;Totaal mannen en vrouwen;Totaal;Totaal burgerlijke staat;Berg en Dal;1992;;
4630;Totaal mannen en vrouwen;Totaal;Totaal burgerlijke staat;Berg en Dal;1993;;
4631;Totaal mannen en vrouwen;Totaal;Totaal burgerlijke staat;Berg en Dal;1994;;
4632;Totaal mannen en vrouwen;Totaal;Totaal burgerlijke staat;Berg en Dal;1995;;
4633;Totaal mannen en vrouwen;Totaal;Totaal burgerlijke staat;Berg en Dal;1996;;
4634;Totaal mannen en vrouwen;Totaal;Totaal burgerlijke staat;Berg en Dal;1997;;
4635;Totaal mannen en vrouwen;Totaal;Totaal burgerlijke staat;Berg en Dal;1998;;
4636;Totaal mannen en vrouwen;Totaal;Totaal burgerlijke staat;Berg en Dal;1999;;
4637;Totaal mannen en vrouwen;Totaal;Totaal burgerlijke staat;Berg en Dal;2000;;
4638;Totaal mannen en vrouwen;Totaal;Totaal burgerlijke staat;Berg en Dal;2001;;
4639;Totaal mannen en vrouwen;Totaal;Totaal burgerlijke staat;Berg en Dal;2002;;
4640;Totaal mannen en vrouwen;Totaal;Totaal burgerlijke staat;Berg en Dal;2003;;
4641;Totaal mannen en vrouwen;Totaal;Totaal burgerlijke staat;Berg en Dal;2004;;
4642;Totaal mannen en vrouwen;Totaal;Totaal burgerlijke staat;Berg en Dal;2005;;
4643;Totaal mannen en vrouwen;Totaal;Totaal burgerlijke staat;Berg en Dal;2006;;
4644;Totaal mannen en vrouwen;Totaal;Totaal burgerlijke staat;Berg en Dal;2007;;
4645;Totaal mannen en vrouwen;Totaal;Totaal burgerlijke staat;Berg en Dal;2008;;
4646;Totaal mannen en vrouwen;Totaal;Totaal burgerlijke staat;Berg en Dal;2009;;
4647;Totaal mannen en vrouwen;Totaal;Totaal burgerlijke staat;Berg en Dal;2010;;
4648;Totaal mannen en vrouwen;Totaal;Totaal burgerlijke staat;Berg en Dal;2011;;
4649;Totaal mannen en vrouwen;Totaal;Totaal burgerlijke staat;Berg en Dal;2012;;
4650;Totaal mannen en vrouwen;Totaal;Totaal burgerlijke staat;Berg en Dal;2013;;
4651;Totaal mannen en vrouwen;Totaal;Totaal burgerlijke staat;Berg en Dal;2014;;
4652;Totaal mannen en vrouwen;Totaal;Totaal burgerlijke staat;Berg en Dal;2015;;
4653;Totaal mannen en vrouwen;Totaal;Totaal burgerlijke staat;Berg en Dal;2016;34574.0;34669.0
4654;Totaal mannen en vrouwen;Totaal;Totaal burgerlijke staat;Berg en Dal;2017;34764.0;34756.0
4655;Totaal mannen en vrouwen;Totaal;Totaal burgerlijke staat;Berg en Dal;2018;34748.0;34760.5
4656;Totaal mannen en vrouwen;Totaal;Totaal burgerlijke staat;Berg en Dal;2019;34798.0;34895.0
4657;Totaal mannen en vrouwen;Totaal;Totaal burgerlijke staat;Berg en Dal;2020;34992.0;35001.0
4658;Totaal mannen en vrouwen;Totaal;Totaal burgerlijke staat;Berg en Dal;2021;35010.0;34980.5
4659;Totaal mannen en vrouwen;Totaal;Totaal burgerlijke staat;Berg en Dal;2022;34951.0;35185.5
4660;Totaal mannen en vrouwen;Totaal;Totaal burgerlijke staat;Berg en Dal;2023;35420.0;35447.0
4661;Totaal mannen en vrouwen;Totaal;Totaal burgerlijke staat;Berg en Dal;2024;35474.0;
4662;Totaal mannen en vrouwen;Totaal;Totaal burgerlijke staat;Bergambacht;1988;9066.0;
4663;Totaal mannen en vrouwen;Totaal;Totaal burgerlijke staat;Bergambacht;1989;9146.0;
4664;Totaal mannen en vrouwen;Totaal;Totaal burgerlijke staat;Bergambacht;1990;9136.0;
4665;Totaal mannen en vrouwen;Totaal;Totaal burgerlijke staat;Bergambacht;1991;9144.0;
4666;Totaal mannen en vrouwen;Totaal;Totaal burgerlijke staat;Bergambacht;1992;9211.0;
4667;Totaal mannen en vrouwen;Totaal;Totaal burgerlijke staat;Bergambacht;1993;9212.0;
4668;Totaal mannen en vrouwen;Totaal;Totaal burgerlijke staat;Bergambacht;1994;9235.0;
4669;Totaal mannen en vrouwen;Totaal;Totaal burgerlijke staat;Bergambacht;1995;9313.0;9294.0
4670;Totaal mannen en vrouwen;Totaal;Totaal burgerlijke staat;Bergambacht;1996;9275.0;9259.5
4671;Totaal mannen en vrouwen;Totaal;Totaal burgerlijke staat;Bergambacht;1997;9244.0;9208.5
4672;Totaal mannen en vrouwen;Totaal;Totaal burgerlijke staat;Bergambacht;1998;9173.0;9190.5
4673;Totaal mannen en vrouwen;Totaal;Totaal burgerlijke staat;Bergambacht;1999;9208.0;9208.5
4674;Totaal mannen en vrouwen;Totaal;Totaal burgerlijke staat;Bergambacht;2000;9209.0;9239.0
4675;Totaal mannen en vrouwen;Totaal;Totaal burgerlijke staat;Bergambacht;2001;9269.0;9247.0
4676;Totaal mannen en vrouwen;Totaal;Totaal burgerlijke staat;Bergambacht;2002;9225.0;9226.0
4677;Totaal mannen en vrouwen;Totaal;Totaal burgerlijke staat;Bergambacht;2003;9227.0;9253.5
4678;Totaal mannen en vrouwen;Totaal;Totaal burgerlijke staat;Bergambacht;2004;9280.0;9274.5
4679;Totaal mannen en vrouwen;Totaal;Totaal burgerlijke staat;Bergambacht;2005;9269.0;9333.5
4680;Totaal mannen en vrouwen;Totaal;Totaal burgerlijke staat;Bergambacht;2006;9398.0;9440.0
4681;Totaal mannen en vrouwen;Totaal;Totaal burgerlijke staat;Bergambacht;2007;9482.0;9499.5
4682;Totaal mannen en vrouwen;Totaal;Totaal burgerlijke staat;Bergambacht;2008;9517.0;9583.0
4683;Totaal mannen en vrouwen;Totaal;Totaal burgerlijke staat;Bergambacht;2009;9649.0;9689.0
4684;Totaal mannen en vrouwen;Totaal;Totaal burgerlijke staat;Bergambacht;2010;9729.0;9765.0
4685;Totaal mannen en vrouwen;Totaal;Totaal burgerlijke staat;Bergambacht;2011;9801.0;9854.5
4686;Totaal mannen en vrouwen;Totaal;Totaal burgerlijke staat;Bergambacht;2012;9908.0;9923.0
4687;Totaal mannen en vrouwen;Totaal;Totaal burgerlijke staat;Bergambacht;2013;9938.0;9954.0
4688;Totaal mannen en vrouwen;Totaal;Totaal burgerlijke staat;Bergambacht;2014;9970.0;10078.0
4689;Totaal mannen en vrouwen;Totaal;Totaal burgerlijke staat;Bergambacht;2015;;
4690;Totaal mannen en vrouwen;Totaal;Totaal burgerlijke staat;Bergambacht;2016;;
4691;Totaal mannen en vrouwen;Totaal;Totaal burgerlijke staat;Bergambacht;2017;;
4692;Totaal mannen en vrouwen;Totaal;Totaal burgerlijke staat;Bergambacht;2018;;
4693;Totaal mannen en vrouwen;Totaal;Totaal burgerlijke staat;Bergambacht;2019;;
4694;Totaal mannen en vrouwen;Totaal;Totaal burgerlijke staat;Bergambacht;2020;;
4695;Totaal mannen en vrouwen;Totaal;Totaal burgerlijke staat;Bergambacht;2021;;
4696;Totaal mannen en vrouwen;Totaal;Totaal burgerlijke staat;Bergambacht;2022;;
4697;Totaal mannen en vrouwen;Totaal;Totaal burgerlijke staat;Bergambacht;2023;;
4698;Totaal mannen en vrouwen;Totaal;Totaal burgerlijke staat;Bergambacht;2024;;
4699;Totaal mannen en vrouwen;Totaal;Totaal burgerlijke staat;Bergeijk;1988;;
4700;Totaal mannen en vrouwen;Totaal;Totaal burgerlijke staat;Bergeijk;1989;;
4701;Totaal mannen en vrouwen;Totaal;Totaal burgerlijke staat;Bergeijk;1990;;
4702;Totaal mannen en vrouwen;Totaal;Totaal burgerlijke staat;Bergeijk;1991;;
4703;Totaal mannen en vrouwen;Totaal;Totaal burgerlijke staat;Bergeijk;1992;;
4704;Totaal mannen en vrouwen;Totaal;Totaal burgerlijke staat;Bergeijk;1993;;
4705;Totaal mannen en vrouwen;Totaal;Totaal burgerlijke staat;Bergeijk;1994;;
4706;Totaal mannen en vrouwen;Totaal;Totaal burgerlijke staat;Bergeijk;1995;;
4707;Totaal mannen en vrouwen;Totaal;Totaal burgerlijke staat;Bergeijk;1996;;
4708;Totaal mannen en vrouwen;Totaal;Totaal burgerlijke staat;Bergeijk;1997;;
4709;Totaal mannen en vrouwen;Totaal;Totaal burgerlijke staat;Bergeijk;1998;;
4710;Totaal mannen en vrouwen;Totaal;Totaal burgerlijke staat;Bergeijk;1999;17771.0;17838.5
4711;Totaal mannen en vrouwen;Totaal;Totaal burgerlijke staat;Bergeijk;2000;17906.0;17936.0
4712;Totaal mannen en vrouwen;Totaal;Totaal burgerlijke staat;Bergeijk;2001;17966.0;17970.0
4713;Totaal mannen en vrouwen;Totaal;Totaal burgerlijke staat;Bergeijk;2002;17974.0;18033.5
4714;Totaal mannen en vrouwen;Totaal;Totaal burgerlijke staat;Bergeijk;2003;18093.0;18115.0
4715;Totaal mannen en vrouwen;Totaal;Totaal burgerlijke staat;Bergeijk;2004;18137.0;18118.5
4716;Totaal mannen en vrouwen;Totaal;Totaal burgerlijke staat;Bergeijk;2005;18100.0;18080.0
4717;Totaal mannen en vrouwen;Totaal;Totaal burgerlijke staat;Bergeijk;2006;18060.0;18077.0
4718;Totaal mannen en vrouwen;Totaal;Totaal burgerlijke staat;Bergeijk;2007;18094.0;18096.5
4719;Totaal mannen en vrouwen;Totaal;Totaal burgerlijke staat;Bergeijk;2008;18099.0;18093.0
4720;Totaal mannen en vrouwen;Totaal;Totaal burgerlijke staat;Bergeijk;2009;18087.0;18074.0
4721;Totaal mannen en vrouwen;Totaal;Totaal burgerlijke staat;Bergeijk;2010;18061.0;18067.0
4722;Totaal mannen en vrouwen;Totaal;Totaal burgerlijke staat;Bergeijk;2011;18073.0;18098.0
4723;Totaal mannen en vrouwen;Totaal;Totaal burgerlijke staat;Bergeijk;2012;18123.0;18157.0
4724;Totaal mannen en vrouwen;Totaal;Totaal burgerlijke staat;Bergeijk;2013;18191.0;18223.5
4725;Totaal mannen en vrouwen;Totaal;Totaal burgerlijke staat;Bergeijk;2014;18256.0;18232.5
4726;Totaal mannen en vrouwen;Totaal;Totaal burgerlijke staat;Bergeijk;2015;18209.0;18231.0
4727;Totaal mannen en vrouwen;Totaal;Totaal burgerlijke staat;Bergeijk;2016;18253.0;18297.5
4728;Totaal mannen en vrouwen;Totaal;Totaal burgerlijke staat;Bergeijk;2017;18342.0;18370.0
4729;Totaal mannen en vrouwen;Totaal;Totaal burgerlijke staat;Bergeijk;2018;18398.0;18444.5
4730;Totaal mannen en vrouwen;Totaal;Totaal burgerlijke staat;Bergeijk;2019;18491.0;18563.0
4731;Totaal mannen en vrouwen;Totaal;Totaal burgerlijke staat;Bergeijk;2020;18635.0;18694.5
4732;Totaal mannen en vrouwen;Totaal;Totaal burgerlijke staat;Bergeijk;2021;18754.0;18816.5
4733;Totaal mannen en vrouwen;Totaal;Totaal burgerlijke staat;Bergeijk;2022;18879.0;18985.5
4734;Totaal mannen en vrouwen;Totaal;Totaal burgerlijke staat;Bergeijk;2023;19092.0;19144.0
4735;Totaal mannen en vrouwen;Totaal;Totaal burgerlijke staat;Bergeijk;2024;19196.0;
4736;Totaal mannen en vrouwen;Totaal;Totaal burgerlijke staat;Bergen (L.);1988;12874.0;
4737;Totaal mannen en vrouwen;Totaal;Totaal burgerlijke staat;Bergen (L.);1989;12894.0;
4738;Totaal mannen en vrouwen;Totaal;Totaal burgerlijke staat;Bergen (L.);1990;12945.0;
4739;Totaal mannen en vrouwen;Totaal;Totaal burgerlijke staat;Bergen (L.);1991;12937.0;
4740;Totaal mannen en vrouwen;Totaal;Totaal burgerlijke staat;Bergen (L.);1992;12943.0;
4741;Totaal mannen en vrouwen;Totaal;Totaal burgerlijke staat;Bergen (L.);1993;13047.0;
4742;Totaal mannen en vrouwen;Totaal;Totaal burgerlijke staat;Bergen (L.);1994;13089.0;
4743;Totaal mannen en vrouwen;Totaal;Totaal burgerlijke staat;Bergen (L.);1995;13231.0;13237.0
4744;Totaal mannen en vrouwen;Totaal;Totaal burgerlijke staat;Bergen (L.);1996;13243.0;13300.0
4745;Totaal mannen en vrouwen;Totaal;Totaal burgerlijke staat;Bergen (L.);1997;13357.0;13369.5
4746;Totaal mannen en vrouwen;Totaal;Totaal burgerlijke staat;Bergen (L.);1998;13382.0;13373.0
4747;Totaal mannen en vrouwen;Totaal;Totaal burgerlijke staat;Bergen (L.);1999;13364.0;13363.0
4748;Totaal mannen en vrouwen;Totaal;Totaal burgerlijke staat;Bergen (L.);2000;13362.0;13403.0
4749;Totaal mannen en vrouwen;Totaal;Totaal burgerlijke staat;Bergen (L.);2001;13444.0;13491.5
4750;Totaal mannen en vrouwen;Totaal;Totaal burgerlijke staat;Bergen (L.);2002;13539.0;13501.0
4751;Totaal mannen en vrouwen;Totaal;Totaal burgerlijke staat;Bergen (L.);2003;13463.0;13470.0
4752;Totaal mannen en vrouwen;Totaal;Totaal burgerlijke staat;Bergen (L.);2004;13477.0;13526.5
4753;Totaal mannen en vrouwen;Totaal;Totaal burgerlijke staat;Bergen (L.);2005;13576.0;13594.0
4754;Totaal mannen en vrouwen;Totaal;Totaal burgerlijke staat;Bergen (L.);2006;13612.0;13586.5
4755;Totaal mannen en vrouwen;Totaal;Totaal burgerlijke staat;Bergen (L.);2007;13561.0;13530.0
4756;Totaal mannen en vrouwen;Totaal;Totaal burgerlijke staat;Bergen (L.);2008;13499.0;13450.5
4757;Totaal mannen en vrouwen;Totaal;Totaal burgerlijke staat;Bergen (L.);2009;13402.0;13396.5
4758;Totaal mannen en vrouwen;Totaal;Totaal burgerlijke staat;Bergen (L.);2010;13391.0;13370.5
4759;Totaal mannen en vrouwen;Totaal;Totaal burgerlijke staat;Bergen (L.);2011;13350.0;13318.0
4760;Totaal mannen en vrouwen;Totaal;Totaal burgerlijke staat;Bergen (L.);2012;13286.0;13280.5
4761;Totaal mannen en vrouwen;Totaal;Totaal burgerlijke staat;Bergen (L.);2013;13275.0;13256.0
4762;Totaal mannen en vrouwen;Totaal;Totaal burgerlijke staat;Bergen (L.);2014;13237.0;13194.5
4763;Totaal mannen en vrouwen;Totaal;Totaal burgerlijke staat;Bergen (L.);2015;13152.0;13121.0
4764;Totaal mannen en vrouwen;Totaal;Totaal burgerlijke staat;Bergen (L.);2016;13090.0;13092.5
4765;Totaal mannen en vrouwen;Totaal;Totaal burgerlijke staat;Bergen (L.);2017;13095.0;13100.5
4766;Totaal mannen en vrouwen;Totaal;Totaal burgerlijke staat;Bergen (L.);2018;13106.0;13123.0
4767;Totaal mannen en vrouwen;Totaal;Totaal burgerlijke staat;Bergen (L.);2019;13140.0;13112.5
4768;Totaal mannen en vrouwen;Totaal;Totaal burgerlijke staat;Bergen (L.);2020;13085.0;13096.5
4769;Totaal mannen en vrouwen;Totaal;Totaal burgerlijke staat;Bergen (L.);2021;13108.0;13107.0
4770;Totaal mannen en vrouwen;Totaal;Totaal burgerlijke staat;Bergen (L.);2022;13106.0;13112.5
4771;Totaal mannen en vrouwen;Totaal;Totaal burgerlijke staat;Bergen (L.);2023;13119.0;13136.5
4772;Totaal mannen en vrouwen;Totaal;Totaal burgerlijke staat;Bergen (L.);2024;13154.0;
4773;Totaal mannen en vrouwen;Totaal;Totaal burgerlijke staat;Bergen (NH.);1988;14096.0;
4774;Totaal mannen en vrouwen;Totaal;Totaal burgerlijke staat;Bergen (NH.);1989;14075.0;
4775;Totaal mannen en vrouwen;Totaal;Totaal burgerlijke staat;Bergen (NH.);1990;14085.0;
4776;Totaal mannen en vrouwen;Totaal;Totaal burgerlijke staat;Bergen (NH.);1991;14056.0;
4777;Totaal mannen en vrouwen;Totaal;Totaal burgerlijke staat;Bergen (NH.);1992;14048.0;
4778;Totaal mannen en vrouwen;Totaal;Totaal burgerlijke staat;Bergen (NH.);1993;14024.0;
4779;Totaal mannen en vrouwen;Totaal;Totaal burgerlijke staat;Bergen (NH.);1994;14247.0;
4780;Totaal mannen en vrouwen;Totaal;Totaal burgerlijke staat;Bergen (NH.);1995;14166.0;14164.0
4781;Totaal mannen en vrouwen;Totaal;Totaal burgerlijke staat;Bergen (NH.);1996;14162.0;14153.0
4782;Totaal mannen en vrouwen;Totaal;Totaal burgerlijke staat;Bergen (NH.);1997;14144.0;14134.5
4783;Totaal mannen en vrouwen;Totaal;Totaal burgerlijke staat;Bergen (NH.);1998;14125.0;14008.5
4784;Totaal mannen en vrouwen;Totaal;Totaal burgerlijke staat;Bergen (NH.);1999;13892.0;13814.0
4785;Totaal mannen en vrouwen;Totaal;Totaal burgerlijke staat;Bergen (NH.);2000;13736.0;13739.5
4786;Totaal mannen en vrouwen;Totaal;Totaal burgerlijke staat;Bergen (NH.);2001;31687.0;31806.5
4787;Totaal mannen en vrouwen;Totaal;Totaal burgerlijke staat;Bergen (NH.);2002;31926.0;31834.0
4788;Totaal mannen en vrouwen;Totaal;Totaal burgerlijke staat;Bergen (NH.);2003;31742.0;31740.0
4789;Totaal mannen en vrouwen;Totaal;Totaal burgerlijke staat;Bergen (NH.);2004;31738.0;31716.0
4790;Totaal mannen en vrouwen;Totaal;Totaal burgerlijke staat;Bergen (NH.);2005;31694.0;31599.5
4791;Totaal mannen en vrouwen;Totaal;Totaal burgerlijke staat;Bergen (NH.);2006;31505.0;31418.5
4792;Totaal mannen en vrouwen;Totaal;Totaal burgerlijke staat;Bergen (NH.);2007;31332.0;31276.0
4793;Totaal mannen en vrouwen;Totaal;Totaal burgerlijke staat;Bergen (NH.);2008;31220.0;31187.0
4794;Totaal mannen en vrouwen;Totaal;Totaal burgerlijke staat;Bergen (NH.);2009;31154.0;31069.5
4795;Totaal mannen en vrouwen;Totaal;Totaal burgerlijke staat;Bergen (NH.);2010;30985.0;30926.5
4796;Totaal mannen en vrouwen;Totaal;Totaal burgerlijke staat;Bergen (NH.);2011;30868.0;30775.0
4797;Totaal mannen en vrouwen;Totaal;Totaal burgerlijke staat;Bergen (NH.);2012;30682.0;30507.5
4798;Totaal mannen en vrouwen;Totaal;Totaal burgerlijke staat;Bergen (NH.);2013;30333.0;30204.5
4799;Totaal mannen en vrouwen;Totaal;Totaal burgerlijke staat;Bergen (NH.);2014;30076.0;30040.5
4800;Totaal mannen en vrouwen;Totaal;Totaal burgerlijke staat;Bergen (NH.);2015;30005.0;29974.0
4801;Totaal mannen en vrouwen;Totaal;Totaal burgerlijke staat;Bergen (NH.);2016;29943.0;29893.5
4802;Totaal mannen en vrouwen;Totaal;Totaal burgerlijke staat;Bergen (NH.);2017;29844.0;29892.5
4803;Totaal mannen en vrouwen;Totaal;Totaal burgerlijke staat;Bergen (NH.);2018;29941.0;29957.5
4804;Totaal mannen en vrouwen;Totaal;Totaal burgerlijke staat;Bergen (NH.);2019;29974.0;29906.5
4805;Totaal mannen en vrouwen;Totaal;Totaal burgerlijke staat;Bergen (NH.);2020;29839.0;29777.0
4806;Totaal mannen en vrouwen;Totaal;Totaal burgerlijke staat;Bergen (NH.);2021;29715.0;29719.0
4807;Totaal mannen en vrouwen;Totaal;Totaal burgerlijke staat;Bergen (NH.);2022;29723.0;29930.5
4808;Totaal mannen en vrouwen;Totaal;Totaal burgerlijke staat;Bergen (NH.);2023;30138.0;30035.0
4809;Totaal mannen en vrouwen;Totaal;Totaal burgerlijke staat;Bergen (NH.);2024;29932.0;
4810;Totaal mannen en vrouwen;Totaal;Totaal burgerlijke staat;Bergen op Zoom;1988;46609.0;
4811;Totaal mannen en vrouwen;Totaal;Totaal burgerlijke staat;Bergen op Zoom;1989;46842.0;
4812;Totaal mannen en vrouwen;Totaal;Totaal burgerlijke staat;Bergen op Zoom;1990;46870.0;
4813;Totaal mannen en vrouwen;Totaal;Totaal burgerlijke staat;Bergen op Zoom;1991;46900.0;
4814;Totaal mannen en vrouwen;Totaal;Totaal burgerlijke staat;Bergen op Zoom;1992;47259.0;
4815;Totaal mannen en vrouwen;Totaal;Totaal burgerlijke staat;Bergen op Zoom;1993;47546.0;
4816;Totaal mannen en vrouwen;Totaal;Totaal burgerlijke staat;Bergen op Zoom;1994;47483.0;
4817;Totaal mannen en vrouwen;Totaal;Totaal burgerlijke staat;Bergen op Zoom;1995;47915.0;48325.0
4818;Totaal mannen en vrouwen;Totaal;Totaal burgerlijke staat;Bergen op Zoom;1996;48735.0;49040.5
4819;Totaal mannen en vrouwen;Totaal;Totaal burgerlijke staat;Bergen op Zoom;1997;63233.0;63608.0
4820;Totaal mannen en vrouwen;Totaal;Totaal burgerlijke staat;Bergen op Zoom;1998;63983.0;64323.0
4821;Totaal mannen en vrouwen;Totaal;Totaal burgerlijke staat;Bergen op Zoom;1999;64663.0;64883.5
4822;Totaal mannen en vrouwen;Totaal;Totaal burgerlijke staat;Bergen op Zoom;2000;65104.0;65233.5
4823;Totaal mannen en vrouwen;Totaal;Totaal burgerlijke staat;Bergen op Zoom;2001;65363.0;65578.0
4824;Totaal mannen en vrouwen;Totaal;Totaal burgerlijke staat;Bergen op Zoom;2002;65793.0;65908.5
4825;Totaal mannen en vrouwen;Totaal;Totaal burgerlijke staat;Bergen op Zoom;2003;66024.0;66082.0
4826;Totaal mannen en vrouwen;Totaal;Totaal burgerlijke staat;Bergen op Zoom;2004;66140.0;66219.0
4827;Totaal mannen en vrouwen;Totaal;Totaal burgerlijke staat;Bergen op Zoom;2005;66298.0;66032.5
4828;Totaal mannen en vrouwen;Totaal;Totaal burgerlijke staat;Bergen op Zoom;2006;65767.0;65603.5
4829;Totaal mannen en vrouwen;Totaal;Totaal burgerlijke staat;Bergen op Zoom;2007;65440.0;65341.0
4830;Totaal mannen en vrouwen;Totaal;Totaal burgerlijke staat;Bergen op Zoom;2008;65242.0;65412.0
4831;Totaal mannen en vrouwen;Totaal;Totaal burgerlijke staat;Bergen op Zoom;2009;65582.0;65713.5
4832;Totaal mannen en vrouwen;Totaal;Totaal burgerlijke staat;Bergen op Zoom;2010;65845.0;65959.5
4833;Totaal mannen en vrouwen;Totaal;Totaal burgerlijke staat;Bergen op Zoom;2011;66074.0;66102.0
4834;Totaal mannen en vrouwen;Totaal;Totaal burgerlijke staat;Bergen op Zoom;2012;66130.0;66208.5
4835;Totaal mannen en vrouwen;Totaal;Totaal burgerlijke staat;Bergen op Zoom;2013;66287.0;66353.0
4836;Totaal mannen en vrouwen;Totaal;Totaal burgerlijke staat;Bergen op Zoom;2014;66419.0;66369.5
4837;Totaal mannen en vrouwen;Totaal;Totaal burgerlijke staat;Bergen op Zoom;2015;66320.0;66278.5
4838;Totaal mannen en vrouwen;Totaal;Totaal burgerlijke staat;Bergen op Zoom;2016;66237.0;66200.5
4839;Totaal mannen en vrouwen;Totaal;Totaal burgerlijke staat;Bergen op Zoom;2017;66164.0;66259.0
4840;Totaal mannen en vrouwen;Totaal;Totaal burgerlijke staat;Bergen op Zoom;2018;66354.0;66582.5
4841;Totaal mannen en vrouwen;Totaal;Totaal burgerlijke staat;Bergen op Zoom;2019;66811.0;67153.5
4842;Totaal mannen en vrouwen;Totaal;Totaal burgerlijke staat;Bergen op Zoom;2020;67496.0;67505.0
4843;Totaal mannen en vrouwen;Totaal;Totaal burgerlijke staat;Bergen op Zoom;2021;67514.0;67704.0
4844;Totaal mannen en vrouwen;Totaal;Totaal burgerlijke staat;Bergen op Zoom;2022;67894.0;68379.0
4845;Totaal mannen en vrouwen;Totaal;Totaal burgerlijke staat;Bergen op Zoom;2023;68864.0;69279.0
4846;Totaal mannen en vrouwen;Totaal;Totaal burgerlijke staat;Bergen op Zoom;2024;69694.0;
4847;Totaal mannen en vrouwen;Totaal;Totaal burgerlijke staat;Bergeyk;1988;9970.0;
4848;Totaal mannen en vrouwen;Totaal;Totaal burgerlijke staat;Bergeyk;1989;10041.0;
4849;Totaal mannen en vrouwen;Totaal;Totaal burgerlijke staat;Bergeyk;1990;10126.0;
4850;Totaal mannen en vrouwen;Totaal;Totaal burgerlijke staat;Bergeyk;1991;10243.0;
4851;Totaal mannen en vrouwen;Totaal;Totaal burgerlijke staat;Bergeyk;1992;10351.0;
4852;Totaal mannen en vrouwen;Totaal;Totaal burgerlijke staat;Bergeyk;1993;10453.0;
4853;Totaal mannen en vrouwen;Totaal;Totaal burgerlijke staat;Bergeyk;1994;10522.0;
4854;Totaal mannen en vrouwen;Totaal;Totaal burgerlijke staat;Bergeyk;1995;10640.0;10681.0
4855;Totaal mannen en vrouwen;Totaal;Totaal burgerlijke staat;Bergeyk;1996;10722.0;10713.0
4856;Totaal mannen en vrouwen;Totaal;Totaal burgerlijke staat;Bergeyk;1997;17769.0;17751.0
4857;Totaal mannen en vrouwen;Totaal;Totaal burgerlijke staat;Bergeyk;1998;17733.0;17752.0
4858;Totaal mannen en vrouwen;Totaal;Totaal burgerlijke staat;Bergeyk;1999;;
4859;Totaal mannen en vrouwen;Totaal;Totaal burgerlijke staat;Bergeyk;2000;;
4860;Totaal mannen en vrouwen;Totaal;Totaal burgerlijke staat;Bergeyk;2001;;
4861;Totaal mannen en vrouwen;Totaal;Totaal burgerlijke staat;Bergeyk;2002;;
4862;Totaal mannen en vrouwen;Totaal;Totaal burgerlijke staat;Bergeyk;2003;;
4863;Totaal mannen en vrouwen;Totaal;Totaal burgerlijke staat;Bergeyk;2004;;
4864;Totaal mannen en vrouwen;Totaal;Totaal burgerlijke staat;Bergeyk;2005;;
4865;Totaal mannen en vrouwen;Totaal;Totaal burgerlijke staat;Bergeyk;2006;;
4866;Totaal mannen en vrouwen;Totaal;Totaal burgerlijke staat;Bergeyk;2007;;
4867;Totaal mannen en vrouwen;Totaal;Totaal burgerlijke staat;Bergeyk;2008;;
4868;Totaal mannen en vrouwen;Totaal;Totaal burgerlijke staat;Bergeyk;2009;;
4869;Totaal mannen en vrouwen;Totaal;Totaal burgerlijke staat;Bergeyk;2010;;
4870;Totaal mannen en vrouwen;Totaal;Totaal burgerlijke staat;Bergeyk;2011;;
4871;Totaal mannen en vrouwen;Totaal;Totaal burgerlijke staat;Bergeyk;2012;;
4872;Totaal mannen en vrouwen;Totaal;Totaal burgerlijke staat;Bergeyk;2013;;
4873;Totaal mannen en vrouwen;Totaal;Totaal burgerlijke staat;Bergeyk;2014;;
4874;Totaal mannen en vrouwen;Totaal;Totaal burgerlijke staat;Bergeyk;2015;;
4875;Totaal mannen en vrouwen;Totaal;Totaal burgerlijke staat;Bergeyk;2016;;
4876;Totaal mannen en vrouwen;Totaal;Totaal burgerlijke staat;Bergeyk;2017;;
4877;Totaal mannen en vrouwen;Totaal;Totaal burgerlijke staat;Bergeyk;2018;;
4878;Totaal mannen en vrouwen;Totaal;Totaal burgerlijke staat;Bergeyk;2019;;
4879;Totaal mannen en vrouwen;Totaal;Totaal burgerlijke staat;Bergeyk;2020;;
4880;Totaal mannen en vrouwen;Totaal;Totaal burgerlijke staat;Bergeyk;2021;;
4881;Totaal mannen en vrouwen;Totaal;Totaal burgerlijke staat;Bergeyk;2022;;
4882;Totaal mannen en vrouwen;Totaal;Totaal burgerlijke staat;Bergeyk;2023;;
4883;Totaal mannen en vrouwen;Totaal;Totaal burgerlijke staat;Bergeyk;2024;;
4884;Totaal mannen en vrouwen;Totaal;Totaal burgerlijke staat;Bergh;1988;17510.0;
4885;Totaal mannen en vrouwen;Totaal;Totaal burgerlijke staat;Bergh;1989;17579.0;
4886;Totaal mannen en vrouwen;Totaal;Totaal burgerlijke staat;Bergh;1990;17665.0;
4887;Totaal mannen en vrouwen;Totaal;Totaal burgerlijke staat;Bergh;1991;17657.0;
4888;Totaal mannen en vrouwen;Totaal;Totaal burgerlijke staat;Bergh;1992;17594.0;
4889;Totaal mannen en vrouwen;Totaal;Totaal burgerlijke staat;Bergh;1993;17656.0;
4890;Totaal mannen en vrouwen;Totaal;Totaal burgerlijke staat;Bergh;1994;17830.0;
4891;Totaal mannen en vrouwen;Totaal;Totaal burgerlijke staat;Bergh;1995;17974.0;17995.0
4892;Totaal mannen en vrouwen;Totaal;Totaal burgerlijke staat;Bergh;1996;18016.0;18108.0
4893;Totaal mannen en vrouwen;Totaal;Totaal burgerlijke staat;Bergh;1997;18200.0;18281.0
4894;Totaal mannen en vrouwen;Totaal;Totaal burgerlijke staat;Bergh;1998;18362.0;18323.5
4895;Totaal mannen en vrouwen;Totaal;Totaal burgerlijke staat;Bergh;1999;18285.0;18323.5
4896;Totaal mannen en vrouwen;Totaal;Totaal burgerlijke staat;Bergh;2000;18362.0;18395.5
4897;Totaal mannen en vrouwen;Totaal;Totaal burgerlijke staat;Bergh;2001;18429.0;18401.0
4898;Totaal mannen en vrouwen;Totaal;Totaal burgerlijke staat;Bergh;2002;18373.0;18394.5
4899;Totaal mannen en vrouwen;Totaal;Totaal burgerlijke staat;Bergh;2003;18416.0;18403.0
4900;Totaal mannen en vrouwen;Totaal;Totaal burgerlijke staat;Bergh;2004;18390.0;18403.0
4901;Totaal mannen en vrouwen;Totaal;Totaal burgerlijke staat;Bergh;2005;;
4902;Totaal mannen en vrouwen;Totaal;Totaal burgerlijke staat;Bergh;2006;;
4903;Totaal mannen en vrouwen;Totaal;Totaal burgerlijke staat;Bergh;2007;;
4904;Totaal mannen en vrouwen;Totaal;Totaal burgerlijke staat;Bergh;2008;;
4905;Totaal mannen en vrouwen;Totaal;Totaal burgerlijke staat;Bergh;2009;;
4906;Totaal mannen en vrouwen;Totaal;Totaal burgerlijke staat;Bergh;2010;;
4907;Totaal mannen en vrouwen;Totaal;Totaal burgerlijke staat;Bergh;2011;;
4908;Totaal mannen en vrouwen;Totaal;Totaal burgerlijke staat;Bergh;2012;;
4909;Totaal mannen en vrouwen;Totaal;Totaal burgerlijke staat;Bergh;2013;;
4910;Totaal mannen en vrouwen;Totaal;Totaal burgerlijke staat;Bergh;2014;;
4911;Totaal mannen en vrouwen;Totaal;Totaal burgerlijke staat;Bergh;2015;;
4912;Totaal mannen en vrouwen;Totaal;Totaal burgerlijke staat;Bergh;2016;;
4913;Totaal mannen en vrouwen;Totaal;Totaal burgerlijke staat;Bergh;2017;;
4914;Totaal mannen en vrouwen;Totaal;Totaal burgerlijke staat;Bergh;2018;;
4915;Totaal mannen en vrouwen;Totaal;Totaal burgerlijke staat;Bergh;2019;;
4916;Totaal mannen en vrouwen;Totaal;Totaal burgerlijke staat;Bergh;2020;;
4917;Totaal mannen en vrouwen;Totaal;Totaal burgerlijke staat;Bergh;2021;;
4918;Totaal mannen en vrouwen;Totaal;Totaal burgerlijke staat;Bergh;2022;;
4919;Totaal mannen en vrouwen;Totaal;Totaal burgerlijke staat;Bergh;2023;;
4920;Totaal mannen en vrouwen;Totaal;Totaal burgerlijke staat;Bergh;2024;;
4921;Totaal mannen en vrouwen;Totaal;Totaal burgerlijke staat;Berghem;1988;5552.0;
4922;Totaal mannen en vrouwen;Totaal;Totaal burgerlijke staat;Berghem;1989;5572.0;
4923;Totaal mannen en vrouwen;Totaal;Totaal burgerlijke staat;Berghem;1990;5644.0;
4924;Totaal mannen en vrouwen;Totaal;Totaal burgerlijke staat;Berghem;1991;5700.0;
4925;Totaal mannen en vrouwen;Totaal;Totaal burgerlijke staat;Berghem;1992;5728.0;
4926;Totaal mannen en vrouwen;Totaal;Totaal burgerlijke staat;Berghem;1993;5745.0;
4927;Totaal mannen en vrouwen;Totaal;Totaal burgerlijke staat;Berghem;1994;;
4928;Totaal mannen en vrouwen;Totaal;Totaal burgerlijke staat;Berghem;1995;;
4929;Totaal mannen en vrouwen;Totaal;Totaal burgerlijke staat;Berghem;1996;;
4930;Totaal mannen en vrouwen;Totaal;Totaal burgerlijke staat;Berghem;1997;;
4931;Totaal mannen en vrouwen;Totaal;Totaal burgerlijke staat;Berghem;1998;;
4932;Totaal mannen en vrouwen;Totaal;Totaal burgerlijke staat;Berghem;1999;;
4933;Totaal mannen en vrouwen;Totaal;Totaal burgerlijke staat;Berghem;2000;;
4934;Totaal mannen en vrouwen;Totaal;Totaal burgerlijke staat;Berghem;2001;;
4935;Totaal mannen en vrouwen;Totaal;Totaal burgerlijke staat;Berghem;2002;;
4936;Totaal mannen en vrouwen;Totaal;Totaal burgerlijke staat;Berghem;2003;;
4937;Totaal mannen en vrouwen;Totaal;Totaal burgerlijke staat;Berghem;2004;;
4938;Totaal mannen en vrouwen;Totaal;Totaal burgerlijke staat;Berghem;2005;;
4939;Totaal mannen en vrouwen;Totaal;Totaal burgerlijke staat;Berghem;2006;;
4940;Totaal mannen en vrouwen;Totaal;Totaal burgerlijke staat;Berghem;2007;;
4941;Totaal mannen en vrouwen;Totaal;Totaal burgerlijke staat;Berghem;2008;;
4942;Totaal mannen en vrouwen;Totaal;Totaal burgerlijke staat;Berghem;2009;;
4943;Totaal mannen en vrouwen;Totaal;Totaal burgerlijke staat;Berghem;2010;;
4944;Totaal mannen en vrouwen;Totaal;Totaal burgerlijke staat;Berghem;2011;;
4945;Totaal mannen en vrouwen;Totaal;Totaal burgerlijke staat;Berghem;2012;;
4946;Totaal mannen en vrouwen;Totaal;Totaal burgerlijke staat;Berghem;2013;;
4947;Totaal mannen en vrouwen;Totaal;Totaal burgerlijke staat;Berghem;2014;;
4948;Totaal mannen en vrouwen;Totaal;Totaal burgerlijke staat;Berghem;2015;;
4949;Totaal mannen en vrouwen;Totaal;Totaal burgerlijke staat;Berghem;2016;;
4950;Totaal mannen en vrouwen;Totaal;Totaal burgerlijke staat;Berghem;2017;;
4951;Totaal mannen en vrouwen;Totaal;Totaal burgerlijke staat;Berghem;2018;;
4952;Totaal mannen en vrouwen;Totaal;Totaal burgerlijke staat;Berghem;2019;;
4953;Totaal mannen en vrouwen;Totaal;Totaal burgerlijke staat;Berghem;2020;;
4954;Totaal mannen en vrouwen;Totaal;Totaal burgerlijke staat;Berghem;2021;;
4955;Totaal mannen en vrouwen;Totaal;Totaal burgerlijke staat;Berghem;2022;;
4956;Totaal mannen en vrouwen;Totaal;Totaal burgerlijke staat;Berghem;2023;;
4957;Totaal mannen en vrouwen;Totaal;Totaal burgerlijke staat;Berghem;2024;;
4958;Totaal mannen en vrouwen;Totaal;Totaal burgerlijke staat;Bergschenhoek;1988;7583.0;
4959;Totaal mannen en vrouwen;Totaal;Totaal burgerlijke staat;Bergschenhoek;1989;7658.0;
4960;Totaal mannen en vrouwen;Totaal;Totaal burgerlijke staat;Bergschenhoek;1990;7697.0;
4961;Totaal mannen en vrouwen;Totaal;Totaal burgerlijke staat;Bergschenhoek;1991;7745.0;
4962;Totaal mannen en vrouwen;Totaal;Totaal burgerlijke staat;Bergschenhoek;1992;7788.0;
4963;Totaal mannen en vrouwen;Totaal;Totaal burgerlijke staat;Bergschenhoek;1993;7946.0;
4964;Totaal mannen en vrouwen;Totaal;Totaal burgerlijke staat;Bergschenhoek;1994;8058.0;
4965;Totaal mannen en vrouwen;Totaal;Totaal burgerlijke staat;Bergschenhoek;1995;8291.0;8503.5
4966;Totaal mannen en vrouwen;Totaal;Totaal burgerlijke staat;Bergschenhoek;1996;8716.0;8956.0
4967;Totaal mannen en vrouwen;Totaal;Totaal burgerlijke staat;Bergschenhoek;1997;9196.0;9592.5
4968;Totaal mannen en vrouwen;Totaal;Totaal burgerlijke staat;Bergschenhoek;1998;9989.0;10772.0
4969;Totaal mannen en vrouwen;Totaal;Totaal burgerlijke staat;Bergschenhoek;1999;11555.0;12047.5
4970;Totaal mannen en vrouwen;Totaal;Totaal burgerlijke staat;Bergschenhoek;2000;12540.0;12873.0
4971;Totaal mannen en vrouwen;Totaal;Totaal burgerlijke staat;Bergschenhoek;2001;13206.0;13440.0
4972;Totaal mannen en vrouwen;Totaal;Totaal burgerlijke staat;Bergschenhoek;2002;13674.0;14429.5
4973;Totaal mannen en vrouwen;Totaal;Totaal burgerlijke staat;Bergschenhoek;2003;15185.0;15527.5
4974;Totaal mannen en vrouwen;Totaal;Totaal burgerlijke staat;Bergschenhoek;2004;15870.0;16025.5
4975;Totaal mannen en vrouwen;Totaal;Totaal burgerlijke staat;Bergschenhoek;2005;16181.0;16393.5
4976;Totaal mannen en vrouwen;Totaal;Totaal burgerlijke staat;Bergschenhoek;2006;16606.0;16650.0
4977;Totaal mannen en vrouwen;Totaal;Totaal burgerlijke staat;Bergschenhoek;2007;;
4978;Totaal mannen en vrouwen;Totaal;Totaal burgerlijke staat;Bergschenhoek;2008;;
4979;Totaal mannen en vrouwen;Totaal;Totaal burgerlijke staat;Bergschenhoek;2009;;
4980;Totaal mannen en vrouwen;Totaal;Totaal burgerlijke staat;Bergschenhoek;2010;;
4981;Totaal mannen en vrouwen;Totaal;Totaal burgerlijke staat;Bergschenhoek;2011;;
4982;Totaal mannen en vrouwen;Totaal;Totaal burgerlijke staat;Bergschenhoek;2012;;
4983;Totaal mannen en vrouwen;Totaal;Totaal burgerlijke staat;Bergschenhoek;2013;;
4984;Totaal mannen en vrouwen;Totaal;Totaal burgerlijke staat;Bergschenhoek;2014;;
4985;Totaal mannen en vrouwen;Totaal;Totaal burgerlijke staat;Bergschenhoek;2015;;
4986;Totaal mannen en vrouwen;Totaal;Totaal burgerlijke staat;Bergschenhoek;2016;;
4987;Totaal mannen en vrouwen;Totaal;Totaal burgerlijke staat;Bergschenhoek;2017;;
4988;Totaal mannen en vrouwen;Totaal;Totaal burgerlijke staat;Bergschenhoek;2018;;
4989;Totaal mannen en vrouwen;Totaal;Totaal burgerlijke staat;Bergschenhoek;2019;;
4990;Totaal mannen en vrouwen;Totaal;Totaal burgerlijke staat;Bergschenhoek;2020;;
4991;Totaal mannen en vrouwen;Totaal;Totaal burgerlijke staat;Bergschenhoek;2021;;
4992;Totaal mannen en vrouwen;Totaal;Totaal burgerlijke staat;Bergschenhoek;2022;;
4993;Totaal mannen en vrouwen;Totaal;Totaal burgerlijke staat;Bergschenhoek;2023;;
4994;Totaal mannen en vrouwen;Totaal;Totaal burgerlijke staat;Bergschenhoek;2024;;
4995;Totaal mannen en vrouwen;Totaal;Totaal burgerlijke staat;Berkel en Rodenrijs;1988;15575.0;
4996;Totaal mannen en vrouwen;Totaal;Totaal burgerlijke staat;Berkel en Rodenrijs;1989;15690.0;
4997;Totaal mannen en vrouwen;Totaal;Totaal burgerlijke staat;Berkel en Rodenrijs;1990;15614.0;
4998;Totaal mannen en vrouwen;Totaal;Totaal burgerlijke staat;Berkel en Rodenrijs;1991;15579.0;
4999;Totaal mannen en vrouwen;Totaal;Totaal burgerlijke staat;Berkel en Rodenrijs;1992;15488.0;
5000;Totaal mannen en vrouwen;Totaal;Totaal burgerlijke staat;Berkel en Rodenrijs;1993;15494.0;
5001;Totaal mannen en vrouwen;Totaal;Totaal burgerlijke staat;Berkel en Rodenrijs;1994;15563.0;
5002;Totaal mannen en vrouwen;Totaal;Totaal burgerlijke staat;Berkel en Rodenrijs;1995;15832.0;15881.5
5003;Totaal mannen en vrouwen;Totaal;Totaal burgerlijke staat;Berkel en Rodenrijs;1996;15931.0;15975.0
5004;Totaal mannen en vrouwen;Totaal;Totaal burgerlijke staat;Berkel en Rodenrijs;1997;16019.0;16047.5
5005;Totaal mannen en vrouwen;Totaal;Totaal burgerlijke staat;Berkel en Rodenrijs;1998;16076.0;16309.5
5006;Totaal mannen en vrouwen;Totaal;Totaal burgerlijke staat;Berkel en Rodenrijs;1999;16543.0;16711.0
5007;Totaal mannen en vrouwen;Totaal;Totaal burgerlijke staat;Berkel en Rodenrijs;2000;16879.0;16928.5
5008;Totaal mannen en vrouwen;Totaal;Totaal burgerlijke staat;Berkel en Rodenrijs;2001;16978.0;16960.5
5009;Totaal mannen en vrouwen;Totaal;Totaal burgerlijke staat;Berkel en Rodenrijs;2002;16943.0;17077.5
5010;Totaal mannen en vrouwen;Totaal;Totaal burgerlijke staat;Berkel en Rodenrijs;2003;17212.0;17373.5
5011;Totaal mannen en vrouwen;Totaal;Totaal burgerlijke staat;Berkel en Rodenrijs;2004;17535.0;17809.0
5012;Totaal mannen en vrouwen;Totaal;Totaal burgerlijke staat;Berkel en Rodenrijs;2005;18083.0;18633.5
5013;Totaal mannen en vrouwen;Totaal;Totaal burgerlijke staat;Berkel en Rodenrijs;2006;19184.0;20020.0
5014;Totaal mannen en vrouwen;Totaal;Totaal burgerlijke staat;Berkel en Rodenrijs;2007;;
5015;Totaal mannen en vrouwen;Totaal;Totaal burgerlijke staat;Berkel en Rodenrijs;2008;;
5016;Totaal mannen en vrouwen;Totaal;Totaal burgerlijke staat;Berkel en Rodenrijs;2009;;
5017;Totaal mannen en vrouwen;Totaal;Totaal burgerlijke staat;Berkel en Rodenrijs;2010;;
5018;Totaal mannen en vrouwen;Totaal;Totaal burgerlijke staat;Berkel en Rodenrijs;2011;;
5019;Totaal mannen en vrouwen;Totaal;Totaal burgerlijke staat;Berkel en Rodenrijs;2012;;
5020;Totaal mannen en vrouwen;Totaal;Totaal burgerlijke staat;Berkel en Rodenrijs;2013;;
5021;Totaal mannen en vrouwen;Totaal;Totaal burgerlijke staat;Berkel en Rodenrijs;2014;;
5022;Totaal mannen en vrouwen;Totaal;Totaal burgerlijke staat;Berkel en Rodenrijs;2015;;
5023;Totaal mannen en vrouwen;Totaal;Totaal burgerlijke staat;Berkel en Rodenrijs;2016;;
5024;Totaal mannen en vrouwen;Totaal;Totaal burgerlijke staat;Berkel en Rodenrijs;2017;;
5025;Totaal mannen en vrouwen;Totaal;Totaal burgerlijke staat;Berkel en Rodenrijs;2018;;
5026;Totaal mannen en vrouwen;Totaal;Totaal burgerlijke staat;Berkel en Rodenrijs;2019;;
5027;Totaal mannen en vrouwen;Totaal;Totaal burgerlijke staat;Berkel en Rodenrijs;2020;;
5028;Totaal mannen en vrouwen;Totaal;Totaal burgerlijke staat;Berkel en Rodenrijs;2021;;
5029;Totaal mannen en vrouwen;Totaal;Totaal burgerlijke staat;Berkel en Rodenrijs;2022;;
5030;Totaal mannen en vrouwen;Totaal;Totaal burgerlijke staat;Berkel en Rodenrijs;2023;;
5031;Totaal mannen en vrouwen;Totaal;Totaal burgerlijke staat;Berkel en Rodenrijs;2024;;
5032;Totaal mannen en vrouwen;Totaal;Totaal burgerlijke staat;Berkel-Enschot;1988;10429.0;
5033;Totaal mannen en vrouwen;Totaal;Totaal burgerlijke staat;Berkel-Enschot;1989;10440.0;
5034;Totaal mannen en vrouwen;Totaal;Totaal burgerlijke staat;Berkel-Enschot;1990;10389.0;
5035;Totaal mannen en vrouwen;Totaal;Totaal burgerlijke staat;Berkel-Enschot;1991;10325.0;
5036;Totaal mannen en vrouwen;Totaal;Totaal burgerlijke staat;Berkel-Enschot;1992;10338.0;
5037;Totaal mannen en vrouwen;Totaal;Totaal burgerlijke staat;Berkel-Enschot;1993;10322.0;
5038;Totaal mannen en vrouwen;Totaal;Totaal burgerlijke staat;Berkel-Enschot;1994;10415.0;
5039;Totaal mannen en vrouwen;Totaal;Totaal burgerlijke staat;Berkel-Enschot;1995;10478.0;10536.0
5040;Totaal mannen en vrouwen;Totaal;Totaal burgerlijke staat;Berkel-Enschot;1996;10594.0;10623.5
5041;Totaal mannen en vrouwen;Totaal;Totaal burgerlijke staat;Berkel-Enschot;1997;;
5042;Totaal mannen en vrouwen;Totaal;Totaal burgerlijke staat;Berkel-Enschot;1998;;
5043;Totaal mannen en vrouwen;Totaal;Totaal burgerlijke staat;Berkel-Enschot;1999;;
5044;Totaal mannen en vrouwen;Totaal;Totaal burgerlijke staat;Berkel-Enschot;2000;;
5045;Totaal mannen en vrouwen;Totaal;Totaal burgerlijke staat;Berkel-Enschot;2001;;
5046;Totaal mannen en vrouwen;Totaal;Totaal burgerlijke staat;Berkel-Enschot;2002;;
5047;Totaal mannen en vrouwen;Totaal;Totaal burgerlijke staat;Berkel-Enschot;2003;;
5048;Totaal mannen en vrouwen;Totaal;Totaal burgerlijke staat;Berkel-Enschot;2004;;
5049;Totaal mannen en vrouwen;Totaal;Totaal burgerlijke staat;Berkel-Enschot;2005;;
5050;Totaal mannen en vrouwen;Totaal;Totaal burgerlijke staat;Berkel-Enschot;2006;;
5051;Totaal mannen en vrouwen;Totaal;Totaal burgerlijke staat;Berkel-Enschot;2007;;
5052;Totaal mannen en vrouwen;Totaal;Totaal burgerlijke staat;Berkel-Enschot;2008;;
5053;Totaal mannen en vrouwen;Totaal;Totaal burgerlijke staat;Berkel-Enschot;2009;;
5054;Totaal mannen en vrouwen;Totaal;Totaal burgerlijke staat;Berkel-Enschot;2010;;
5055;Totaal mannen en vrouwen;Totaal;Totaal burgerlijke staat;Berkel-Enschot;2011;;
5056;Totaal mannen en vrouwen;Totaal;Totaal burgerlijke staat;Berkel-Enschot;2012;;
5057;Totaal mannen en vrouwen;Totaal;Totaal burgerlijke staat;Berkel-Enschot;2013;;
5058;Totaal mannen en vrouwen;Totaal;Totaal burgerlijke staat;Berkel-Enschot;2014;;
5059;Totaal mannen en vrouwen;Totaal;Totaal burgerlijke staat;Berkel-Enschot;2015;;
5060;Totaal mannen en vrouwen;Totaal;Totaal burgerlijke staat;Berkel-Enschot;2016;;
5061;Totaal mannen en vrouwen;Totaal;Totaal burgerlijke staat;Berkel-Enschot;2017;;
5062;Totaal mannen en vrouwen;Totaal;Totaal burgerlijke staat;Berkel-Enschot;2018;;
5063;Totaal mannen en vrouwen;Totaal;Totaal burgerlijke staat;Berkel-Enschot;2019;;
5064;Totaal mannen en vrouwen;Totaal;Totaal burgerlijke staat;Berkel-Enschot;2020;;
5065;Totaal mannen en vrouwen;Totaal;Totaal burgerlijke staat;Berkel-Enschot;2021;;
5066;Totaal mannen en vrouwen;Totaal;Totaal burgerlijke staat;Berkel-Enschot;2022;;
5067;Totaal mannen en vrouwen;Totaal;Totaal burgerlijke staat;Berkel-Enschot;2023;;
5068;Totaal mannen en vrouwen;Totaal;Totaal burgerlijke staat;Berkel-Enschot;2024;;
5069;Totaal mannen en vrouwen;Totaal;Totaal burgerlijke staat;Berkelland;1988;;
5070;Totaal mannen en vrouwen;Totaal;Totaal burgerlijke staat;Berkelland;1989;;
5071;Totaal mannen en vrouwen;Totaal;Totaal burgerlijke staat;Berkelland;1990;;
5072;Totaal mannen en vrouwen;Totaal;Totaal burgerlijke staat;Berkelland;1991;;
5073;Totaal mannen en vrouwen;Totaal;Totaal burgerlijke staat;Berkelland;1992;;
5074;Totaal mannen en vrouwen;Totaal;Totaal burgerlijke staat;Berkelland;1993;;
5075;Totaal mannen en vrouwen;Totaal;Totaal burgerlijke staat;Berkelland;1994;;
5076;Totaal mannen en vrouwen;Totaal;Totaal burgerlijke staat;Berkelland;1995;;
5077;Totaal mannen en vrouwen;Totaal;Totaal burgerlijke staat;Berkelland;1996;;
5078;Totaal mannen en vrouwen;Totaal;Totaal burgerlijke staat;Berkelland;1997;;
5079;Totaal mannen en vrouwen;Totaal;Totaal burgerlijke staat;Berkelland;1998;;
5080;Totaal mannen en vrouwen;Totaal;Totaal burgerlijke staat;Berkelland;1999;;
5081;Totaal mannen en vrouwen;Totaal;Totaal burgerlijke staat;Berkelland;2000;;
5082;Totaal mannen en vrouwen;Totaal;Totaal burgerlijke staat;Berkelland;2001;;
5083;Totaal mannen en vrouwen;Totaal;Totaal burgerlijke staat;Berkelland;2002;;
5084;Totaal mannen en vrouwen;Totaal;Totaal burgerlijke staat;Berkelland;2003;;
5085;Totaal mannen en vrouwen;Totaal;Totaal burgerlijke staat;Berkelland;2004;;
5086;Totaal mannen en vrouwen;Totaal;Totaal burgerlijke staat;Berkelland;2005;45227.0;45260.5
5087;Totaal mannen en vrouwen;Totaal;Totaal burgerlijke staat;Berkelland;2006;45294.0;45253.5
5088;Totaal mannen en vrouwen;Totaal;Totaal burgerlijke staat;Berkelland;2007;45213.0;45181.5
5089;Totaal mannen en vrouwen;Totaal;Totaal burgerlijke staat;Berkelland;2008;45150.0;45146.0
5090;Totaal mannen en vrouwen;Totaal;Totaal burgerlijke staat;Berkelland;2009;45142.0;45060.0
5091;Totaal mannen en vrouwen;Totaal;Totaal burgerlijke staat;Berkelland;2010;44978.0;44920.5
5092;Totaal mannen en vrouwen;Totaal;Totaal burgerlijke staat;Berkelland;2011;44863.0;44887.0
5093;Totaal mannen en vrouwen;Totaal;Totaal burgerlijke staat;Berkelland;2012;44911.0;44840.0
5094;Totaal mannen en vrouwen;Totaal;Totaal burgerlijke staat;Berkelland;2013;44769.0;44717.5
5095;Totaal mannen en vrouwen;Totaal;Totaal burgerlijke staat;Berkelland;2014;44666.0;44515.0
5096;Totaal mannen en vrouwen;Totaal;Totaal burgerlijke staat;Berkelland;2015;44364.0;44400.5
5097;Totaal mannen en vrouwen;Totaal;Totaal burgerlijke staat;Berkelland;2016;44437.0;44337.5
5098;Totaal mannen en vrouwen;Totaal;Totaal burgerlijke staat;Berkelland;2017;44238.0;44135.0
5099;Totaal mannen en vrouwen;Totaal;Totaal burgerlijke staat;Berkelland;2018;44032.0;43968.0
5100;Totaal mannen en vrouwen;Totaal;Totaal burgerlijke staat;Berkelland;2019;43904.0;43825.5
5101;Totaal mannen en vrouwen;Totaal;Totaal burgerlijke staat;Berkelland;2020;43747.0;43796.5
5102;Totaal mannen en vrouwen;Totaal;Totaal burgerlijke staat;Berkelland;2021;43846.0;43848.0
5103;Totaal mannen en vrouwen;Totaal;Totaal burgerlijke staat;Berkelland;2022;43850.0;43936.0
5104;Totaal mannen en vrouwen;Totaal;Totaal burgerlijke staat;Berkelland;2023;44022.0;43977.5
5105;Totaal mannen en vrouwen;Totaal;Totaal burgerlijke staat;Berkelland;2024;43933.0;
5106;Totaal mannen en vrouwen;Totaal;Totaal burgerlijke staat;Berlicum;1988;8656.0;
5107;Totaal mannen en vrouwen;Totaal;Totaal burgerlijke staat;Berlicum;1989;8734.0;
5108;Totaal mannen en vrouwen;Totaal;Totaal burgerlijke staat;Berlicum;1990;8746.0;
5109;Totaal mannen en vrouwen;Totaal;Totaal burgerlijke staat;Berlicum;1991;8774.0;
5110;Totaal mannen en vrouwen;Totaal;Totaal burgerlijke staat;Berlicum;1992;8814.0;
5111;Totaal mannen en vrouwen;Totaal;Totaal burgerlijke staat;Berlicum;1993;8838.0;
5112;Totaal mannen en vrouwen;Totaal;Totaal burgerlijke staat;Berlicum;1994;8847.0;
5113;Totaal mannen en vrouwen;Totaal;Totaal burgerlijke staat;Berlicum;1995;8879.0;8906.0
5114;Totaal mannen en vrouwen;Totaal;Totaal burgerlijke staat;Berlicum;1996;;
5115;Totaal mannen en vrouwen;Totaal;Totaal burgerlijke staat;Berlicum;1997;;
5116;Totaal mannen en vrouwen;Totaal;Totaal burgerlijke staat;Berlicum;1998;;
5117;Totaal mannen en vrouwen;Totaal;Totaal burgerlijke staat;Berlicum;1999;;
5118;Totaal mannen en vrouwen;Totaal;Totaal burgerlijke staat;Berlicum;2000;;
5119;Totaal mannen en vrouwen;Totaal;Totaal burgerlijke staat;Berlicum;2001;;
5120;Totaal mannen en vrouwen;Totaal;Totaal burgerlijke staat;Berlicum;2002;;
5121;Totaal mannen en vrouwen;Totaal;Totaal burgerlijke staat;Berlicum;2003;;
5122;Totaal mannen en vrouwen;Totaal;Totaal burgerlijke staat;Berlicum;2004;;
5123;Totaal mannen en vrouwen;Totaal;Totaal burgerlijke staat;Berlicum;2005;;
5124;Totaal mannen en vrouwen;Totaal;Totaal burgerlijke staat;Berlicum;2006;;
5125;Totaal mannen en vrouwen;Totaal;Totaal burgerlijke staat;Berlicum;2007;;
5126;Totaal mannen en vrouwen;Totaal;Totaal burgerlijke staat;Berlicum;2008;;
5127;Totaal mannen en vrouwen;Totaal;Totaal burgerlijke staat;Berlicum;2009;;
5128;Totaal mannen en vrouwen;Totaal;Totaal burgerlijke staat;Berlicum;2010;;
5129;Totaal mannen en vrouwen;Totaal;Totaal burgerlijke staat;Berlicum;2011;;
5130;Totaal mannen en vrouwen;Totaal;Totaal burgerlijke staat;Berlicum;2012;;
5131;Totaal mannen en vrouwen;Totaal;Totaal burgerlijke staat;Berlicum;2013;;
5132;Totaal mannen en vrouwen;Totaal;Totaal burgerlijke staat;Berlicum;2014;;
5133;Totaal mannen en vrouwen;Totaal;Totaal burgerlijke staat;Berlicum;2015;;
5134;Totaal mannen en vrouwen;Totaal;Totaal burgerlijke staat;Berlicum;2016;;
5135;Totaal mannen en vrouwen;Totaal;Totaal burgerlijke staat;Berlicum;2017;;
5136;Totaal mannen en vrouwen;Totaal;Totaal burgerlijke staat;Berlicum;2018;;
5137;Totaal mannen en vrouwen;Totaal;Totaal burgerlijke staat;Berlicum;2019;;
5138;Totaal mannen en vrouwen;Totaal;Totaal burgerlijke staat;Berlicum;2020;;
5139;Totaal mannen en vrouwen;Totaal;Totaal burgerlijke staat;Berlicum;2021;;
5140;Totaal mannen en vrouwen;Totaal;Totaal burgerlijke staat;Berlicum;2022;;
5141;Totaal mannen en vrouwen;Totaal;Totaal burgerlijke staat;Berlicum;2023;;
5142;Totaal mannen en vrouwen;Totaal;Totaal burgerlijke staat;Berlicum;2024;;
5143;Totaal mannen en vrouwen;Totaal;Totaal burgerlijke staat;Bernheze;1988;;
5144;Totaal mannen en vrouwen;Totaal;Totaal burgerlijke staat;Bernheze;1989;;
5145;Totaal mannen en vrouwen;Totaal;Totaal burgerlijke staat;Bernheze;1990;;
5146;Totaal mannen en vrouwen;Totaal;Totaal burgerlijke staat;Bernheze;1991;;
5147;Totaal mannen en vrouwen;Totaal;Totaal burgerlijke staat;Bernheze;1992;;
5148;Totaal mannen en vrouwen;Totaal;Totaal burgerlijke staat;Bernheze;1993;;
5149;Totaal mannen en vrouwen;Totaal;Totaal burgerlijke staat;Bernheze;1994;;
5150;Totaal mannen en vrouwen;Totaal;Totaal burgerlijke staat;Bernheze;1995;;
5151;Totaal mannen en vrouwen;Totaal;Totaal burgerlijke staat;Bernheze;1996;27918.0;28007.0
5152;Totaal mannen en vrouwen;Totaal;Totaal burgerlijke staat;Bernheze;1997;28096.0;28193.5
5153;Totaal mannen en vrouwen;Totaal;Totaal burgerlijke staat;Bernheze;1998;28291.0;28318.0
5154;Totaal mannen en vrouwen;Totaal;Totaal burgerlijke staat;Bernheze;1999;28345.0;28462.0
5155;Totaal mannen en vrouwen;Totaal;Totaal burgerlijke staat;Bernheze;2000;28579.0;28621.5
5156;Totaal mannen en vrouwen;Totaal;Totaal burgerlijke staat;Bernheze;2001;28664.0;28722.0
5157;Totaal mannen en vrouwen;Totaal;Totaal burgerlijke staat;Bernheze;2002;28780.0;28814.0
5158;Totaal mannen en vrouwen;Totaal;Totaal burgerlijke staat;Bernheze;2003;28848.0;28858.0
5159;Totaal mannen en vrouwen;Totaal;Totaal burgerlijke staat;Bernheze;2004;28868.0;29042.0
5160;Totaal mannen en vrouwen;Totaal;Totaal burgerlijke staat;Bernheze;2005;29216.0;29380.0
5161;Totaal mannen en vrouwen;Totaal;Totaal burgerlijke staat;Bernheze;2006;29544.0;29594.0
5162;Totaal mannen en vrouwen;Totaal;Totaal burgerlijke staat;Bernheze;2007;29644.0;29653.5
5163;Totaal mannen en vrouwen;Totaal;Totaal burgerlijke staat;Bernheze;2008;29663.0;29639.0
5164;Totaal mannen en vrouwen;Totaal;Totaal burgerlijke staat;Bernheze;2009;29615.0;29635.0
5165;Totaal mannen en vrouwen;Totaal;Totaal burgerlijke staat;Bernheze;2010;29655.0;29691.5
5166;Totaal mannen en vrouwen;Totaal;Totaal burgerlijke staat;Bernheze;2011;29728.0;29765.0
5167;Totaal mannen en vrouwen;Totaal;Totaal burgerlijke staat;Bernheze;2012;29802.0;29788.5
5168;Totaal mannen en vrouwen;Totaal;Totaal burgerlijke staat;Bernheze;2013;29775.0;29732.5
5169;Totaal mannen en vrouwen;Totaal;Totaal burgerlijke staat;Bernheze;2014;29690.0;29709.5
5170;Totaal mannen en vrouwen;Totaal;Totaal burgerlijke staat;Bernheze;2015;29729.0;29804.5
5171;Totaal mannen en vrouwen;Totaal;Totaal burgerlijke staat;Bernheze;2016;29880.0;30066.0
5172;Totaal mannen en vrouwen;Totaal;Totaal burgerlijke staat;Bernheze;2017;30252.0;30401.0
5173;Totaal mannen en vrouwen;Totaal;Totaal burgerlijke staat;Bernheze;2018;30550.0;30678.0
5174;Totaal mannen en vrouwen;Totaal;Totaal burgerlijke staat;Bernheze;2019;30806.0;31023.0
5175;Totaal mannen en vrouwen;Totaal;Totaal burgerlijke staat;Bernheze;2020;31240.0;31347.5
5176;Totaal mannen en vrouwen;Totaal;Totaal burgerlijke staat;Bernheze;2021;31455.0;31585.0
5177;Totaal mannen en vrouwen;Totaal;Totaal burgerlijke staat;Bernheze;2022;31715.0;31989.0
5178;Totaal mannen en vrouwen;Totaal;Totaal burgerlijke staat;Bernheze;2023;32263.0;32395.0
5179;Totaal mannen en vrouwen;Totaal;Totaal burgerlijke staat;Bernheze;2024;32527.0;
5180;Totaal mannen en vrouwen;Totaal;Totaal burgerlijke staat;Bernisse;1988;12339.0;
5181;Totaal mannen en vrouwen;Totaal;Totaal burgerlijke staat;Bernisse;1989;12400.0;
5182;Totaal mannen en vrouwen;Totaal;Totaal burgerlijke staat;Bernisse;1990;12380.0;
5183;Totaal mannen en vrouwen;Totaal;Totaal burgerlijke staat;Bernisse;1991;12375.0;
5184;Totaal mannen en vrouwen;Totaal;Totaal burgerlijke staat;Bernisse;1992;12358.0;
5185;Totaal mannen en vrouwen;Totaal;Totaal burgerlijke staat;Bernisse;1993;12251.0;
5186;Totaal mannen en vrouwen;Totaal;Totaal burgerlijke staat;Bernisse;1994;12267.0;
5187;Totaal mannen en vrouwen;Totaal;Totaal burgerlijke staat;Bernisse;1995;12371.0;12433.0
5188;Totaal mannen en vrouwen;Totaal;Totaal burgerlijke staat;Bernisse;1996;12495.0;12514.5
5189;Totaal mannen en vrouwen;Totaal;Totaal burgerlijke staat;Bernisse;1997;12534.0;12518.0
5190;Totaal mannen en vrouwen;Totaal;Totaal burgerlijke staat;Bernisse;1998;12502.0;12643.5
5191;Totaal mannen en vrouwen;Totaal;Totaal burgerlijke staat;Bernisse;1999;12785.0;12769.5
5192;Totaal mannen en vrouwen;Totaal;Totaal burgerlijke staat;Bernisse;2000;12754.0;12746.5
5193;Totaal mannen en vrouwen;Totaal;Totaal burgerlijke staat;Bernisse;2001;12739.0;12749.5
5194;Totaal mannen en vrouwen;Totaal;Totaal burgerlijke staat;Bernisse;2002;12760.0;12736.0
5195;Totaal mannen en vrouwen;Totaal;Totaal burgerlijke staat;Bernisse;2003;12712.0;12698.0
5196;Totaal mannen en vrouwen;Totaal;Totaal burgerlijke staat;Bernisse;2004;12684.0;12667.0
5197;Totaal mannen en vrouwen;Totaal;Totaal burgerlijke staat;Bernisse;2005;12650.0;12661.5
5198;Totaal mannen en vrouwen;Totaal;Totaal burgerlijke staat;Bernisse;2006;12673.0;12671.0
5199;Totaal mannen en vrouwen;Totaal;Totaal burgerlijke staat;Bernisse;2007;12669.0;12604.5
5200;Totaal mannen en vrouwen;Totaal;Totaal burgerlijke staat;Bernisse;2008;12540.0;12542.5
5201;Totaal mannen en vrouwen;Totaal;Totaal burgerlijke staat;Bernisse;2009;12545.0;12500.0
5202;Totaal mannen en vrouwen;Totaal;Totaal burgerlijke staat;Bernisse;2010;12455.0;12429.5
5203;Totaal mannen en vrouwen;Totaal;Totaal burgerlijke staat;Bernisse;2011;12404.0;12415.0
5204;Totaal mannen en vrouwen;Totaal;Totaal burgerlijke staat;Bernisse;2012;12426.0;12412.0
5205;Totaal mannen en vrouwen;Totaal;Totaal burgerlijke staat;Bernisse;2013;12398.0;12383.0
5206;Totaal mannen en vrouwen;Totaal;Totaal burgerlijke staat;Bernisse;2014;12368.0;12374.5
5207;Totaal mannen en vrouwen;Totaal;Totaal burgerlijke staat;Bernisse;2015;;
5208;Totaal mannen en vrouwen;Totaal;Totaal burgerlijke staat;Bernisse;2016;;
5209;Totaal mannen en vrouwen;Totaal;Totaal burgerlijke staat;Bernisse;2017;;
5210;Totaal mannen en vrouwen;Totaal;Totaal burgerlijke staat;Bernisse;2018;;
5211;Totaal mannen en vrouwen;Totaal;Totaal burgerlijke staat;Bernisse;2019;;
5212;Totaal mannen en vrouwen;Totaal;Totaal burgerlijke staat;Bernisse;2020;;
5213;Totaal mannen en vrouwen;Totaal;Totaal burgerlijke staat;Bernisse;2021;;
5214;Totaal mannen en vrouwen;Totaal;Totaal burgerlijke staat;Bernisse;2022;;
5215;Totaal mannen en vrouwen;Totaal;Totaal burgerlijke staat;Bernisse;2023;;
5216;Totaal mannen en vrouwen;Totaal;Totaal burgerlijke staat;Bernisse;2024;;
5217;Totaal mannen en vrouwen;Totaal;Totaal burgerlijke staat;Best;1988;21338.0;
5218;Totaal mannen en vrouwen;Totaal;Totaal burgerlijke staat;Best;1989;21857.0;
5219;Totaal mannen en vrouwen;Totaal;Totaal burgerlijke staat;Best;1990;22125.0;
5220;Totaal mannen en vrouwen;Totaal;Totaal burgerlijke staat;Best;1991;22361.0;
5221;Totaal mannen en vrouwen;Totaal;Totaal burgerlijke staat;Best;1992;22422.0;
5222;Totaal mannen en vrouwen;Totaal;Totaal burgerlijke staat;Best;1993;22454.0;
5223;Totaal mannen en vrouwen;Totaal;Totaal burgerlijke staat;Best;1994;22706.0;
5224;Totaal mannen en vrouwen;Totaal;Totaal burgerlijke staat;Best;1995;23035.0;23463.0
5225;Totaal mannen en vrouwen;Totaal;Totaal burgerlijke staat;Best;1996;23891.0;24223.5
5226;Totaal mannen en vrouwen;Totaal;Totaal burgerlijke staat;Best;1997;24556.0;24723.0
5227;Totaal mannen en vrouwen;Totaal;Totaal burgerlijke staat;Best;1998;24890.0;25169.0
5228;Totaal mannen en vrouwen;Totaal;Totaal burgerlijke staat;Best;1999;25448.0;25696.0
5229;Totaal mannen en vrouwen;Totaal;Totaal burgerlijke staat;Best;2000;25944.0;26384.5
5230;Totaal mannen en vrouwen;Totaal;Totaal burgerlijke staat;Best;2001;26825.0;27137.5
5231;Totaal mannen en vrouwen;Totaal;Totaal burgerlijke staat;Best;2002;27450.0;27847.0
5232;Totaal mannen en vrouwen;Totaal;Totaal burgerlijke staat;Best;2003;28244.0;28451.0
5233;Totaal mannen en vrouwen;Totaal;Totaal burgerlijke staat;Best;2004;28658.0;28791.5
5234;Totaal mannen en vrouwen;Totaal;Totaal burgerlijke staat;Best;2005;28925.0;28975.5
5235;Totaal mannen en vrouwen;Totaal;Totaal burgerlijke staat;Best;2006;29026.0;29016.0
5236;Totaal mannen en vrouwen;Totaal;Totaal burgerlijke staat;Best;2007;29006.0;29047.5
5237;Totaal mannen en vrouwen;Totaal;Totaal burgerlijke staat;Best;2008;29089.0;29053.0
5238;Totaal mannen en vrouwen;Totaal;Totaal burgerlijke staat;Best;2009;29017.0;28985.0
5239;Totaal mannen en vrouwen;Totaal;Totaal burgerlijke staat;Best;2010;28953.0;28881.5
5240;Totaal mannen en vrouwen;Totaal;Totaal burgerlijke staat;Best;2011;28810.0;28753.0
5241;Totaal mannen en vrouwen;Totaal;Totaal burgerlijke staat;Best;2012;28696.0;28666.5
5242;Totaal mannen en vrouwen;Totaal;Totaal burgerlijke staat;Best;2013;28637.0;28627.0
5243;Totaal mannen en vrouwen;Totaal;Totaal burgerlijke staat;Best;2014;28617.0;28677.0
5244;Totaal mannen en vrouwen;Totaal;Totaal burgerlijke staat;Best;2015;28737.0;28856.5
5245;Totaal mannen en vrouwen;Totaal;Totaal burgerlijke staat;Best;2016;28976.0;29078.0
5246;Totaal mannen en vrouwen;Totaal;Totaal burgerlijke staat;Best;2017;29180.0;29338.5
5247;Totaal mannen en vrouwen;Totaal;Totaal burgerlijke staat;Best;2018;29497.0;29659.0
5248;Totaal mannen en vrouwen;Totaal;Totaal burgerlijke staat;Best;2019;29821.0;29904.5
5249;Totaal mannen en vrouwen;Totaal;Totaal burgerlijke staat;Best;2020;29988.0;30102.0
5250;Totaal mannen en vrouwen;Totaal;Totaal burgerlijke staat;Best;2021;30216.0;30412.0
5251;Totaal mannen en vrouwen;Totaal;Totaal burgerlijke staat;Best;2022;30608.0;30752.5
5252;Totaal mannen en vrouwen;Totaal;Totaal burgerlijke staat;Best;2023;30897.0;31060.0
5253;Totaal mannen en vrouwen;Totaal;Totaal burgerlijke staat;Best;2024;31223.0;
5254;Totaal mannen en vrouwen;Totaal;Totaal burgerlijke staat;Beuningen;1988;20883.0;
5255;Totaal mannen en vrouwen;Totaal;Totaal burgerlijke staat;Beuningen;1989;21617.0;
5256;Totaal mannen en vrouwen;Totaal;Totaal burgerlijke staat;Beuningen;1990;22237.0;
5257;Totaal mannen en vrouwen;Totaal;Totaal burgerlijke staat;Beuningen;1991;22547.0;
5258;Totaal mannen en vrouwen;Totaal;Totaal burgerlijke staat;Beuningen;1992;22769.0;
5259;Totaal mannen en vrouwen;Totaal;Totaal burgerlijke staat;Beuningen;1993;23047.0;
5260;Totaal mannen en vrouwen;Totaal;Totaal burgerlijke staat;Beuningen;1994;23403.0;
5261;Totaal mannen en vrouwen;Totaal;Totaal burgerlijke staat;Beuningen;1995;23850.0;24070.5
5262;Totaal mannen en vrouwen;Totaal;Totaal burgerlijke staat;Beuningen;1996;24291.0;24306.5
5263;Totaal mannen en vrouwen;Totaal;Totaal burgerlijke staat;Beuningen;1997;24322.0;24412.0
5264;Totaal mannen en vrouwen;Totaal;Totaal burgerlijke staat;Beuningen;1998;24502.0;24736.0
5265;Totaal mannen en vrouwen;Totaal;Totaal burgerlijke staat;Beuningen;1999;24970.0;25196.0
5266;Totaal mannen en vrouwen;Totaal;Totaal burgerlijke staat;Beuningen;2000;25422.0;25430.5
5267;Totaal mannen en vrouwen;Totaal;Totaal burgerlijke staat;Beuningen;2001;25439.0;25434.0
5268;Totaal mannen en vrouwen;Totaal;Totaal burgerlijke staat;Beuningen;2002;25429.0;25395.0
5269;Totaal mannen en vrouwen;Totaal;Totaal burgerlijke staat;Beuningen;2003;25361.0;25410.0
5270;Totaal mannen en vrouwen;Totaal;Totaal burgerlijke staat;Beuningen;2004;25459.0;25375.0
5271;Totaal mannen en vrouwen;Totaal;Totaal burgerlijke staat;Beuningen;2005;25291.0;25184.5
5272;Totaal mannen en vrouwen;Totaal;Totaal burgerlijke staat;Beuningen;2006;25078.0;25154.5
5273;Totaal mannen en vrouwen;Totaal;Totaal burgerlijke staat;Beuningen;2007;25231.0;25276.0
5274;Totaal mannen en vrouwen;Totaal;Totaal burgerlijke staat;Beuningen;2008;25321.0;25312.5
5275;Totaal mannen en vrouwen;Totaal;Totaal burgerlijke staat;Beuningen;2009;25304.0;25392.5
5276;Totaal mannen en vrouwen;Totaal;Totaal burgerlijke staat;Beuningen;2010;25481.0;25494.0
5277;Totaal mannen en vrouwen;Totaal;Totaal burgerlijke staat;Beuningen;2011;25507.0;25470.0
5278;Totaal mannen en vrouwen;Totaal;Totaal burgerlijke staat;Beuningen;2012;25433.0;25378.5
5279;Totaal mannen en vrouwen;Totaal;Totaal burgerlijke staat;Beuningen;2013;25324.0;25306.0
5280;Totaal mannen en vrouwen;Totaal;Totaal burgerlijke staat;Beuningen;2014;25288.0;25285.0
5281;Totaal mannen en vrouwen;Totaal;Totaal burgerlijke staat;Beuningen;2015;25282.0;25285.5
5282;Totaal mannen en vrouwen;Totaal;Totaal burgerlijke staat;Beuningen;2016;25289.0;25356.5
5283;Totaal mannen en vrouwen;Totaal;Totaal burgerlijke staat;Beuningen;2017;25424.0;25611.0
5284;Totaal mannen en vrouwen;Totaal;Totaal burgerlijke staat;Beuningen;2018;25798.0;25840.0
5285;Totaal mannen en vrouwen;Totaal;Totaal burgerlijke staat;Beuningen;2019;25882.0;25886.0
5286;Totaal mannen en vrouwen;Totaal;Totaal burgerlijke staat;Beuningen;2020;25890.0;26023.5
5287;Totaal mannen en vrouwen;Totaal;Totaal burgerlijke staat;Beuningen;2021;26157.0;26196.0
5288;Totaal mannen en vrouwen;Totaal;Totaal burgerlijke staat;Beuningen;2022;26235.0;26404.0
5289;Totaal mannen en vrouwen;Totaal;Totaal burgerlijke staat;Beuningen;2023;26573.0;26649.0
5290;Totaal mannen en vrouwen;Totaal;Totaal burgerlijke staat;Beuningen;2024;26725.0;
5291;Totaal mannen en vrouwen;Totaal;Totaal burgerlijke staat;Beverwijk;1988;34944.0;
5292;Totaal mannen en vrouwen;Totaal;Totaal burgerlijke staat;Beverwijk;1989;35126.0;
5293;Totaal mannen en vrouwen;Totaal;Totaal burgerlijke staat;Beverwijk;1990;35151.0;
5294;Totaal mannen en vrouwen;Totaal;Totaal burgerlijke staat;Beverwijk;1991;35165.0;
5295;Totaal mannen en vrouwen;Totaal;Totaal burgerlijke staat;Beverwijk;1992;35185.0;
5296;Totaal mannen en vrouwen;Totaal;Totaal burgerlijke staat;Beverwijk;1993;35523.0;
5297;Totaal mannen en vrouwen;Totaal;Totaal burgerlijke staat;Beverwijk;1994;35535.0;
5298;Totaal mannen en vrouwen;Totaal;Totaal burgerlijke staat;Beverwijk;1995;35482.0;35553.0
5299;Totaal mannen en vrouwen;Totaal;Totaal burgerlijke staat;Beverwijk;1996;35637.0;35644.0
5300;Totaal mannen en vrouwen;Totaal;Totaal burgerlijke staat;Beverwijk;1997;35651.0;35627.0
5301;Totaal mannen en vrouwen;Totaal;Totaal burgerlijke staat;Beverwijk;1998;35603.0;35670.0
5302;Totaal mannen en vrouwen;Totaal;Totaal burgerlijke staat;Beverwijk;1999;35737.0;35769.5
5303;Totaal mannen en vrouwen;Totaal;Totaal burgerlijke staat;Beverwijk;2000;35802.0;35870.0
5304;Totaal mannen en vrouwen;Totaal;Totaal burgerlijke staat;Beverwijk;2001;35938.0;35859.0
5305;Totaal mannen en vrouwen;Totaal;Totaal burgerlijke staat;Beverwijk;2002;35780.0;36094.5
5306;Totaal mannen en vrouwen;Totaal;Totaal burgerlijke staat;Beverwijk;2003;36409.0;36702.0
5307;Totaal mannen en vrouwen;Totaal;Totaal burgerlijke staat;Beverwijk;2004;36995.0;36927.5
5308;Totaal mannen en vrouwen;Totaal;Totaal burgerlijke staat;Beverwijk;2005;36860.0;36679.5
5309;Totaal mannen en vrouwen;Totaal;Totaal burgerlijke staat;Beverwijk;2006;36546.0;36690.5
5310;Totaal mannen en vrouwen;Totaal;Totaal burgerlijke staat;Beverwijk;2007;36835.0;37091.0
5311;Totaal mannen en vrouwen;Totaal;Totaal burgerlijke staat;Beverwijk;2008;37347.0;37815.5
5312;Totaal mannen en vrouwen;Totaal;Totaal burgerlijke staat;Beverwijk;2009;38284.0;38583.5
5313;Totaal mannen en vrouwen;Totaal;Totaal burgerlijke staat;Beverwijk;2010;38883.0;39106.0
5314;Totaal mannen en vrouwen;Totaal;Totaal burgerlijke staat;Beverwijk;2011;39329.0;39586.5
5315;Totaal mannen en vrouwen;Totaal;Totaal burgerlijke staat;Beverwijk;2012;39844.0;39957.0
5316;Totaal mannen en vrouwen;Totaal;Totaal burgerlijke staat;Beverwijk;2013;40070.0;40081.5
5317;Totaal mannen en vrouwen;Totaal;Totaal burgerlijke staat;Beverwijk;2014;40093.0;40137.5
5318;Totaal mannen en vrouwen;Totaal;Totaal burgerlijke staat;Beverwijk;2015;40182.0;40250.0
5319;Totaal mannen en vrouwen;Totaal;Totaal burgerlijke staat;Beverwijk;2016;40318.0;40513.5
5320;Totaal mannen en vrouwen;Totaal;Totaal burgerlijke staat;Beverwijk;2017;40709.0;40893.0
5321;Totaal mannen en vrouwen;Totaal;Totaal burgerlijke staat;Beverwijk;2018;41077.0;41126.5
5322;Totaal mannen en vrouwen;Totaal;Totaal burgerlijke staat;Beverwijk;2019;41176.0;41401.0
5323;Totaal mannen en vrouwen;Totaal;Totaal burgerlijke staat;Beverwijk;2020;41626.0;41744.5
5324;Totaal mannen en vrouwen;Totaal;Totaal burgerlijke staat;Beverwijk;2021;41863.0;41973.5
5325;Totaal mannen en vrouwen;Totaal;Totaal burgerlijke staat;Beverwijk;2022;42084.0;42397.5
5326;Totaal mannen en vrouwen;Totaal;Totaal burgerlijke staat;Beverwijk;2023;42711.0;42788.5
5327;Totaal mannen en vrouwen;Totaal;Totaal burgerlijke staat;Beverwijk;2024;42866.0;
5328;Totaal mannen en vrouwen;Totaal;Totaal burgerlijke staat;Bierum;1988;4298.0;
5329;Totaal mannen en vrouwen;Totaal;Totaal burgerlijke staat;Bierum;1989;4341.0;
5330;Totaal mannen en vrouwen;Totaal;Totaal burgerlijke staat;Bierum;1990;;
5331;Totaal mannen en vrouwen;Totaal;Totaal burgerlijke staat;Bierum;1991;;
5332;Totaal mannen en vrouwen;Totaal;Totaal burgerlijke staat;Bierum;1992;;
5333;Totaal mannen en vrouwen;Totaal;Totaal burgerlijke staat;Bierum;1993;;
5334;Totaal mannen en vrouwen;Totaal;Totaal burgerlijke staat;Bierum;1994;;
5335;Totaal mannen en vrouwen;Totaal;Totaal burgerlijke staat;Bierum;1995;;
5336;Totaal mannen en vrouwen;Totaal;Totaal burgerlijke staat;Bierum;1996;;
5337;Totaal mannen en vrouwen;Totaal;Totaal burgerlijke staat;Bierum;1997;;
5338;Totaal mannen en vrouwen;Totaal;Totaal burgerlijke staat;Bierum;1998;;
5339;Totaal mannen en vrouwen;Totaal;Totaal burgerlijke staat;Bierum;1999;;
5340;Totaal mannen en vrouwen;Totaal;Totaal burgerlijke staat;Bierum;2000;;
5341;Totaal mannen en vrouwen;Totaal;Totaal burgerlijke staat;Bierum;2001;;
5342;Totaal mannen en vrouwen;Totaal;Totaal burgerlijke staat;Bierum;2002;;
5343;Totaal mannen en vrouwen;Totaal;Totaal burgerlijke staat;Bierum;2003;;
5344;Totaal mannen en vrouwen;Totaal;Totaal burgerlijke staat;Bierum;2004;;
5345;Totaal mannen en vrouwen;Totaal;Totaal burgerlijke staat;Bierum;2005;;
5346;Totaal mannen en vrouwen;Totaal;Totaal burgerlijke staat;Bierum;2006;;
5347;Totaal mannen en vrouwen;Totaal;Totaal burgerlijke staat;Bierum;2007;;
5348;Totaal mannen en vrouwen;Totaal;Totaal burgerlijke staat;Bierum;2008;;
5349;Totaal mannen en vrouwen;Totaal;Totaal burgerlijke staat;Bierum;2009;;
5350;Totaal mannen en vrouwen;Totaal;Totaal burgerlijke staat;Bierum;2010;;
5351;Totaal mannen en vrouwen;Totaal;Totaal burgerlijke staat;Bierum;2011;;
5352;Totaal mannen en vrouwen;Totaal;Totaal burgerlijke staat;Bierum;2012;;
5353;Totaal mannen en vrouwen;Totaal;Totaal burgerlijke staat;Bierum;2013;;
5354;Totaal mannen en vrouwen;Totaal;Totaal burgerlijke staat;Bierum;2014;;
5355;Totaal mannen en vrouwen;Totaal;Totaal burgerlijke staat;Bierum;2015;;
5356;Totaal mannen en vrouwen;Totaal;Totaal burgerlijke staat;Bierum;2016;;
5357;Totaal mannen en vrouwen;Totaal;Totaal burgerlijke staat;Bierum;2017;;
5358;Totaal mannen en vrouwen;Totaal;Totaal burgerlijke staat;Bierum;2018;;
5359;Totaal mannen en vrouwen;Totaal;Totaal burgerlijke staat;Bierum;2019;;
5360;Totaal mannen en vrouwen;Totaal;Totaal burgerlijke staat;Bierum;2020;;
5361;Totaal mannen en vrouwen;Totaal;Totaal burgerlijke staat;Bierum;2021;;
5362;Totaal mannen en vrouwen;Totaal;Totaal burgerlijke staat;Bierum;2022;;
5363;Totaal mannen en vrouwen;Totaal;Totaal burgerlijke staat;Bierum;2023;;
5364;Totaal mannen en vrouwen;Totaal;Totaal burgerlijke staat;Bierum;2024;;
5365;Totaal mannen en vrouwen;Totaal;Totaal burgerlijke staat;het Bildt;1988;10020.0;
5366;Totaal mannen en vrouwen;Totaal;Totaal burgerlijke staat;het Bildt;1989;10044.0;
5367;Totaal mannen en vrouwen;Totaal;Totaal burgerlijke staat;het Bildt;1990;9976.0;
5368;Totaal mannen en vrouwen;Totaal;Totaal burgerlijke staat;het Bildt;1991;9876.0;
5369;Totaal mannen en vrouwen;Totaal;Totaal burgerlijke staat;het Bildt;1992;9888.0;
5370;Totaal mannen en vrouwen;Totaal;Totaal burgerlijke staat;het Bildt;1993;9860.0;
5371;Totaal mannen en vrouwen;Totaal;Totaal burgerlijke staat;het Bildt;1994;9853.0;
5372;Totaal mannen en vrouwen;Totaal;Totaal burgerlijke staat;het Bildt;1995;9891.0;9947.0
5373;Totaal mannen en vrouwen;Totaal;Totaal burgerlijke staat;het Bildt;1996;10003.0;10010.0
5374;Totaal mannen en vrouwen;Totaal;Totaal burgerlijke staat;het Bildt;1997;10017.0;10051.0
5375;Totaal mannen en vrouwen;Totaal;Totaal burgerlijke staat;het Bildt;1998;10085.0;10126.5
5376;Totaal mannen en vrouwen;Totaal;Totaal burgerlijke staat;het Bildt;1999;10168.0;10167.5
5377;Totaal mannen en vrouwen;Totaal;Totaal burgerlijke staat;het Bildt;2000;10167.0;10213.0
5378;Totaal mannen en vrouwen;Totaal;Totaal burgerlijke staat;het Bildt;2001;10259.0;10348.0
5379;Totaal mannen en vrouwen;Totaal;Totaal burgerlijke staat;het Bildt;2002;10437.0;10491.0
5380;Totaal mannen en vrouwen;Totaal;Totaal burgerlijke staat;het Bildt;2003;10545.0;10747.0
5381;Totaal mannen en vrouwen;Totaal;Totaal burgerlijke staat;het Bildt;2004;10949.0;10958.5
5382;Totaal mannen en vrouwen;Totaal;Totaal burgerlijke staat;het Bildt;2005;10968.0;10990.5
5383;Totaal mannen en vrouwen;Totaal;Totaal burgerlijke staat;het Bildt;2006;11013.0;10988.0
5384;Totaal mannen en vrouwen;Totaal;Totaal burgerlijke staat;het Bildt;2007;10963.0;10948.0
5385;Totaal mannen en vrouwen;Totaal;Totaal burgerlijke staat;het Bildt;2008;10933.0;10910.0
5386;Totaal mannen en vrouwen;Totaal;Totaal burgerlijke staat;het Bildt;2009;10887.0;10897.5
5387;Totaal mannen en vrouwen;Totaal;Totaal burgerlijke staat;het Bildt;2010;10908.0;10922.5
5388;Totaal mannen en vrouwen;Totaal;Totaal burgerlijke staat;het Bildt;2011;10937.0;10867.5
5389;Totaal mannen en vrouwen;Totaal;Totaal burgerlijke staat;het Bildt;2012;10798.0;10722.0
5390;Totaal mannen en vrouwen;Totaal;Totaal burgerlijke staat;het Bildt;2013;10646.0;10636.0
5391;Totaal mannen en vrouwen;Totaal;Totaal burgerlijke staat;het Bildt;2014;10626.0;10609.0
5392;Totaal mannen en vrouwen;Totaal;Totaal burgerlijke staat;het Bildt;2015;10592.0;10558.5
5393;Totaal mannen en vrouwen;Totaal;Totaal burgerlijke staat;het Bildt;2016;10525.0;10509.0
5394;Totaal mannen en vrouwen;Totaal;Totaal burgerlijke staat;het Bildt;2017;10493.0;10526.5
5395;Totaal mannen en vrouwen;Totaal;Totaal burgerlijke staat;het Bildt;2018;;
5396;Totaal mannen en vrouwen;Totaal;Totaal burgerlijke staat;het Bildt;2019;;
5397;Totaal mannen en vrouwen;Totaal;Totaal burgerlijke staat;het Bildt;2020;;
5398;Totaal mannen en vrouwen;Totaal;Totaal burgerlijke staat;het Bildt;2021;;
5399;Totaal mannen en vrouwen;Totaal;Totaal burgerlijke staat;het Bildt;2022;;
5400;Totaal mannen en vrouwen;Totaal;Totaal burgerlijke staat;het Bildt;2023;;
5401;Totaal mannen en vrouwen;Totaal;Totaal burgerlijke staat;het Bildt;2024;;
5402;Totaal mannen en vrouwen;Totaal;Totaal burgerlijke staat;De Bilt;1988;31781.0;
5403;Totaal mannen en vrouwen;Totaal;Totaal burgerlijke staat;De Bilt;1989;31729.0;
5404;Totaal mannen en vrouwen;Totaal;Totaal burgerlijke staat;De Bilt;1990;32174.0;
5405;Totaal mannen en vrouwen;Totaal;Totaal burgerlijke staat;De Bilt;1991;32518.0;
5406;Totaal mannen en vrouwen;Totaal;Totaal burgerlijke staat;De Bilt;1992;32936.0;
5407;Totaal mannen en vrouwen;Totaal;Totaal burgerlijke staat;De Bilt;1993;33002.0;
5408;Totaal mannen en vrouwen;Totaal;Totaal burgerlijke staat;De Bilt;1994;32980.0;
5409;Totaal mannen en vrouwen;Totaal;Totaal burgerlijke staat;De Bilt;1995;32817.0;32689.5
5410;Totaal mannen en vrouwen;Totaal;Totaal burgerlijke staat;De Bilt;1996;32562.0;32497.5
5411;Totaal mannen en vrouwen;Totaal;Totaal burgerlijke staat;De Bilt;1997;32433.0;32568.0
5412;Totaal mannen en vrouwen;Totaal;Totaal burgerlijke staat;De Bilt;1998;32703.0;32750.0
5413;Totaal mannen en vrouwen;Totaal;Totaal burgerlijke staat;De Bilt;1999;32797.0;32729.5
5414;Totaal mannen en vrouwen;Totaal;Totaal burgerlijke staat;De Bilt;2000;32662.0;32566.5
5415;Totaal mannen en vrouwen;Totaal;Totaal burgerlijke staat;De Bilt;2001;42056.0;42182.5
5416;Totaal mannen en vrouwen;Totaal;Totaal burgerlijke staat;De Bilt;2002;42309.0;42308.5
5417;Totaal mannen en vrouwen;Totaal;Totaal burgerlijke staat;De Bilt;2003;42308.0;42258.0
5418;Totaal mannen en vrouwen;Totaal;Totaal burgerlijke staat;De Bilt;2004;42208.0;42201.5
5419;Totaal mannen en vrouwen;Totaal;Totaal burgerlijke staat;De Bilt;2005;42195.0;42116.0
5420;Totaal mannen en vrouwen;Totaal;Totaal burgerlijke staat;De Bilt;2006;42037.0;42026.5
5421;Totaal mannen en vrouwen;Totaal;Totaal burgerlijke staat;De Bilt;2007;42016.0;42007.0
5422;Totaal mannen en vrouwen;Totaal;Totaal burgerlijke staat;De Bilt;2008;41998.0;41991.0
5423;Totaal mannen en vrouwen;Totaal;Totaal burgerlijke staat;De Bilt;2009;41984.0;42000.5
5424;Totaal mannen en vrouwen;Totaal;Totaal burgerlijke staat;De Bilt;2010;42017.0;42033.0
5425;Totaal mannen en vrouwen;Totaal;Totaal burgerlijke staat;De Bilt;2011;42049.0;42064.0
5426;Totaal mannen en vrouwen;Totaal;Totaal burgerlijke staat;De Bilt;2012;42079.0;42055.5
5427;Totaal mannen en vrouwen;Totaal;Totaal burgerlijke staat;De Bilt;2013;42032.0;42034.0
5428;Totaal mannen en vrouwen;Totaal;Totaal burgerlijke staat;De Bilt;2014;42036.0;42102.5
5429;Totaal mannen en vrouwen;Totaal;Totaal burgerlijke staat;De Bilt;2015;42169.0;42272.0
5430;Totaal mannen en vrouwen;Totaal;Totaal burgerlijke staat;De Bilt;2016;42375.0;42564.5
5431;Totaal mannen en vrouwen;Totaal;Totaal burgerlijke staat;De Bilt;2017;42754.0;42800.0
5432;Totaal mannen en vrouwen;Totaal;Totaal burgerlijke staat;De Bilt;2018;42846.0;42835.0
5433;Totaal mannen en vrouwen;Totaal;Totaal burgerlijke staat;De Bilt;2019;42824.0;42980.5
5434;Totaal mannen en vrouwen;Totaal;Totaal burgerlijke staat;De Bilt;2020;43137.0;43260.5
5435;Totaal mannen en vrouwen;Totaal;Totaal burgerlijke staat;De Bilt;2021;43384.0;43446.0
5436;Totaal mannen en vrouwen;Totaal;Totaal burgerlijke staat;De Bilt;2022;43508.0;43696.0
5437;Totaal mannen en vrouwen;Totaal;Totaal burgerlijke staat;De Bilt;2023;43884.0;43801.0
5438;Totaal mannen en vrouwen;Totaal;Totaal burgerlijke staat;De Bilt;2024;43718.0;
5439;Totaal mannen en vrouwen;Totaal;Totaal burgerlijke staat;Binnenmaas;1988;18601.0;
5440;Totaal mannen en vrouwen;Totaal;Totaal burgerlijke staat;Binnenmaas;1989;18599.0;
5441;Totaal mannen en vrouwen;Totaal;Totaal burgerlijke staat;Binnenmaas;1990;18525.0;
5442;Totaal mannen en vrouwen;Totaal;Totaal burgerlijke staat;Binnenmaas;1991;18541.0;
5443;Totaal mannen en vrouwen;Totaal;Totaal burgerlijke staat;Binnenmaas;1992;18688.0;
5444;Totaal mannen en vrouwen;Totaal;Totaal burgerlijke staat;Binnenmaas;1993;18700.0;
5445;Totaal mannen en vrouwen;Totaal;Totaal burgerlijke staat;Binnenmaas;1994;18755.0;
5446;Totaal mannen en vrouwen;Totaal;Totaal burgerlijke staat;Binnenmaas;1995;18753.0;18816.0
5447;Totaal mannen en vrouwen;Totaal;Totaal burgerlijke staat;Binnenmaas;1996;18879.0;18908.5
5448;Totaal mannen en vrouwen;Totaal;Totaal burgerlijke staat;Binnenmaas;1997;18938.0;18960.0
5449;Totaal mannen en vrouwen;Totaal;Totaal burgerlijke staat;Binnenmaas;1998;18982.0;18976.0
5450;Totaal mannen en vrouwen;Totaal;Totaal burgerlijke staat;Binnenmaas;1999;18970.0;19025.0
5451;Totaal mannen en vrouwen;Totaal;Totaal burgerlijke staat;Binnenmaas;2000;19080.0;19156.0
5452;Totaal mannen en vrouwen;Totaal;Totaal burgerlijke staat;Binnenmaas;2001;19232.0;19222.5
5453;Totaal mannen en vrouwen;Totaal;Totaal burgerlijke staat;Binnenmaas;2002;19213.0;19212.0
5454;Totaal mannen en vrouwen;Totaal;Totaal burgerlijke staat;Binnenmaas;2003;19211.0;19228.0
5455;Totaal mannen en vrouwen;Totaal;Totaal burgerlijke staat;Binnenmaas;2004;19245.0;19363.0
5456;Totaal mannen en vrouwen;Totaal;Totaal burgerlijke staat;Binnenmaas;2005;19481.0;19558.5
5457;Totaal mannen en vrouwen;Totaal;Totaal burgerlijke staat;Binnenmaas;2006;19636.0;19625.0
5458;Totaal mannen en vrouwen;Totaal;Totaal burgerlijke staat;Binnenmaas;2007;28649.0;28723.0
5459;Totaal mannen en vrouwen;Totaal;Totaal burgerlijke staat;Binnenmaas;2008;28797.0;28829.5
5460;Totaal mannen en vrouwen;Totaal;Totaal burgerlijke staat;Binnenmaas;2009;28862.0;28894.0
5461;Totaal mannen en vrouwen;Totaal;Totaal burgerlijke staat;Binnenmaas;2010;28926.0;28946.5
5462;Totaal mannen en vrouwen;Totaal;Totaal burgerlijke staat;Binnenmaas;2011;28967.0;28964.5
5463;Totaal mannen en vrouwen;Totaal;Totaal burgerlijke staat;Binnenmaas;2012;28962.0;28963.0
5464;Totaal mannen en vrouwen;Totaal;Totaal burgerlijke staat;Binnenmaas;2013;28964.0;28837.0
5465;Totaal mannen en vrouwen;Totaal;Totaal burgerlijke staat;Binnenmaas;2014;28710.0;28683.0
5466;Totaal mannen en vrouwen;Totaal;Totaal burgerlijke staat;Binnenmaas;2015;28656.0;28713.5
5467;Totaal mannen en vrouwen;Totaal;Totaal burgerlijke staat;Binnenmaas;2016;28771.0;28946.5
5468;Totaal mannen en vrouwen;Totaal;Totaal burgerlijke staat;Binnenmaas;2017;29122.0;29110.0
5469;Totaal mannen en vrouwen;Totaal;Totaal burgerlijke staat;Binnenmaas;2018;29098.0;29195.0
5470;Totaal mannen en vrouwen;Totaal;Totaal burgerlijke staat;Binnenmaas;2019;;
5471;Totaal mannen en vrouwen;Totaal;Totaal burgerlijke staat;Binnenmaas;2020;;
5472;Totaal mannen en vrouwen;Totaal;Totaal burgerlijke staat;Binnenmaas;2021;;
5473;Totaal mannen en vrouwen;Totaal;Totaal burgerlijke staat;Binnenmaas;2022;;
5474;Totaal mannen en vrouwen;Totaal;Totaal burgerlijke staat;Binnenmaas;2023;;
5475;Totaal mannen en vrouwen;Totaal;Totaal burgerlijke staat;Binnenmaas;2024;;
5476;Totaal mannen en vrouwen;Totaal;Totaal burgerlijke staat;Bladel;1988;;
5477;Totaal mannen en vrouwen;Totaal;Totaal burgerlijke staat;Bladel;1989;;
5478;Totaal mannen en vrouwen;Totaal;Totaal burgerlijke staat;Bladel;1990;;
5479;Totaal mannen en vrouwen;Totaal;Totaal burgerlijke staat;Bladel;1991;;
5480;Totaal mannen en vrouwen;Totaal;Totaal burgerlijke staat;Bladel;1992;;
5481;Totaal mannen en vrouwen;Totaal;Totaal burgerlijke staat;Bladel;1993;;
5482;Totaal mannen en vrouwen;Totaal;Totaal burgerlijke staat;Bladel;1994;;
5483;Totaal mannen en vrouwen;Totaal;Totaal burgerlijke staat;Bladel;1995;;
5484;Totaal mannen en vrouwen;Totaal;Totaal burgerlijke staat;Bladel;1996;;
5485;Totaal mannen en vrouwen;Totaal;Totaal burgerlijke staat;Bladel;1997;18851.0;18907.0
5486;Totaal mannen en vrouwen;Totaal;Totaal burgerlijke staat;Bladel;1998;18963.0;18960.5
5487;Totaal mannen en vrouwen;Totaal;Totaal burgerlijke staat;Bladel;1999;18958.0;18977.5
5488;Totaal mannen en vrouwen;Totaal;Totaal burgerlijke staat;Bladel;2000;18997.0;18994.5
5489;Totaal mannen en vrouwen;Totaal;Totaal burgerlijke staat;Bladel;2001;18992.0;19019.0
5490;Totaal mannen en vrouwen;Totaal;Totaal burgerlijke staat;Bladel;2002;19046.0;19069.0
5491;Totaal mannen en vrouwen;Totaal;Totaal burgerlijke staat;Bladel;2003;19092.0;19122.5
5492;Totaal mannen en vrouwen;Totaal;Totaal burgerlijke staat;Bladel;2004;19153.0;19144.0
5493;Totaal mannen en vrouwen;Totaal;Totaal burgerlijke staat;Bladel;2005;19135.0;19132.5
5494;Totaal mannen en vrouwen;Totaal;Totaal burgerlijke staat;Bladel;2006;19130.0;19094.0
5495;Totaal mannen en vrouwen;Totaal;Totaal burgerlijke staat;Bladel;2007;19058.0;19086.0
5496;Totaal mannen en vrouwen;Totaal;Totaal burgerlijke staat;Bladel;2008;19114.0;19121.5
5497;Totaal mannen en vrouwen;Totaal;Totaal burgerlijke staat;Bladel;2009;19129.0;19153.0
5498;Totaal mannen en vrouwen;Totaal;Totaal burgerlijke staat;Bladel;2010;19177.0;19281.5
5499;Totaal mannen en vrouwen;Totaal;Totaal burgerlijke staat;Bladel;2011;19386.0;19484.0
5500;Totaal mannen en vrouwen;Totaal;Totaal burgerlijke staat;Bladel;2012;19582.0;19608.5
5501;Totaal mannen en vrouwen;Totaal;Totaal burgerlijke staat;Bladel;2013;19635.0;19734.5
5502;Totaal mannen en vrouwen;Totaal;Totaal burgerlijke staat;Bladel;2014;19834.0;19851.5
5503;Totaal mannen en vrouwen;Totaal;Totaal burgerlijke staat;Bladel;2015;19869.0;19917.5
5504;Totaal mannen en vrouwen;Totaal;Totaal burgerlijke staat;Bladel;2016;19966.0;20014.5
5505;Totaal mannen en vrouwen;Totaal;Totaal burgerlijke staat;Bladel;2017;20063.0;20103.5
5506;Totaal mannen en vrouwen;Totaal;Totaal burgerlijke staat;Bladel;2018;20144.0;20159.5
5507;Totaal mannen en vrouwen;Totaal;Totaal burgerlijke staat;Bladel;2019;20175.0;20282.5
5508;Totaal mannen en vrouwen;Totaal;Totaal burgerlijke staat;Bladel;2020;20390.0;20459.5
5509;Totaal mannen en vrouwen;Totaal;Totaal burgerlijke staat;Bladel;2021;20529.0;20623.5
5510;Totaal mannen en vrouwen;Totaal;Totaal burgerlijke staat;Bladel;2022;20718.0;20863.5
5511;Totaal mannen en vrouwen;Totaal;Totaal burgerlijke staat;Bladel;2023;21009.0;20997.0
5512;Totaal mannen en vrouwen;Totaal;Totaal burgerlijke staat;Bladel;2024;20985.0;
5513;Totaal mannen en vrouwen;Totaal;Totaal burgerlijke staat;Bladel en Netersel;1988;9829.0;
5514;Totaal mannen en vrouwen;Totaal;Totaal burgerlijke staat;Bladel en Netersel;1989;9932.0;
5515;Totaal mannen en vrouwen;Totaal;Totaal burgerlijke staat;Bladel en Netersel;1990;9968.0;
5516;Totaal mannen en vrouwen;Totaal;Totaal burgerlijke staat;Bladel en Netersel;1991;10095.0;
5517;Totaal mannen en vrouwen;Totaal;Totaal burgerlijke staat;Bladel en Netersel;1992;10164.0;
5518;Totaal mannen en vrouwen;Totaal;Totaal burgerlijke staat;Bladel en Netersel;1993;10279.0;
5519;Totaal mannen en vrouwen;Totaal;Totaal burgerlijke staat;Bladel en Netersel;1994;10361.0;
5520;Totaal mannen en vrouwen;Totaal;Totaal burgerlijke staat;Bladel en Netersel;1995;10498.0;10536.5
5521;Totaal mannen en vrouwen;Totaal;Totaal burgerlijke staat;Bladel en Netersel;1996;10575.0;10572.5
5522;Totaal mannen en vrouwen;Totaal;Totaal burgerlijke staat;Bladel en Netersel;1997;;
5523;Totaal mannen en vrouwen;Totaal;Totaal burgerlijke staat;Bladel en Netersel;1998;;
5524;Totaal mannen en vrouwen;Totaal;Totaal burgerlijke staat;Bladel en Netersel;1999;;
5525;Totaal mannen en vrouwen;Totaal;Totaal burgerlijke staat;Bladel en Netersel;2000;;
5526;Totaal mannen en vrouwen;Totaal;Totaal burgerlijke staat;Bladel en Netersel;2001;;
5527;Totaal mannen en vrouwen;Totaal;Totaal burgerlijke staat;Bladel en Netersel;2002;;
5528;Totaal mannen en vrouwen;Totaal;Totaal burgerlijke staat;Bladel en Netersel;2003;;
5529;Totaal mannen en vrouwen;Totaal;Totaal burgerlijke staat;Bladel en Netersel;2004;;
5530;Totaal mannen en vrouwen;Totaal;Totaal burgerlijke staat;Bladel en Netersel;2005;;
5531;Totaal mannen en vrouwen;Totaal;Totaal burgerlijke staat;Bladel en Netersel;2006;;
5532;Totaal mannen en vrouwen;Totaal;Totaal burgerlijke staat;Bladel en Netersel;2007;;
5533;Totaal mannen en vrouwen;Totaal;Totaal burgerlijke staat;Bladel en Netersel;2008;;
5534;Totaal mannen en vrouwen;Totaal;Totaal burgerlijke staat;Bladel en Netersel;2009;;
5535;Totaal mannen en vrouwen;Totaal;Totaal burgerlijke staat;Bladel en Netersel;2010;;
5536;Totaal mannen en vrouwen;Totaal;Totaal burgerlijke staat;Bladel en Netersel;2011;;
5537;Totaal mannen en vrouwen;Totaal;Totaal burgerlijke staat;Bladel en Netersel;2012;;
5538;Totaal mannen en vrouwen;Totaal;Totaal burgerlijke staat;Bladel en Netersel;2013;;
5539;Totaal mannen en vrouwen;Totaal;Totaal burgerlijke staat;Bladel en Netersel;2014;;
5540;Totaal mannen en vrouwen;Totaal;Totaal burgerlijke staat;Bladel en Netersel;2015;;
5541;Totaal mannen en vrouwen;Totaal;Totaal burgerlijke staat;Bladel en Netersel;2016;;
5542;Totaal mannen en vrouwen;Totaal;Totaal burgerlijke staat;Bladel en Netersel;2017;;
5543;Totaal mannen en vrouwen;Totaal;Totaal burgerlijke staat;Bladel en Netersel;2018;;
5544;Totaal mannen en vrouwen;Totaal;Totaal burgerlijke staat;Bladel en Netersel;2019;;
5545;Totaal mannen en vrouwen;Totaal;Totaal burgerlijke staat;Bladel en Netersel;2020;;
5546;Totaal mannen en vrouwen;Totaal;Totaal burgerlijke staat;Bladel en Netersel;2021;;
5547;Totaal mannen en vrouwen;Totaal;Totaal burgerlijke staat;Bladel en Netersel;2022;;
5548;Totaal mannen en vrouwen;Totaal;Totaal burgerlijke staat;Bladel en Netersel;2023;;
5549;Totaal mannen en vrouwen;Totaal;Totaal burgerlijke staat;Bladel en Netersel;2024;;
5550;Totaal mannen en vrouwen;Totaal;Totaal burgerlijke staat;Blaricum;1988;10948.0;
5551;Totaal mannen en vrouwen;Totaal;Totaal burgerlijke staat;Blaricum;1989;10775.0;
5552;Totaal mannen en vrouwen;Totaal;Totaal burgerlijke staat;Blaricum;1990;10609.0;
5553;Totaal mannen en vrouwen;Totaal;Totaal burgerlijke staat;Blaricum;1991;10511.0;
5554;Totaal mannen en vrouwen;Totaal;Totaal burgerlijke staat;Blaricum;1992;10336.0;
5555;Totaal mannen en vrouwen;Totaal;Totaal burgerlijke staat;Blaricum;1993;10282.0;
5556;Totaal mannen en vrouwen;Totaal;Totaal burgerlijke staat;Blaricum;1994;10210.0;
5557;Totaal mannen en vrouwen;Totaal;Totaal burgerlijke staat;Blaricum;1995;10092.0;10078.0
5558;Totaal mannen en vrouwen;Totaal;Totaal burgerlijke staat;Blaricum;1996;10064.0;10003.5
5559;Totaal mannen en vrouwen;Totaal;Totaal burgerlijke staat;Blaricum;1997;9943.0;9876.0
5560;Totaal mannen en vrouwen;Totaal;Totaal burgerlijke staat;Blaricum;1998;9809.0;9725.5
5561;Totaal mannen en vrouwen;Totaal;Totaal burgerlijke staat;Blaricum;1999;9642.0;9583.5
5562;Totaal mannen en vrouwen;Totaal;Totaal burgerlijke staat;Blaricum;2000;9525.0;9450.5
5563;Totaal mannen en vrouwen;Totaal;Totaal burgerlijke staat;Blaricum;2001;9376.0;9359.5
5564;Totaal mannen en vrouwen;Totaal;Totaal burgerlijke staat;Blaricum;2002;9343.0;9326.0
5565;Totaal mannen en vrouwen;Totaal;Totaal burgerlijke staat;Blaricum;2003;9309.0;9283.0
5566;Totaal mannen en vrouwen;Totaal;Totaal burgerlijke staat;Blaricum;2004;9257.0;9218.0
5567;Totaal mannen en vrouwen;Totaal;Totaal burgerlijke staat;Blaricum;2005;9179.0;9146.5
5568;Totaal mannen en vrouwen;Totaal;Totaal burgerlijke staat;Blaricum;2006;9114.0;9113.0
5569;Totaal mannen en vrouwen;Totaal;Totaal burgerlijke staat;Blaricum;2007;9112.0;9074.0
5570;Totaal mannen en vrouwen;Totaal;Totaal burgerlijke staat;Blaricum;2008;9036.0;9011.5
5571;Totaal mannen en vrouwen;Totaal;Totaal burgerlijke staat;Blaricum;2009;8987.0;8971.0
5572;Totaal mannen en vrouwen;Totaal;Totaal burgerlijke staat;Blaricum;2010;8955.0;8957.0
5573;Totaal mannen en vrouwen;Totaal;Totaal burgerlijke staat;Blaricum;2011;8959.0;8998.5
5574;Totaal mannen en vrouwen;Totaal;Totaal burgerlijke staat;Blaricum;2012;9038.0;9072.5
5575;Totaal mannen en vrouwen;Totaal;Totaal burgerlijke staat;Blaricum;2013;9107.0;9100.5
5576;Totaal mannen en vrouwen;Totaal;Totaal burgerlijke staat;Blaricum;2014;9094.0;9203.0
5577;Totaal mannen en vrouwen;Totaal;Totaal burgerlijke staat;Blaricum;2015;9312.0;9467.0
5578;Totaal mannen en vrouwen;Totaal;Totaal burgerlijke staat;Blaricum;2016;9622.0;9911.5
5579;Totaal mannen en vrouwen;Totaal;Totaal burgerlijke staat;Blaricum;2017;10201.0;10498.0
5580;Totaal mannen en vrouwen;Totaal;Totaal burgerlijke staat;Blaricum;2018;10795.0;10998.5
5581;Totaal mannen en vrouwen;Totaal;Totaal burgerlijke staat;Blaricum;2019;11202.0;11371.0
5582;Totaal mannen en vrouwen;Totaal;Totaal burgerlijke staat;Blaricum;2020;11540.0;11747.0
5583;Totaal mannen en vrouwen;Totaal;Totaal burgerlijke staat;Blaricum;2021;11954.0;12156.5
5584;Totaal mannen en vrouwen;Totaal;Totaal burgerlijke staat;Blaricum;2022;12359.0;12424.5
5585;Totaal mannen en vrouwen;Totaal;Totaal burgerlijke staat;Blaricum;2023;12490.0;12607.0
5586;Totaal mannen en vrouwen;Totaal;Totaal burgerlijke staat;Blaricum;2024;12724.0;
5587;Totaal mannen en vrouwen;Totaal;Totaal burgerlijke staat;Bleiswijk;1988;8881.0;
5588;Totaal mannen en vrouwen;Totaal;Totaal burgerlijke staat;Bleiswijk;1989;8977.0;
5589;Totaal mannen en vrouwen;Totaal;Totaal burgerlijke staat;Bleiswijk;1990;9081.0;
5590;Totaal mannen en vrouwen;Totaal;Totaal burgerlijke staat;Bleiswijk;1991;9187.0;
5591;Totaal mannen en vrouwen;Totaal;Totaal burgerlijke staat;Bleiswijk;1992;9307.0;
5592;Totaal mannen en vrouwen;Totaal;Totaal burgerlijke staat;Bleiswijk;1993;9510.0;
5593;Totaal mannen en vrouwen;Totaal;Totaal burgerlijke staat;Bleiswijk;1994;9617.0;
5594;Totaal mannen en vrouwen;Totaal;Totaal burgerlijke staat;Bleiswijk;1995;9679.0;9756.0
5595;Totaal mannen en vrouwen;Totaal;Totaal burgerlijke staat;Bleiswijk;1996;9833.0;9855.5
5596;Totaal mannen en vrouwen;Totaal;Totaal burgerlijke staat;Bleiswijk;1997;9878.0;9850.0
5597;Totaal mannen en vrouwen;Totaal;Totaal burgerlijke staat;Bleiswijk;1998;9822.0;9908.5
5598;Totaal mannen en vrouwen;Totaal;Totaal burgerlijke staat;Bleiswijk;1999;9995.0;10074.0
5599;Totaal mannen en vrouwen;Totaal;Totaal burgerlijke staat;Bleiswijk;2000;10153.0;10205.5
5600;Totaal mannen en vrouwen;Totaal;Totaal burgerlijke staat;Bleiswijk;2001;10258.0;10325.0
5601;Totaal mannen en vrouwen;Totaal;Totaal burgerlijke staat;Bleiswijk;2002;10392.0;10370.5
5602;Totaal mannen en vrouwen;Totaal;Totaal burgerlijke staat;Bleiswijk;2003;10349.0;10399.0
5603;Totaal mannen en vrouwen;Totaal;Totaal burgerlijke staat;Bleiswijk;2004;10449.0;10383.0
5604;Totaal mannen en vrouwen;Totaal;Totaal burgerlijke staat;Bleiswijk;2005;10317.0;10274.0
5605;Totaal mannen en vrouwen;Totaal;Totaal burgerlijke staat;Bleiswijk;2006;10231.0;10304.0
5606;Totaal mannen en vrouwen;Totaal;Totaal burgerlijke staat;Bleiswijk;2007;;
5607;Totaal mannen en vrouwen;Totaal;Totaal burgerlijke staat;Bleiswijk;2008;;
5608;Totaal mannen en vrouwen;Totaal;Totaal burgerlijke staat;Bleiswijk;2009;;
5609;Totaal mannen en vrouwen;Totaal;Totaal burgerlijke staat;Bleiswijk;2010;;
5610;Totaal mannen en vrouwen;Totaal;Totaal burgerlijke staat;Bleiswijk;2011;;
5611;Totaal mannen en vrouwen;Totaal;Totaal burgerlijke staat;Bleiswijk;2012;;
5612;Totaal mannen en vrouwen;Totaal;Totaal burgerlijke staat;Bleiswijk;2013;;
5613;Totaal mannen en vrouwen;Totaal;Totaal burgerlijke staat;Bleiswijk;2014;;
5614;Totaal mannen en vrouwen;Totaal;Totaal burgerlijke staat;Bleiswijk;2015;;
5615;Totaal mannen en vrouwen;Totaal;Totaal burgerlijke staat;Bleiswijk;2016;;
5616;Totaal mannen en vrouwen;Totaal;Totaal burgerlijke staat;Bleiswijk;2017;;
5617;Totaal mannen en vrouwen;Totaal;Totaal burgerlijke staat;Bleiswijk;2018;;
5618;Totaal mannen en vrouwen;Totaal;Totaal burgerlijke staat;Bleiswijk;2019;;
5619;Totaal mannen en vrouwen;Totaal;Totaal burgerlijke staat;Bleiswijk;2020;;
5620;Totaal mannen en vrouwen;Totaal;Totaal burgerlijke staat;Bleiswijk;2021;;
5621;Totaal mannen en vrouwen;Totaal;Totaal burgerlijke staat;Bleiswijk;2022;;
5622;Totaal mannen en vrouwen;Totaal;Totaal burgerlijke staat;Bleiswijk;2023;;
5623;Totaal mannen en vrouwen;Totaal;Totaal burgerlijke staat;Bleiswijk;2024;;
5624;Totaal mannen en vrouwen;Totaal;Totaal burgerlijke staat;Bloemendaal;1988;17378.0;
5625;Totaal mannen en vrouwen;Totaal;Totaal burgerlijke staat;Bloemendaal;1989;17412.0;
5626;Totaal mannen en vrouwen;Totaal;Totaal burgerlijke staat;Bloemendaal;1990;17369.0;
5627;Totaal mannen en vrouwen;Totaal;Totaal burgerlijke staat;Bloemendaal;1991;17216.0;
5628;Totaal mannen en vrouwen;Totaal;Totaal burgerlijke staat;Bloemendaal;1992;16997.0;
5629;Totaal mannen en vrouwen;Totaal;Totaal burgerlijke staat;Bloemendaal;1993;17024.0;
5630;Totaal mannen en vrouwen;Totaal;Totaal burgerlijke staat;Bloemendaal;1994;16737.0;
5631;Totaal mannen en vrouwen;Totaal;Totaal burgerlijke staat;Bloemendaal;1995;16735.0;16742.5
5632;Totaal mannen en vrouwen;Totaal;Totaal burgerlijke staat;Bloemendaal;1996;16750.0;16797.5
5633;Totaal mannen en vrouwen;Totaal;Totaal burgerlijke staat;Bloemendaal;1997;16845.0;16725.0
5634;Totaal mannen en vrouwen;Totaal;Totaal burgerlijke staat;Bloemendaal;1998;16605.0;16693.5
5635;Totaal mannen en vrouwen;Totaal;Totaal burgerlijke staat;Bloemendaal;1999;16782.0;16749.0
5636;Totaal mannen en vrouwen;Totaal;Totaal burgerlijke staat;Bloemendaal;2000;16716.0;16773.5
5637;Totaal mannen en vrouwen;Totaal;Totaal burgerlijke staat;Bloemendaal;2001;16831.0;16964.0
5638;Totaal mannen en vrouwen;Totaal;Totaal burgerlijke staat;Bloemendaal;2002;17097.0;17071.0
5639;Totaal mannen en vrouwen;Totaal;Totaal burgerlijke staat;Bloemendaal;2003;17045.0;16983.5
5640;Totaal mannen en vrouwen;Totaal;Totaal burgerlijke staat;Bloemendaal;2004;16922.0;16963.5
5641;Totaal mannen en vrouwen;Totaal;Totaal burgerlijke staat;Bloemendaal;2005;17005.0;16989.5
5642;Totaal mannen en vrouwen;Totaal;Totaal burgerlijke staat;Bloemendaal;2006;16974.0;17001.0
5643;Totaal mannen en vrouwen;Totaal;Totaal burgerlijke staat;Bloemendaal;2007;17028.0;16950.5
5644;Totaal mannen en vrouwen;Totaal;Totaal burgerlijke staat;Bloemendaal;2008;16873.0;16878.5
5645;Totaal mannen en vrouwen;Totaal;Totaal burgerlijke staat;Bloemendaal;2009;22069.0;22046.0
5646;Totaal mannen en vrouwen;Totaal;Totaal burgerlijke staat;Bloemendaal;2010;22023.0;22031.0
5647;Totaal mannen en vrouwen;Totaal;Totaal burgerlijke staat;Bloemendaal;2011;22039.0;22047.5
5648;Totaal mannen en vrouwen;Totaal;Totaal burgerlijke staat;Bloemendaal;2012;22056.0;22125.5
5649;Totaal mannen en vrouwen;Totaal;Totaal burgerlijke staat;Bloemendaal;2013;22195.0;22127.0
5650;Totaal mannen en vrouwen;Totaal;Totaal burgerlijke staat;Bloemendaal;2014;22059.0;22157.5
5651;Totaal mannen en vrouwen;Totaal;Totaal burgerlijke staat;Bloemendaal;2015;22256.0;22276.0
5652;Totaal mannen en vrouwen;Totaal;Totaal burgerlijke staat;Bloemendaal;2016;22296.0;22561.0
5653;Totaal mannen en vrouwen;Totaal;Totaal burgerlijke staat;Bloemendaal;2017;22826.0;23017.0
5654;Totaal mannen en vrouwen;Totaal;Totaal burgerlijke staat;Bloemendaal;2018;23208.0;23309.0
5655;Totaal mannen en vrouwen;Totaal;Totaal burgerlijke staat;Bloemendaal;2019;23410.0;23490.5
5656;Totaal mannen en vrouwen;Totaal;Totaal burgerlijke staat;Bloemendaal;2020;23571.0;23524.5
5657;Totaal mannen en vrouwen;Totaal;Totaal burgerlijke staat;Bloemendaal;2021;23478.0;23605.0
5658;Totaal mannen en vrouwen;Totaal;Totaal burgerlijke staat;Bloemendaal;2022;23732.0;23827.0
5659;Totaal mannen en vrouwen;Totaal;Totaal burgerlijke staat;Bloemendaal;2023;23922.0;23854.0
5660;Totaal mannen en vrouwen;Totaal;Totaal burgerlijke staat;Bloemendaal;2024;23786.0;
5661;Totaal mannen en vrouwen;Totaal;Totaal burgerlijke staat;Boarnsterhim;1988;17687.0;
5662;Totaal mannen en vrouwen;Totaal;Totaal burgerlijke staat;Boarnsterhim;1989;17720.0;
5663;Totaal mannen en vrouwen;Totaal;Totaal burgerlijke staat;Boarnsterhim;1990;17711.0;
5664;Totaal mannen en vrouwen;Totaal;Totaal burgerlijke staat;Boarnsterhim;1991;17638.0;
5665;Totaal mannen en vrouwen;Totaal;Totaal burgerlijke staat;Boarnsterhim;1992;17692.0;
5666;Totaal mannen en vrouwen;Totaal;Totaal burgerlijke staat;Boarnsterhim;1993;17784.0;
5667;Totaal mannen en vrouwen;Totaal;Totaal burgerlijke staat;Boarnsterhim;1994;17806.0;
5668;Totaal mannen en vrouwen;Totaal;Totaal burgerlijke staat;Boarnsterhim;1995;17861.0;17892.5
5669;Totaal mannen en vrouwen;Totaal;Totaal burgerlijke staat;Boarnsterhim;1996;17924.0;17983.5
5670;Totaal mannen en vrouwen;Totaal;Totaal burgerlijke staat;Boarnsterhim;1997;18043.0;18058.0
5671;Totaal mannen en vrouwen;Totaal;Totaal burgerlijke staat;Boarnsterhim;1998;18073.0;18087.0
5672;Totaal mannen en vrouwen;Totaal;Totaal burgerlijke staat;Boarnsterhim;1999;18101.0;18183.0
5673;Totaal mannen en vrouwen;Totaal;Totaal burgerlijke staat;Boarnsterhim;2000;18265.0;18426.5
5674;Totaal mannen en vrouwen;Totaal;Totaal burgerlijke staat;Boarnsterhim;2001;18588.0;18663.0
5675;Totaal mannen en vrouwen;Totaal;Totaal burgerlijke staat;Boarnsterhim;2002;18738.0;18859.0
5676;Totaal mannen en vrouwen;Totaal;Totaal burgerlijke staat;Boarnsterhim;2003;18980.0;19044.0
5677;Totaal mannen en vrouwen;Totaal;Totaal burgerlijke staat;Boarnsterhim;2004;19108.0;19167.5
5678;Totaal mannen en vrouwen;Totaal;Totaal burgerlijke staat;Boarnsterhim;2005;19227.0;19219.5
5679;Totaal mannen en vrouwen;Totaal;Totaal burgerlijke staat;Boarnsterhim;2006;19212.0;19263.0
5680;Totaal mannen en vrouwen;Totaal;Totaal burgerlijke staat;Boarnsterhim;2007;19314.0;19292.0
5681;Totaal mannen en vrouwen;Totaal;Totaal burgerlijke staat;Boarnsterhim;2008;19270.0;19288.0
5682;Totaal mannen en vrouwen;Totaal;Totaal burgerlijke staat;Boarnsterhim;2009;19306.0;19331.5
5683;Totaal mannen en vrouwen;Totaal;Totaal burgerlijke staat;Boarnsterhim;2010;19357.0;19327.5
5684;Totaal mannen en vrouwen;Totaal;Totaal burgerlijke staat;Boarnsterhim;2011;19298.0;19339.0
5685;Totaal mannen en vrouwen;Totaal;Totaal burgerlijke staat;Boarnsterhim;2012;19380.0;19442.5
5686;Totaal mannen en vrouwen;Totaal;Totaal burgerlijke staat;Boarnsterhim;2013;19505.0;19491.5
5687;Totaal mannen en vrouwen;Totaal;Totaal burgerlijke staat;Boarnsterhim;2014;;
5688;Totaal mannen en vrouwen;Totaal;Totaal burgerlijke staat;Boarnsterhim;2015;;
5689;Totaal mannen en vrouwen;Totaal;Totaal burgerlijke staat;Boarnsterhim;2016;;
5690;Totaal mannen en vrouwen;Totaal;Totaal burgerlijke staat;Boarnsterhim;2017;;
5691;Totaal mannen en vrouwen;Totaal;Totaal burgerlijke staat;Boarnsterhim;2018;;
5692;Totaal mannen en vrouwen;Totaal;Totaal burgerlijke staat;Boarnsterhim;2019;;
5693;Totaal mannen en vrouwen;Totaal;Totaal burgerlijke staat;Boarnsterhim;2020;;
5694;Totaal mannen en vrouwen;Totaal;Totaal burgerlijke staat;Boarnsterhim;2021;;
5695;Totaal mannen en vrouwen;Totaal;Totaal burgerlijke staat;Boarnsterhim;2022;;
5696;Totaal mannen en vrouwen;Totaal;Totaal burgerlijke staat;Boarnsterhim;2023;;
5697;Totaal mannen en vrouwen;Totaal;Totaal burgerlijke staat;Boarnsterhim;2024;;
5698;Totaal mannen en vrouwen;Totaal;Totaal burgerlijke staat;Bodegraven;1988;18030.0;
5699;Totaal mannen en vrouwen;Totaal;Totaal burgerlijke staat;Bodegraven;1989;18115.0;
5700;Totaal mannen en vrouwen;Totaal;Totaal burgerlijke staat;Bodegraven;1990;18343.0;
5701;Totaal mannen en vrouwen;Totaal;Totaal burgerlijke staat;Bodegraven;1991;18505.0;
5702;Totaal mannen en vrouwen;Totaal;Totaal burgerlijke staat;Bodegraven;1992;18811.0;
5703;Totaal mannen en vrouwen;Totaal;Totaal burgerlijke staat;Bodegraven;1993;19007.0;
5704;Totaal mannen en vrouwen;Totaal;Totaal burgerlijke staat;Bodegraven;1994;19041.0;
5705;Totaal mannen en vrouwen;Totaal;Totaal burgerlijke staat;Bodegraven;1995;19046.0;19088.5
5706;Totaal mannen en vrouwen;Totaal;Totaal burgerlijke staat;Bodegraven;1996;19131.0;19190.5
5707;Totaal mannen en vrouwen;Totaal;Totaal burgerlijke staat;Bodegraven;1997;19250.0;19257.0
5708;Totaal mannen en vrouwen;Totaal;Totaal burgerlijke staat;Bodegraven;1998;19264.0;19379.5
5709;Totaal mannen en vrouwen;Totaal;Totaal burgerlijke staat;Bodegraven;1999;19495.0;19533.0
5710;Totaal mannen en vrouwen;Totaal;Totaal burgerlijke staat;Bodegraven;2000;19571.0;19602.0
5711;Totaal mannen en vrouwen;Totaal;Totaal burgerlijke staat;Bodegraven;2001;19633.0;19619.0
5712;Totaal mannen en vrouwen;Totaal;Totaal burgerlijke staat;Bodegraven;2002;19605.0;19583.5
5713;Totaal mannen en vrouwen;Totaal;Totaal burgerlijke staat;Bodegraven;2003;19562.0;19520.0
5714;Totaal mannen en vrouwen;Totaal;Totaal burgerlijke staat;Bodegraven;2004;19478.0;19446.5
5715;Totaal mannen en vrouwen;Totaal;Totaal burgerlijke staat;Bodegraven;2005;19415.0;19388.0
5716;Totaal mannen en vrouwen;Totaal;Totaal burgerlijke staat;Bodegraven;2006;19361.0;19363.5
5717;Totaal mannen en vrouwen;Totaal;Totaal burgerlijke staat;Bodegraven;2007;19366.0;19394.5
5718;Totaal mannen en vrouwen;Totaal;Totaal burgerlijke staat;Bodegraven;2008;19423.0;19446.5
5719;Totaal mannen en vrouwen;Totaal;Totaal burgerlijke staat;Bodegraven;2009;19470.0;19458.5
5720;Totaal mannen en vrouwen;Totaal;Totaal burgerlijke staat;Bodegraven;2010;19447.0;19439.5
5721;Totaal mannen en vrouwen;Totaal;Totaal burgerlijke staat;Bodegraven;2011;;
5722;Totaal mannen en vrouwen;Totaal;Totaal burgerlijke staat;Bodegraven;2012;;
5723;Totaal mannen en vrouwen;Totaal;Totaal burgerlijke staat;Bodegraven;2013;;
5724;Totaal mannen en vrouwen;Totaal;Totaal burgerlijke staat;Bodegraven;2014;;
5725;Totaal mannen en vrouwen;Totaal;Totaal burgerlijke staat;Bodegraven;2015;;
5726;Totaal mannen en vrouwen;Totaal;Totaal burgerlijke staat;Bodegraven;2016;;
5727;Totaal mannen en vrouwen;Totaal;Totaal burgerlijke staat;Bodegraven;2017;;
5728;Totaal mannen en vrouwen;Totaal;Totaal burgerlijke staat;Bodegraven;2018;;
5729;Totaal mannen en vrouwen;Totaal;Totaal burgerlijke staat;Bodegraven;2019;;
5730;Totaal mannen en vrouwen;Totaal;Totaal burgerlijke staat;Bodegraven;2020;;
5731;Totaal mannen en vrouwen;Totaal;Totaal burgerlijke staat;Bodegraven;2021;;
5732;Totaal mannen en vrouwen;Totaal;Totaal burgerlijke staat;Bodegraven;2022;;
5733;Totaal mannen en vrouwen;Totaal;Totaal burgerlijke staat;Bodegraven;2023;;
5734;Totaal mannen en vrouwen;Totaal;Totaal burgerlijke staat;Bodegraven;2024;;
5735;Totaal mannen en vrouwen;Totaal;Totaal burgerlijke staat;Bodegraven-Reeuwijk;1988;;
5736;Totaal mannen en vrouwen;Totaal;Totaal burgerlijke staat;Bodegraven-Reeuwijk;1989;;
5737;Totaal mannen en vrouwen;Totaal;Totaal burgerlijke staat;Bodegraven-Reeuwijk;1990;;
5738;Totaal mannen en vrouwen;Totaal;Totaal burgerlijke staat;Bodegraven-Reeuwijk;1991;;
5739;Totaal mannen en vrouwen;Totaal;Totaal burgerlijke staat;Bodegraven-Reeuwijk;1992;;
5740;Totaal mannen en vrouwen;Totaal;Totaal burgerlijke staat;Bodegraven-Reeuwijk;1993;;
5741;Totaal mannen en vrouwen;Totaal;Totaal burgerlijke staat;Bodegraven-Reeuwijk;1994;;
5742;Totaal mannen en vrouwen;Totaal;Totaal burgerlijke staat;Bodegraven-Reeuwijk;1995;;
5743;Totaal mannen en vrouwen;Totaal;Totaal burgerlijke staat;Bodegraven-Reeuwijk;1996;;
5744;Totaal mannen en vrouwen;Totaal;Totaal burgerlijke staat;Bodegraven-Reeuwijk;1997;;
5745;Totaal mannen en vrouwen;Totaal;Totaal burgerlijke staat;Bodegraven-Reeuwijk;1998;;
5746;Totaal mannen en vrouwen;Totaal;Totaal burgerlijke staat;Bodegraven-Reeuwijk;1999;;
5747;Totaal mannen en vrouwen;Totaal;Totaal burgerlijke staat;Bodegraven-Reeuwijk;2000;;
5748;Totaal mannen en vrouwen;Totaal;Totaal burgerlijke staat;Bodegraven-Reeuwijk;2001;;
5749;Totaal mannen en vrouwen;Totaal;Totaal burgerlijke staat;Bodegraven-Reeuwijk;2002;;
5750;Totaal mannen en vrouwen;Totaal;Totaal burgerlijke staat;Bodegraven-Reeuwijk;2003;;
5751;Totaal mannen en vrouwen;Totaal;Totaal burgerlijke staat;Bodegraven-Reeuwijk;2004;;
5752;Totaal mannen en vrouwen;Totaal;Totaal burgerlijke staat;Bodegraven-Reeuwijk;2005;;
5753;Totaal mannen en vrouwen;Totaal;Totaal burgerlijke staat;Bodegraven-Reeuwijk;2006;;
5754;Totaal mannen en vrouwen;Totaal;Totaal burgerlijke staat;Bodegraven-Reeuwijk;2007;;
5755;Totaal mannen en vrouwen;Totaal;Totaal burgerlijke staat;Bodegraven-Reeuwijk;2008;;
5756;Totaal mannen en vrouwen;Totaal;Totaal burgerlijke staat;Bodegraven-Reeuwijk;2009;;
5757;Totaal mannen en vrouwen;Totaal;Totaal burgerlijke staat;Bodegraven-Reeuwijk;2010;;
5758;Totaal mannen en vrouwen;Totaal;Totaal burgerlijke staat;Bodegraven-Reeuwijk;2011;32728.0;32781.0
5759;Totaal mannen en vrouwen;Totaal;Totaal burgerlijke staat;Bodegraven-Reeuwijk;2012;32834.0;32825.5
5760;Totaal mannen en vrouwen;Totaal;Totaal burgerlijke staat;Bodegraven-Reeuwijk;2013;32817.0;32863.5
5761;Totaal mannen en vrouwen;Totaal;Totaal burgerlijke staat;Bodegraven-Reeuwijk;2014;32910.0;33059.0
5762;Totaal mannen en vrouwen;Totaal;Totaal burgerlijke staat;Bodegraven-Reeuwijk;2015;33208.0;33329.5
5763;Totaal mannen en vrouwen;Totaal;Totaal burgerlijke staat;Bodegraven-Reeuwijk;2016;33451.0;33592.0
5764;Totaal mannen en vrouwen;Totaal;Totaal burgerlijke staat;Bodegraven-Reeuwijk;2017;33733.0;33840.5
5765;Totaal mannen en vrouwen;Totaal;Totaal burgerlijke staat;Bodegraven-Reeuwijk;2018;33948.0;34205.0
5766;Totaal mannen en vrouwen;Totaal;Totaal burgerlijke staat;Bodegraven-Reeuwijk;2019;34462.0;34667.0
5767;Totaal mannen en vrouwen;Totaal;Totaal burgerlijke staat;Bodegraven-Reeuwijk;2020;34872.0;35075.0
5768;Totaal mannen en vrouwen;Totaal;Totaal burgerlijke staat;Bodegraven-Reeuwijk;2021;35278.0;35515.0
5769;Totaal mannen en vrouwen;Totaal;Totaal burgerlijke staat;Bodegraven-Reeuwijk;2022;35752.0;36030.0
5770;Totaal mannen en vrouwen;Totaal;Totaal burgerlijke staat;Bodegraven-Reeuwijk;2023;36308.0;36438.5
5771;Totaal mannen en vrouwen;Totaal;Totaal burgerlijke staat;Bodegraven-Reeuwijk;2024;36569.0;
5772;Totaal mannen en vrouwen;Totaal;Totaal burgerlijke staat;Boekel;1988;8539.0;
5773;Totaal mannen en vrouwen;Totaal;Totaal burgerlijke staat;Boekel;1989;8585.0;
5774;Totaal mannen en vrouwen;Totaal;Totaal burgerlijke staat;Boekel;1990;8623.0;
5775;Totaal mannen en vrouwen;Totaal;Totaal burgerlijke staat;Boekel;1991;8717.0;
5776;Totaal mannen en vrouwen;Totaal;Totaal burgerlijke staat;Boekel;1992;8787.0;
5777;Totaal mannen en vrouwen;Totaal;Totaal burgerlijke staat;Boekel;1993;8893.0;
5778;Totaal mannen en vrouwen;Totaal;Totaal burgerlijke staat;Boekel;1994;8911.0;
5779;Totaal mannen en vrouwen;Totaal;Totaal burgerlijke staat;Boekel;1995;8991.0;9006.5
5780;Totaal mannen en vrouwen;Totaal;Totaal burgerlijke staat;Boekel;1996;9022.0;9035.0
5781;Totaal mannen en vrouwen;Totaal;Totaal burgerlijke staat;Boekel;1997;9048.0;9052.5
5782;Totaal mannen en vrouwen;Totaal;Totaal burgerlijke staat;Boekel;1998;9057.0;9083.0
5783;Totaal mannen en vrouwen;Totaal;Totaal burgerlijke staat;Boekel;1999;9109.0;9146.5
5784;Totaal mannen en vrouwen;Totaal;Totaal burgerlijke staat;Boekel;2000;9184.0;9207.0
5785;Totaal mannen en vrouwen;Totaal;Totaal burgerlijke staat;Boekel;2001;9230.0;9262.5
5786;Totaal mannen en vrouwen;Totaal;Totaal burgerlijke staat;Boekel;2002;9295.0;9333.5
5787;Totaal mannen en vrouwen;Totaal;Totaal burgerlijke staat;Boekel;2003;9372.0;9384.0
5788;Totaal mannen en vrouwen;Totaal;Totaal burgerlijke staat;Boekel;2004;9396.0;9404.0
5789;Totaal mannen en vrouwen;Totaal;Totaal burgerlijke staat;Boekel;2005;9412.0;9409.5
5790;Totaal mannen en vrouwen;Totaal;Totaal burgerlijke staat;Boekel;2006;9407.0;9455.0
5791;Totaal mannen en vrouwen;Totaal;Totaal burgerlijke staat;Boekel;2007;9503.0;9574.5
5792;Totaal mannen en vrouwen;Totaal;Totaal burgerlijke staat;Boekel;2008;9646.0;9669.0
5793;Totaal mannen en vrouwen;Totaal;Totaal burgerlijke staat;Boekel;2009;9692.0;9732.0
5794;Totaal mannen en vrouwen;Totaal;Totaal burgerlijke staat;Boekel;2010;9772.0;9818.5
5795;Totaal mannen en vrouwen;Totaal;Totaal burgerlijke staat;Boekel;2011;9865.0;9916.0
5796;Totaal mannen en vrouwen;Totaal;Totaal burgerlijke staat;Boekel;2012;9967.0;10014.5
5797;Totaal mannen en vrouwen;Totaal;Totaal burgerlijke staat;Boekel;2013;10062.0;10075.5
5798;Totaal mannen en vrouwen;Totaal;Totaal burgerlijke staat;Boekel;2014;10089.0;10104.0
5799;Totaal mannen en vrouwen;Totaal;Totaal burgerlijke staat;Boekel;2015;10119.0;10186.5
5800;Totaal mannen en vrouwen;Totaal;Totaal burgerlijke staat;Boekel;2016;10254.0;10334.0
5801;Totaal mannen en vrouwen;Totaal;Totaal burgerlijke staat;Boekel;2017;10414.0;10458.0
5802;Totaal mannen en vrouwen;Totaal;Totaal burgerlijke staat;Boekel;2018;10502.0;10545.0
5803;Totaal mannen en vrouwen;Totaal;Totaal burgerlijke staat;Boekel;2019;10588.0;10686.5
5804;Totaal mannen en vrouwen;Totaal;Totaal burgerlijke staat;Boekel;2020;10785.0;10872.0
5805;Totaal mannen en vrouwen;Totaal;Totaal burgerlijke staat;Boekel;2021;10959.0;10994.5
5806;Totaal mannen en vrouwen;Totaal;Totaal burgerlijke staat;Boekel;2022;11030.0;11096.5
5807;Totaal mannen en vrouwen;Totaal;Totaal burgerlijke staat;Boekel;2023;11163.0;11228.0
5808;Totaal mannen en vrouwen;Totaal;Totaal burgerlijke staat;Boekel;2024;11293.0;
5809;Totaal mannen en vrouwen;Totaal;Totaal burgerlijke staat;Ten Boer;1988;6788.0;
5810;Totaal mannen en vrouwen;Totaal;Totaal burgerlijke staat;Ten Boer;1989;6758.0;
5811;Totaal mannen en vrouwen;Totaal;Totaal burgerlijke staat;Ten Boer;1990;6777.0;
5812;Totaal mannen en vrouwen;Totaal;Totaal burgerlijke staat;Ten Boer;1991;6790.0;
5813;Totaal mannen en vrouwen;Totaal;Totaal burgerlijke staat;Ten Boer;1992;6859.0;
5814;Totaal mannen en vrouwen;Totaal;Totaal burgerlijke staat;Ten Boer;1993;6884.0;
5815;Totaal mannen en vrouwen;Totaal;Totaal burgerlijke staat;Ten Boer;1994;6892.0;
5816;Totaal mannen en vrouwen;Totaal;Totaal burgerlijke staat;Ten Boer;1995;6953.0;7023.0
5817;Totaal mannen en vrouwen;Totaal;Totaal burgerlijke staat;Ten Boer;1996;7093.0;7143.0
5818;Totaal mannen en vrouwen;Totaal;Totaal burgerlijke staat;Ten Boer;1997;7193.0;7215.0
5819;Totaal mannen en vrouwen;Totaal;Totaal burgerlijke staat;Ten Boer;1998;7237.0;7232.5
5820;Totaal mannen en vrouwen;Totaal;Totaal burgerlijke staat;Ten Boer;1999;7228.0;7230.5
5821;Totaal mannen en vrouwen;Totaal;Totaal burgerlijke staat;Ten Boer;2000;7233.0;7349.0
5822;Totaal mannen en vrouwen;Totaal;Totaal burgerlijke staat;Ten Boer;2001;7465.0;7463.0
5823;Totaal mannen en vrouwen;Totaal;Totaal burgerlijke staat;Ten Boer;2002;7461.0;7407.5
5824;Totaal mannen en vrouwen;Totaal;Totaal burgerlijke staat;Ten Boer;2003;7354.0;7262.5
5825;Totaal mannen en vrouwen;Totaal;Totaal burgerlijke staat;Ten Boer;2004;7171.0;7185.0
5826;Totaal mannen en vrouwen;Totaal;Totaal burgerlijke staat;Ten Boer;2005;7199.0;7181.5
5827;Totaal mannen en vrouwen;Totaal;Totaal burgerlijke staat;Ten Boer;2006;7164.0;7205.0
5828;Totaal mannen en vrouwen;Totaal;Totaal burgerlijke staat;Ten Boer;2007;7246.0;7261.0
5829;Totaal mannen en vrouwen;Totaal;Totaal burgerlijke staat;Ten Boer;2008;7276.0;7361.5
5830;Totaal mannen en vrouwen;Totaal;Totaal burgerlijke staat;Ten Boer;2009;7447.0;7437.0
5831;Totaal mannen en vrouwen;Totaal;Totaal burgerlijke staat;Ten Boer;2010;7427.0;7440.5
5832;Totaal mannen en vrouwen;Totaal;Totaal burgerlijke staat;Ten Boer;2011;7454.0;7465.5
5833;Totaal mannen en vrouwen;Totaal;Totaal burgerlijke staat;Ten Boer;2012;7477.0;7488.5
5834;Totaal mannen en vrouwen;Totaal;Totaal burgerlijke staat;Ten Boer;2013;7500.0;7489.5
5835;Totaal mannen en vrouwen;Totaal;Totaal burgerlijke staat;Ten Boer;2014;7479.0;7465.5
5836;Totaal mannen en vrouwen;Totaal;Totaal burgerlijke staat;Ten Boer;2015;7452.0;7402.0
5837;Totaal mannen en vrouwen;Totaal;Totaal burgerlijke staat;Ten Boer;2016;7352.0;7320.0
5838;Totaal mannen en vrouwen;Totaal;Totaal burgerlijke staat;Ten Boer;2017;7288.0;7290.0
5839;Totaal mannen en vrouwen;Totaal;Totaal burgerlijke staat;Ten Boer;2018;7292.0;7290.5
5840;Totaal mannen en vrouwen;Totaal;Totaal burgerlijke staat;Ten Boer;2019;;
5841;Totaal mannen en vrouwen;Totaal;Totaal burgerlijke staat;Ten Boer;2020;;
5842;Totaal mannen en vrouwen;Totaal;Totaal burgerlijke staat;Ten Boer;2021;;
5843;Totaal mannen en vrouwen;Totaal;Totaal burgerlijke staat;Ten Boer;2022;;
5844;Totaal mannen en vrouwen;Totaal;Totaal burgerlijke staat;Ten Boer;2023;;
5845;Totaal mannen en vrouwen;Totaal;Totaal burgerlijke staat;Ten Boer;2024;;
5846;Totaal mannen en vrouwen;Totaal;Totaal burgerlijke staat;Bolsward;1988;9850.0;
5847;Totaal mannen en vrouwen;Totaal;Totaal burgerlijke staat;Bolsward;1989;9799.0;
5848;Totaal mannen en vrouwen;Totaal;Totaal burgerlijke staat;Bolsward;1990;9720.0;
5849;Totaal mannen en vrouwen;Totaal;Totaal burgerlijke staat;Bolsward;1991;9716.0;
5850;Totaal mannen en vrouwen;Totaal;Totaal burgerlijke staat;Bolsward;1992;9661.0;
5851;Totaal mannen en vrouwen;Totaal;Totaal burgerlijke staat;Bolsward;1993;9626.0;
5852;Totaal mannen en vrouwen;Totaal;Totaal burgerlijke staat;Bolsward;1994;9553.0;
5853;Totaal mannen en vrouwen;Totaal;Totaal burgerlijke staat;Bolsward;1995;9482.0;9409.0
5854;Totaal mannen en vrouwen;Totaal;Totaal burgerlijke staat;Bolsward;1996;9336.0;9292.0
5855;Totaal mannen en vrouwen;Totaal;Totaal burgerlijke staat;Bolsward;1997;9248.0;9293.5
5856;Totaal mannen en vrouwen;Totaal;Totaal burgerlijke staat;Bolsward;1998;9339.0;9336.5
5857;Totaal mannen en vrouwen;Totaal;Totaal burgerlijke staat;Bolsward;1999;9334.0;9297.5
5858;Totaal mannen en vrouwen;Totaal;Totaal burgerlijke staat;Bolsward;2000;9261.0;9284.0
5859;Totaal mannen en vrouwen;Totaal;Totaal burgerlijke staat;Bolsward;2001;9307.0;9342.5
5860;Totaal mannen en vrouwen;Totaal;Totaal burgerlijke staat;Bolsward;2002;9378.0;9412.0
5861;Totaal mannen en vrouwen;Totaal;Totaal burgerlijke staat;Bolsward;2003;9446.0;9417.0
5862;Totaal mannen en vrouwen;Totaal;Totaal burgerlijke staat;Bolsward;2004;9388.0;9400.0
5863;Totaal mannen en vrouwen;Totaal;Totaal burgerlijke staat;Bolsward;2005;9412.0;9457.5
5864;Totaal mannen en vrouwen;Totaal;Totaal burgerlijke staat;Bolsward;2006;9503.0;9551.0
5865;Totaal mannen en vrouwen;Totaal;Totaal burgerlijke staat;Bolsward;2007;9599.0;9664.5
5866;Totaal mannen en vrouwen;Totaal;Totaal burgerlijke staat;Bolsward;2008;9730.0;9776.5
5867;Totaal mannen en vrouwen;Totaal;Totaal burgerlijke staat;Bolsward;2009;9823.0;9864.0
5868;Totaal mannen en vrouwen;Totaal;Totaal burgerlijke staat;Bolsward;2010;9905.0;9939.5
5869;Totaal mannen en vrouwen;Totaal;Totaal burgerlijke staat;Bolsward;2011;;
5870;Totaal mannen en vrouwen;Totaal;Totaal burgerlijke staat;Bolsward;2012;;
5871;Totaal mannen en vrouwen;Totaal;Totaal burgerlijke staat;Bolsward;2013;;
5872;Totaal mannen en vrouwen;Totaal;Totaal burgerlijke staat;Bolsward;2014;;
5873;Totaal mannen en vrouwen;Totaal;Totaal burgerlijke staat;Bolsward;2015;;
5874;Totaal mannen en vrouwen;Totaal;Totaal burgerlijke staat;Bolsward;2016;;
5875;Totaal mannen en vrouwen;Totaal;Totaal burgerlijke staat;Bolsward;2017;;
5876;Totaal mannen en vrouwen;Totaal;Totaal burgerlijke staat;Bolsward;2018;;
5877;Totaal mannen en vrouwen;Totaal;Totaal burgerlijke staat;Bolsward;2019;;
5878;Totaal mannen en vrouwen;Totaal;Totaal burgerlijke staat;Bolsward;2020;;
5879;Totaal mannen en vrouwen;Totaal;Totaal burgerlijke staat;Bolsward;2021;;
5880;Totaal mannen en vrouwen;Totaal;Totaal burgerlijke staat;Bolsward;2022;;
5881;Totaal mannen en vrouwen;Totaal;Totaal burgerlijke staat;Bolsward;2023;;
5882;Totaal mannen en vrouwen;Totaal;Totaal burgerlijke staat;Bolsward;2024;;
5883;Totaal mannen en vrouwen;Totaal;Totaal burgerlijke staat;Borculo;1988;10073.0;
5884;Totaal mannen en vrouwen;Totaal;Totaal burgerlijke staat;Borculo;1989;10057.0;
5885;Totaal mannen en vrouwen;Totaal;Totaal burgerlijke staat;Borculo;1990;10056.0;
5886;Totaal mannen en vrouwen;Totaal;Totaal burgerlijke staat;Borculo;1991;10040.0;
5887;Totaal mannen en vrouwen;Totaal;Totaal burgerlijke staat;Borculo;1992;10031.0;
5888;Totaal mannen en vrouwen;Totaal;Totaal burgerlijke staat;Borculo;1993;10005.0;
5889;Totaal mannen en vrouwen;Totaal;Totaal burgerlijke staat;Borculo;1994;10023.0;
5890;Totaal mannen en vrouwen;Totaal;Totaal burgerlijke staat;Borculo;1995;10131.0;10167.5
5891;Totaal mannen en vrouwen;Totaal;Totaal burgerlijke staat;Borculo;1996;10204.0;10243.0
5892;Totaal mannen en vrouwen;Totaal;Totaal burgerlijke staat;Borculo;1997;10282.0;10270.5
5893;Totaal mannen en vrouwen;Totaal;Totaal burgerlijke staat;Borculo;1998;10259.0;10266.5
5894;Totaal mannen en vrouwen;Totaal;Totaal burgerlijke staat;Borculo;1999;10274.0;10326.5
5895;Totaal mannen en vrouwen;Totaal;Totaal burgerlijke staat;Borculo;2000;10379.0;10438.5
5896;Totaal mannen en vrouwen;Totaal;Totaal burgerlijke staat;Borculo;2001;10498.0;10500.0
5897;Totaal mannen en vrouwen;Totaal;Totaal burgerlijke staat;Borculo;2002;10502.0;10459.5
5898;Totaal mannen en vrouwen;Totaal;Totaal burgerlijke staat;Borculo;2003;10417.0;10406.0
5899;Totaal mannen en vrouwen;Totaal;Totaal burgerlijke staat;Borculo;2004;10395.0;10367.0
5900;Totaal mannen en vrouwen;Totaal;Totaal burgerlijke staat;Borculo;2005;;
5901;Totaal mannen en vrouwen;Totaal;Totaal burgerlijke staat;Borculo;2006;;
5902;Totaal mannen en vrouwen;Totaal;Totaal burgerlijke staat;Borculo;2007;;
5903;Totaal mannen en vrouwen;Totaal;Totaal burgerlijke staat;Borculo;2008;;
5904;Totaal mannen en vrouwen;Totaal;Totaal burgerlijke staat;Borculo;2009;;
5905;Totaal mannen en vrouwen;Totaal;Totaal burgerlijke staat;Borculo;2010;;
5906;Totaal mannen en vrouwen;Totaal;Totaal burgerlijke staat;Borculo;2011;;
5907;Totaal mannen en vrouwen;Totaal;Totaal burgerlijke staat;Borculo;2012;;
5908;Totaal mannen en vrouwen;Totaal;Totaal burgerlijke staat;Borculo;2013;;
5909;Totaal mannen en vrouwen;Totaal;Totaal burgerlijke staat;Borculo;2014;;
5910;Totaal mannen en vrouwen;Totaal;Totaal burgerlijke staat;Borculo;2015;;
5911;Totaal mannen en vrouwen;Totaal;Totaal burgerlijke staat;Borculo;2016;;
5912;Totaal mannen en vrouwen;Totaal;Totaal burgerlijke staat;Borculo;2017;;
5913;Totaal mannen en vrouwen;Totaal;Totaal burgerlijke staat;Borculo;2018;;
5914;Totaal mannen en vrouwen;Totaal;Totaal burgerlijke staat;Borculo;2019;;
5915;Totaal mannen en vrouwen;Totaal;Totaal burgerlijke staat;Borculo;2020;;
5916;Totaal mannen en vrouwen;Totaal;Totaal burgerlijke staat;Borculo;2021;;
5917;Totaal mannen en vrouwen;Totaal;Totaal burgerlijke staat;Borculo;2022;;
5918;Totaal mannen en vrouwen;Totaal;Totaal burgerlijke staat;Borculo;2023;;
5919;Totaal mannen en vrouwen;Totaal;Totaal burgerlijke staat;Borculo;2024;;
5920;Totaal mannen en vrouwen;Totaal;Totaal burgerlijke staat;Borger;1988;12583.0;
5921;Totaal mannen en vrouwen;Totaal;Totaal burgerlijke staat;Borger;1989;12730.0;
5922;Totaal mannen en vrouwen;Totaal;Totaal burgerlijke staat;Borger;1990;12774.0;
5923;Totaal mannen en vrouwen;Totaal;Totaal burgerlijke staat;Borger;1991;12871.0;
5924;Totaal mannen en vrouwen;Totaal;Totaal burgerlijke staat;Borger;1992;12867.0;
5925;Totaal mannen en vrouwen;Totaal;Totaal burgerlijke staat;Borger;1993;12993.0;
5926;Totaal mannen en vrouwen;Totaal;Totaal burgerlijke staat;Borger;1994;13012.0;
5927;Totaal mannen en vrouwen;Totaal;Totaal burgerlijke staat;Borger;1995;12982.0;12985.5
5928;Totaal mannen en vrouwen;Totaal;Totaal burgerlijke staat;Borger;1996;12989.0;13068.0
5929;Totaal mannen en vrouwen;Totaal;Totaal burgerlijke staat;Borger;1997;13147.0;13216.0
5930;Totaal mannen en vrouwen;Totaal;Totaal burgerlijke staat;Borger;1998;;
5931;Totaal mannen en vrouwen;Totaal;Totaal burgerlijke staat;Borger;1999;;
5932;Totaal mannen en vrouwen;Totaal;Totaal burgerlijke staat;Borger;2000;;
5933;Totaal mannen en vrouwen;Totaal;Totaal burgerlijke staat;Borger;2001;;
5934;Totaal mannen en vrouwen;Totaal;Totaal burgerlijke staat;Borger;2002;;
5935;Totaal mannen en vrouwen;Totaal;Totaal burgerlijke staat;Borger;2003;;
5936;Totaal mannen en vrouwen;Totaal;Totaal burgerlijke staat;Borger;2004;;
5937;Totaal mannen en vrouwen;Totaal;Totaal burgerlijke staat;Borger;2005;;
5938;Totaal mannen en vrouwen;Totaal;Totaal burgerlijke staat;Borger;2006;;
5939;Totaal mannen en vrouwen;Totaal;Totaal burgerlijke staat;Borger;2007;;
5940;Totaal mannen en vrouwen;Totaal;Totaal burgerlijke staat;Borger;2008;;
5941;Totaal mannen en vrouwen;Totaal;Totaal burgerlijke staat;Borger;2009;;
5942;Totaal mannen en vrouwen;Totaal;Totaal burgerlijke staat;Borger;2010;;
5943;Totaal mannen en vrouwen;Totaal;Totaal burgerlijke staat;Borger;2011;;
5944;Totaal mannen en vrouwen;Totaal;Totaal burgerlijke staat;Borger;2012;;
5945;Totaal mannen en vrouwen;Totaal;Totaal burgerlijke staat;Borger;2013;;
5946;Totaal mannen en vrouwen;Totaal;Totaal burgerlijke staat;Borger;2014;;
5947;Totaal mannen en vrouwen;Totaal;Totaal burgerlijke staat;Borger;2015;;
5948;Totaal mannen en vrouwen;Totaal;Totaal burgerlijke staat;Borger;2016;;
5949;Totaal mannen en vrouwen;Totaal;Totaal burgerlijke staat;Borger;2017;;
5950;Totaal mannen en vrouwen;Totaal;Totaal burgerlijke staat;Borger;2018;;
5951;Totaal mannen en vrouwen;Totaal;Totaal burgerlijke staat;Borger;2019;;
5952;Totaal mannen en vrouwen;Totaal;Totaal burgerlijke staat;Borger;2020;;
5953;Totaal mannen en vrouwen;Totaal;Totaal burgerlijke staat;Borger;2021;;
5954;Totaal mannen en vrouwen;Totaal;Totaal burgerlijke staat;Borger;2022;;
5955;Totaal mannen en vrouwen;Totaal;Totaal burgerlijke staat;Borger;2023;;
5956;Totaal mannen en vrouwen;Totaal;Totaal burgerlijke staat;Borger;2024;;
5957;Totaal mannen en vrouwen;Totaal;Totaal burgerlijke staat;Borger-Odoorn;1988;;
5958;Totaal mannen en vrouwen;Totaal;Totaal burgerlijke staat;Borger-Odoorn;1989;;
5959;Totaal mannen en vrouwen;Totaal;Totaal burgerlijke staat;Borger-Odoorn;1990;;
5960;Totaal mannen en vrouwen;Totaal;Totaal burgerlijke staat;Borger-Odoorn;1991;;
5961;Totaal mannen en vrouwen;Totaal;Totaal burgerlijke staat;Borger-Odoorn;1992;;
5962;Totaal mannen en vrouwen;Totaal;Totaal burgerlijke staat;Borger-Odoorn;1993;;
5963;Totaal mannen en vrouwen;Totaal;Totaal burgerlijke staat;Borger-Odoorn;1994;;
5964;Totaal mannen en vrouwen;Totaal;Totaal burgerlijke staat;Borger-Odoorn;1995;;
5965;Totaal mannen en vrouwen;Totaal;Totaal burgerlijke staat;Borger-Odoorn;1996;;
5966;Totaal mannen en vrouwen;Totaal;Totaal burgerlijke staat;Borger-Odoorn;1997;;
5967;Totaal mannen en vrouwen;Totaal;Totaal burgerlijke staat;Borger-Odoorn;1998;25857.0;25970.5
5968;Totaal mannen en vrouwen;Totaal;Totaal burgerlijke staat;Borger-Odoorn;1999;26084.0;26142.5
5969;Totaal mannen en vrouwen;Totaal;Totaal burgerlijke staat;Borger-Odoorn;2000;26201.0;26249.5
5970;Totaal mannen en vrouwen;Totaal;Totaal burgerlijke staat;Borger-Odoorn;2001;26298.0;26315.5
5971;Totaal mannen en vrouwen;Totaal;Totaal burgerlijke staat;Borger-Odoorn;2002;26333.0;26386.5
5972;Totaal mannen en vrouwen;Totaal;Totaal burgerlijke staat;Borger-Odoorn;2003;26440.0;26400.0
5973;Totaal mannen en vrouwen;Totaal;Totaal burgerlijke staat;Borger-Odoorn;2004;26360.0;26343.5
5974;Totaal mannen en vrouwen;Totaal;Totaal burgerlijke staat;Borger-Odoorn;2005;26327.0;26315.0
5975;Totaal mannen en vrouwen;Totaal;Totaal burgerlijke staat;Borger-Odoorn;2006;26303.0;26300.0
5976;Totaal mannen en vrouwen;Totaal;Totaal burgerlijke staat;Borger-Odoorn;2007;26297.0;26249.0
5977;Totaal mannen en vrouwen;Totaal;Totaal burgerlijke staat;Borger-Odoorn;2008;26201.0;26176.0
5978;Totaal mannen en vrouwen;Totaal;Totaal burgerlijke staat;Borger-Odoorn;2009;26151.0;26111.5
5979;Totaal mannen en vrouwen;Totaal;Totaal burgerlijke staat;Borger-Odoorn;2010;26072.0;26006.5
5980;Totaal mannen en vrouwen;Totaal;Totaal burgerlijke staat;Borger-Odoorn;2011;25941.0;25900.0
5981;Totaal mannen en vrouwen;Totaal;Totaal burgerlijke staat;Borger-Odoorn;2012;25859.0;25760.5
5982;Totaal mannen en vrouwen;Totaal;Totaal burgerlijke staat;Borger-Odoorn;2013;25662.0;25644.5
5983;Totaal mannen en vrouwen;Totaal;Totaal burgerlijke staat;Borger-Odoorn;2014;25627.0;25564.5
5984;Totaal mannen en vrouwen;Totaal;Totaal burgerlijke staat;Borger-Odoorn;2015;25502.0;25436.5
5985;Totaal mannen en vrouwen;Totaal;Totaal burgerlijke staat;Borger-Odoorn;2016;25371.0;25363.0
5986;Totaal mannen en vrouwen;Totaal;Totaal burgerlijke staat;Borger-Odoorn;2017;25355.0;25353.0
5987;Totaal mannen en vrouwen;Totaal;Totaal burgerlijke staat;Borger-Odoorn;2018;25351.0;25361.5
5988;Totaal mannen en vrouwen;Totaal;Totaal burgerlijke staat;Borger-Odoorn;2019;25372.0;25465.5
5989;Totaal mannen en vrouwen;Totaal;Totaal burgerlijke staat;Borger-Odoorn;2020;25559.0;25578.5
5990;Totaal mannen en vrouwen;Totaal;Totaal burgerlijke staat;Borger-Odoorn;2021;25598.0;25639.5
5991;Totaal mannen en vrouwen;Totaal;Totaal burgerlijke staat;Borger-Odoorn;2022;25681.0;25800.0
5992;Totaal mannen en vrouwen;Totaal;Totaal burgerlijke staat;Borger-Odoorn;2023;25919.0;25966.5
5993;Totaal mannen en vrouwen;Totaal;Totaal burgerlijke staat;Borger-Odoorn;2024;26014.0;
5994;Totaal mannen en vrouwen;Totaal;Totaal burgerlijke staat;Born;1988;13694.0;
5995;Totaal mannen en vrouwen;Totaal;Totaal burgerlijke staat;Born;1989;13892.0;
5996;Totaal mannen en vrouwen;Totaal;Totaal burgerlijke staat;Born;1990;14033.0;
5997;Totaal mannen en vrouwen;Totaal;Totaal burgerlijke staat;Born;1991;14144.0;
5998;Totaal mannen en vrouwen;Totaal;Totaal burgerlijke staat;Born;1992;14236.0;
5999;Totaal mannen en vrouwen;Totaal;Totaal burgerlijke staat;Born;1993;14300.0;
6000;Totaal mannen en vrouwen;Totaal;Totaal burgerlijke staat;Born;1994;14476.0;
6001;Totaal mannen en vrouwen;Totaal;Totaal burgerlijke staat;Born;1995;14617.0;14683.0
6002;Totaal mannen en vrouwen;Totaal;Totaal burgerlijke staat;Born;1996;14749.0;14766.0
6003;Totaal mannen en vrouwen;Totaal;Totaal burgerlijke staat;Born;1997;14783.0;14760.0
6004;Totaal mannen en vrouwen;Totaal;Totaal burgerlijke staat;Born;1998;14737.0;14683.5
6005;Totaal mannen en vrouwen;Totaal;Totaal burgerlijke staat;Born;1999;14630.0;14591.0
6006;Totaal mannen en vrouwen;Totaal;Totaal burgerlijke staat;Born;2000;14552.0;14524.5
6007;Totaal mannen en vrouwen;Totaal;Totaal burgerlijke staat;Born;2001;;
6008;Totaal mannen en vrouwen;Totaal;Totaal burgerlijke staat;Born;2002;;
6009;Totaal mannen en vrouwen;Totaal;Totaal burgerlijke staat;Born;2003;;
6010;Totaal mannen en vrouwen;Totaal;Totaal burgerlijke staat;Born;2004;;
6011;Totaal mannen en vrouwen;Totaal;Totaal burgerlijke staat;Born;2005;;
6012;Totaal mannen en vrouwen;Totaal;Totaal burgerlijke staat;Born;2006;;
6013;Totaal mannen en vrouwen;Totaal;Totaal burgerlijke staat;Born;2007;;
6014;Totaal mannen en vrouwen;Totaal;Totaal burgerlijke staat;Born;2008;;
6015;Totaal mannen en vrouwen;Totaal;Totaal burgerlijke staat;Born;2009;;
6016;Totaal mannen en vrouwen;Totaal;Totaal burgerlijke staat;Born;2010;;
6017;Totaal mannen en vrouwen;Totaal;Totaal burgerlijke staat;Born;2011;;
6018;Totaal mannen en vrouwen;Totaal;Totaal burgerlijke staat;Born;2012;;
6019;Totaal mannen en vrouwen;Totaal;Totaal burgerlijke staat;Born;2013;;
6020;Totaal mannen en vrouwen;Totaal;Totaal burgerlijke staat;Born;2014;;
6021;Totaal mannen en vrouwen;Totaal;Totaal burgerlijke staat;Born;2015;;
6022;Totaal mannen en vrouwen;Totaal;Totaal burgerlijke staat;Born;2016;;
6023;Totaal mannen en vrouwen;Totaal;Totaal burgerlijke staat;Born;2017;;
6024;Totaal mannen en vrouwen;Totaal;Totaal burgerlijke staat;Born;2018;;
6025;Totaal mannen en vrouwen;Totaal;Totaal burgerlijke staat;Born;2019;;
6026;Totaal mannen en vrouwen;Totaal;Totaal burgerlijke staat;Born;2020;;
6027;Totaal mannen en vrouwen;Totaal;Totaal burgerlijke staat;Born;2021;;
6028;Totaal mannen en vrouwen;Totaal;Totaal burgerlijke staat;Born;2022;;
6029;Totaal mannen en vrouwen;Totaal;Totaal burgerlijke staat;Born;2023;;
6030;Totaal mannen en vrouwen;Totaal;Totaal burgerlijke staat;Born;2024;;
6031;Totaal mannen en vrouwen;Totaal;Totaal burgerlijke staat;Borne;1988;21043.0;
6032;Totaal mannen en vrouwen;Totaal;Totaal burgerlijke staat;Borne;1989;21261.0;
6033;Totaal mannen en vrouwen;Totaal;Totaal burgerlijke staat;Borne;1990;21434.0;
6034;Totaal mannen en vrouwen;Totaal;Totaal burgerlijke staat;Borne;1991;21696.0;
6035;Totaal mannen en vrouwen;Totaal;Totaal burgerlijke staat;Borne;1992;21651.0;
6036;Totaal mannen en vrouwen;Totaal;Totaal burgerlijke staat;Borne;1993;21572.0;
6037;Totaal mannen en vrouwen;Totaal;Totaal burgerlijke staat;Borne;1994;21509.0;
6038;Totaal mannen en vrouwen;Totaal;Totaal burgerlijke staat;Borne;1995;21700.0;21756.0
6039;Totaal mannen en vrouwen;Totaal;Totaal burgerlijke staat;Borne;1996;21778.0;21924.5
6040;Totaal mannen en vrouwen;Totaal;Totaal burgerlijke staat;Borne;1997;22024.0;22037.5
6041;Totaal mannen en vrouwen;Totaal;Totaal burgerlijke staat;Borne;1998;22051.0;22159.5
6042;Totaal mannen en vrouwen;Totaal;Totaal burgerlijke staat;Borne;1999;22268.0;22292.0
6043;Totaal mannen en vrouwen;Totaal;Totaal burgerlijke staat;Borne;2000;22316.0;22336.0
6044;Totaal mannen en vrouwen;Totaal;Totaal burgerlijke staat;Borne;2001;20717.0;20723.0
6045;Totaal mannen en vrouwen;Totaal;Totaal burgerlijke staat;Borne;2002;20729.0;20690.0
6046;Totaal mannen en vrouwen;Totaal;Totaal burgerlijke staat;Borne;2003;20651.0;20625.5
6047;Totaal mannen en vrouwen;Totaal;Totaal burgerlijke staat;Borne;2004;20600.0;20551.5
6048;Totaal mannen en vrouwen;Totaal;Totaal burgerlijke staat;Borne;2005;20503.0;20525.0
6049;Totaal mannen en vrouwen;Totaal;Totaal burgerlijke staat;Borne;2006;20547.0;20534.0
6050;Totaal mannen en vrouwen;Totaal;Totaal burgerlijke staat;Borne;2007;20521.0;20642.5
6051;Totaal mannen en vrouwen;Totaal;Totaal burgerlijke staat;Borne;2008;20764.0;20935.0
6052;Totaal mannen en vrouwen;Totaal;Totaal burgerlijke staat;Borne;2009;21106.0;21218.0
6053;Totaal mannen en vrouwen;Totaal;Totaal burgerlijke staat;Borne;2010;21330.0;21443.5
6054;Totaal mannen en vrouwen;Totaal;Totaal burgerlijke staat;Borne;2011;21557.0;21571.5
6055;Totaal mannen en vrouwen;Totaal;Totaal burgerlijke staat;Borne;2012;21586.0;21678.0
6056;Totaal mannen en vrouwen;Totaal;Totaal burgerlijke staat;Borne;2013;21770.0;21827.0
6057;Totaal mannen en vrouwen;Totaal;Totaal burgerlijke staat;Borne;2014;21884.0;21938.0
6058;Totaal mannen en vrouwen;Totaal;Totaal burgerlijke staat;Borne;2015;21992.0;22167.5
6059;Totaal mannen en vrouwen;Totaal;Totaal burgerlijke staat;Borne;2016;22343.0;22569.0
6060;Totaal mannen en vrouwen;Totaal;Totaal burgerlijke staat;Borne;2017;22795.0;22959.5
6061;Totaal mannen en vrouwen;Totaal;Totaal burgerlijke staat;Borne;2018;23124.0;23167.0
6062;Totaal mannen en vrouwen;Totaal;Totaal burgerlijke staat;Borne;2019;23210.0;23261.0
6063;Totaal mannen en vrouwen;Totaal;Totaal burgerlijke staat;Borne;2020;23312.0;23490.0
6064;Totaal mannen en vrouwen;Totaal;Totaal burgerlijke staat;Borne;2021;23668.0;23837.5
6065;Totaal mannen en vrouwen;Totaal;Totaal burgerlijke staat;Borne;2022;24007.0;24265.5
6066;Totaal mannen en vrouwen;Totaal;Totaal burgerlijke staat;Borne;2023;24524.0;24581.5
6067;Totaal mannen en vrouwen;Totaal;Totaal burgerlijke staat;Borne;2024;24639.0;
6068;Totaal mannen en vrouwen;Totaal;Totaal burgerlijke staat;Borsele;1988;19951.0;
6069;Totaal mannen en vrouwen;Totaal;Totaal burgerlijke staat;Borsele;1989;20144.0;
6070;Totaal mannen en vrouwen;Totaal;Totaal burgerlijke staat;Borsele;1990;20242.0;
6071;Totaal mannen en vrouwen;Totaal;Totaal burgerlijke staat;Borsele;1991;20397.0;
6072;Totaal mannen en vrouwen;Totaal;Totaal burgerlijke staat;Borsele;1992;20537.0;
6073;Totaal mannen en vrouwen;Totaal;Totaal burgerlijke staat;Borsele;1993;20717.0;
6074;Totaal mannen en vrouwen;Totaal;Totaal burgerlijke staat;Borsele;1994;20959.0;
6075;Totaal mannen en vrouwen;Totaal;Totaal burgerlijke staat;Borsele;1995;21311.0;21436.5
6076;Totaal mannen en vrouwen;Totaal;Totaal burgerlijke staat;Borsele;1996;21562.0;21627.5
6077;Totaal mannen en vrouwen;Totaal;Totaal burgerlijke staat;Borsele;1997;21693.0;21725.0
6078;Totaal mannen en vrouwen;Totaal;Totaal burgerlijke staat;Borsele;1998;21757.0;21786.5
6079;Totaal mannen en vrouwen;Totaal;Totaal burgerlijke staat;Borsele;1999;21816.0;21841.5
6080;Totaal mannen en vrouwen;Totaal;Totaal burgerlijke staat;Borsele;2000;21867.0;21938.0
6081;Totaal mannen en vrouwen;Totaal;Totaal burgerlijke staat;Borsele;2001;22009.0;22130.0
6082;Totaal mannen en vrouwen;Totaal;Totaal burgerlijke staat;Borsele;2002;22251.0;22301.0
6083;Totaal mannen en vrouwen;Totaal;Totaal burgerlijke staat;Borsele;2003;22351.0;22334.5
6084;Totaal mannen en vrouwen;Totaal;Totaal burgerlijke staat;Borsele;2004;22318.0;22357.5
6085;Totaal mannen en vrouwen;Totaal;Totaal burgerlijke staat;Borsele;2005;22397.0;22406.0
6086;Totaal mannen en vrouwen;Totaal;Totaal burgerlijke staat;Borsele;2006;22415.0;22401.0
6087;Totaal mannen en vrouwen;Totaal;Totaal burgerlijke staat;Borsele;2007;22387.0;22459.0
6088;Totaal mannen en vrouwen;Totaal;Totaal burgerlijke staat;Borsele;2008;22531.0;22541.0
6089;Totaal mannen en vrouwen;Totaal;Totaal burgerlijke staat;Borsele;2009;22551.0;22584.5
6090;Totaal mannen en vrouwen;Totaal;Totaal burgerlijke staat;Borsele;2010;22618.0;22662.5
6091;Totaal mannen en vrouwen;Totaal;Totaal burgerlijke staat;Borsele;2011;22707.0;22691.5
6092;Totaal mannen en vrouwen;Totaal;Totaal burgerlijke staat;Borsele;2012;22676.0;22679.5
6093;Totaal mannen en vrouwen;Totaal;Totaal burgerlijke staat;Borsele;2013;22683.0;22631.0
6094;Totaal mannen en vrouwen;Totaal;Totaal burgerlijke staat;Borsele;2014;22579.0;22573.5
6095;Totaal mannen en vrouwen;Totaal;Totaal burgerlijke staat;Borsele;2015;22568.0;22590.0
6096;Totaal mannen en vrouwen;Totaal;Totaal burgerlijke staat;Borsele;2016;22612.0;22650.0
6097;Totaal mannen en vrouwen;Totaal;Totaal burgerlijke staat;Borsele;2017;22688.0;22702.0
6098;Totaal mannen en vrouwen;Totaal;Totaal burgerlijke staat;Borsele;2018;22716.0;22758.0
6099;Totaal mannen en vrouwen;Totaal;Totaal burgerlijke staat;Borsele;2019;22800.0;22769.5
6100;Totaal mannen en vrouwen;Totaal;Totaal burgerlijke staat;Borsele;2020;22739.0;22778.5
6101;Totaal mannen en vrouwen;Totaal;Totaal burgerlijke staat;Borsele;2021;22818.0;22832.5
6102;Totaal mannen en vrouwen;Totaal;Totaal burgerlijke staat;Borsele;2022;22847.0;23003.0
6103;Totaal mannen en vrouwen;Totaal;Totaal burgerlijke staat;Borsele;2023;23159.0;23140.0
6104;Totaal mannen en vrouwen;Totaal;Totaal burgerlijke staat;Borsele;2024;23121.0;
6105;Totaal mannen en vrouwen;Totaal;Totaal burgerlijke staat;Boskoop;1988;14540.0;
6106;Totaal mannen en vrouwen;Totaal;Totaal burgerlijke staat;Boskoop;1989;14524.0;
6107;Totaal mannen en vrouwen;Totaal;Totaal burgerlijke staat;Boskoop;1990;14506.0;
6108;Totaal mannen en vrouwen;Totaal;Totaal burgerlijke staat;Boskoop;1991;14700.0;
6109;Totaal mannen en vrouwen;Totaal;Totaal burgerlijke staat;Boskoop;1992;14834.0;
6110;Totaal mannen en vrouwen;Totaal;Totaal burgerlijke staat;Boskoop;1993;14887.0;
6111;Totaal mannen en vrouwen;Totaal;Totaal burgerlijke staat;Boskoop;1994;14814.0;
6112;Totaal mannen en vrouwen;Totaal;Totaal burgerlijke staat;Boskoop;1995;14792.0;14813.5
6113;Totaal mannen en vrouwen;Totaal;Totaal burgerlijke staat;Boskoop;1996;14835.0;14844.0
6114;Totaal mannen en vrouwen;Totaal;Totaal burgerlijke staat;Boskoop;1997;14853.0;14884.5
6115;Totaal mannen en vrouwen;Totaal;Totaal burgerlijke staat;Boskoop;1998;14916.0;14999.0
6116;Totaal mannen en vrouwen;Totaal;Totaal burgerlijke staat;Boskoop;1999;15082.0;15094.0
6117;Totaal mannen en vrouwen;Totaal;Totaal burgerlijke staat;Boskoop;2000;15106.0;15095.0
6118;Totaal mannen en vrouwen;Totaal;Totaal burgerlijke staat;Boskoop;2001;15084.0;15155.0
6119;Totaal mannen en vrouwen;Totaal;Totaal burgerlijke staat;Boskoop;2002;15226.0;15227.0
6120;Totaal mannen en vrouwen;Totaal;Totaal burgerlijke staat;Boskoop;2003;15228.0;15226.5
6121;Totaal mannen en vrouwen;Totaal;Totaal burgerlijke staat;Boskoop;2004;15225.0;15262.0
6122;Totaal mannen en vrouwen;Totaal;Totaal burgerlijke staat;Boskoop;2005;15299.0;15305.0
6123;Totaal mannen en vrouwen;Totaal;Totaal burgerlijke staat;Boskoop;2006;15311.0;15267.0
6124;Totaal mannen en vrouwen;Totaal;Totaal burgerlijke staat;Boskoop;2007;15223.0;15220.0
6125;Totaal mannen en vrouwen;Totaal;Totaal burgerlijke staat;Boskoop;2008;15217.0;15175.0
6126;Totaal mannen en vrouwen;Totaal;Totaal burgerlijke staat;Boskoop;2009;15133.0;15111.5
6127;Totaal mannen en vrouwen;Totaal;Totaal burgerlijke staat;Boskoop;2010;15090.0;15067.5
6128;Totaal mannen en vrouwen;Totaal;Totaal burgerlijke staat;Boskoop;2011;15045.0;15066.0
6129;Totaal mannen en vrouwen;Totaal;Totaal burgerlijke staat;Boskoop;2012;15087.0;15141.0
6130;Totaal mannen en vrouwen;Totaal;Totaal burgerlijke staat;Boskoop;2013;15195.0;15186.0
6131;Totaal mannen en vrouwen;Totaal;Totaal burgerlijke staat;Boskoop;2014;;
6132;Totaal mannen en vrouwen;Totaal;Totaal burgerlijke staat;Boskoop;2015;;
6133;Totaal mannen en vrouwen;Totaal;Totaal burgerlijke staat;Boskoop;2016;;
6134;Totaal mannen en vrouwen;Totaal;Totaal burgerlijke staat;Boskoop;2017;;
6135;Totaal mannen en vrouwen;Totaal;Totaal burgerlijke staat;Boskoop;2018;;
6136;Totaal mannen en vrouwen;Totaal;Totaal burgerlijke staat;Boskoop;2019;;
6137;Totaal mannen en vrouwen;Totaal;Totaal burgerlijke staat;Boskoop;2020;;
6138;Totaal mannen en vrouwen;Totaal;Totaal burgerlijke staat;Boskoop;2021;;
6139;Totaal mannen en vrouwen;Totaal;Totaal burgerlijke staat;Boskoop;2022;;
6140;Totaal mannen en vrouwen;Totaal;Totaal burgerlijke staat;Boskoop;2023;;
6141;Totaal mannen en vrouwen;Totaal;Totaal burgerlijke staat;Boskoop;2024;;
6142;Totaal mannen en vrouwen;Totaal;Totaal burgerlijke staat;Boxmeer;1988;14258.0;
6143;Totaal mannen en vrouwen;Totaal;Totaal burgerlijke staat;Boxmeer;1989;14363.0;
6144;Totaal mannen en vrouwen;Totaal;Totaal burgerlijke staat;Boxmeer;1990;14492.0;
6145;Totaal mannen en vrouwen;Totaal;Totaal burgerlijke staat;Boxmeer;1991;14619.0;
6146;Totaal mannen en vrouwen;Totaal;Totaal burgerlijke staat;Boxmeer;1992;14670.0;
6147;Totaal mannen en vrouwen;Totaal;Totaal burgerlijke staat;Boxmeer;1993;14908.0;
6148;Totaal mannen en vrouwen;Totaal;Totaal burgerlijke staat;Boxmeer;1994;19795.0;
6149;Totaal mannen en vrouwen;Totaal;Totaal burgerlijke staat;Boxmeer;1995;20224.0;20363.5
6150;Totaal mannen en vrouwen;Totaal;Totaal burgerlijke staat;Boxmeer;1996;20503.0;20605.5
6151;Totaal mannen en vrouwen;Totaal;Totaal burgerlijke staat;Boxmeer;1997;20708.0;20713.5
6152;Totaal mannen en vrouwen;Totaal;Totaal burgerlijke staat;Boxmeer;1998;28494.0;28550.0
6153;Totaal mannen en vrouwen;Totaal;Totaal burgerlijke staat;Boxmeer;1999;28606.0;28637.5
6154;Totaal mannen en vrouwen;Totaal;Totaal burgerlijke staat;Boxmeer;2000;28655.0;28781.0
6155;Totaal mannen en vrouwen;Totaal;Totaal burgerlijke staat;Boxmeer;2001;28907.0;29094.5
6156;Totaal mannen en vrouwen;Totaal;Totaal burgerlijke staat;Boxmeer;2002;29282.0;29317.0
6157;Totaal mannen en vrouwen;Totaal;Totaal burgerlijke staat;Boxmeer;2003;29352.0;29373.5
6158;Totaal mannen en vrouwen;Totaal;Totaal burgerlijke staat;Boxmeer;2004;29395.0;29276.5
6159;Totaal mannen en vrouwen;Totaal;Totaal burgerlijke staat;Boxmeer;2005;29158.0;29054.0
6160;Totaal mannen en vrouwen;Totaal;Totaal burgerlijke staat;Boxmeer;2006;28950.0;28838.0
6161;Totaal mannen en vrouwen;Totaal;Totaal burgerlijke staat;Boxmeer;2007;28726.0;28680.5
6162;Totaal mannen en vrouwen;Totaal;Totaal burgerlijke staat;Boxmeer;2008;28635.0;28622.0
6163;Totaal mannen en vrouwen;Totaal;Totaal burgerlijke staat;Boxmeer;2009;28609.0;28592.0
6164;Totaal mannen en vrouwen;Totaal;Totaal burgerlijke staat;Boxmeer;2010;28575.0;28578.5
6165;Totaal mannen en vrouwen;Totaal;Totaal burgerlijke staat;Boxmeer;2011;28582.0;28489.5
6166;Totaal mannen en vrouwen;Totaal;Totaal burgerlijke staat;Boxmeer;2012;28397.0;28312.0
6167;Totaal mannen en vrouwen;Totaal;Totaal burgerlijke staat;Boxmeer;2013;28227.0;28187.0
6168;Totaal mannen en vrouwen;Totaal;Totaal burgerlijke staat;Boxmeer;2014;28147.0;28244.5
6169;Totaal mannen en vrouwen;Totaal;Totaal burgerlijke staat;Boxmeer;2015;28342.0;28403.5
6170;Totaal mannen en vrouwen;Totaal;Totaal burgerlijke staat;Boxmeer;2016;28465.0;28587.0
6171;Totaal mannen en vrouwen;Totaal;Totaal burgerlijke staat;Boxmeer;2017;28709.0;28781.0
6172;Totaal mannen en vrouwen;Totaal;Totaal burgerlijke staat;Boxmeer;2018;28853.0;28959.0
6173;Totaal mannen en vrouwen;Totaal;Totaal burgerlijke staat;Boxmeer;2019;29065.0;29215.0
6174;Totaal mannen en vrouwen;Totaal;Totaal burgerlijke staat;Boxmeer;2020;29365.0;29487.0
6175;Totaal mannen en vrouwen;Totaal;Totaal burgerlijke staat;Boxmeer;2021;29609.0;29665.0
6176;Totaal mannen en vrouwen;Totaal;Totaal burgerlijke staat;Boxmeer;2022;;
6177;Totaal mannen en vrouwen;Totaal;Totaal burgerlijke staat;Boxmeer;2023;;
6178;Totaal mannen en vrouwen;Totaal;Totaal burgerlijke staat;Boxmeer;2024;;
6179;Totaal mannen en vrouwen;Totaal;Totaal burgerlijke staat;Boxtel;1988;24781.0;
6180;Totaal mannen en vrouwen;Totaal;Totaal burgerlijke staat;Boxtel;1989;24951.0;
6181;Totaal mannen en vrouwen;Totaal;Totaal burgerlijke staat;Boxtel;1990;25144.0;
6182;Totaal mannen en vrouwen;Totaal;Totaal burgerlijke staat;Boxtel;1991;25385.0;
6183;Totaal mannen en vrouwen;Totaal;Totaal burgerlijke staat;Boxtel;1992;25511.0;
6184;Totaal mannen en vrouwen;Totaal;Totaal burgerlijke staat;Boxtel;1993;25521.0;
6185;Totaal mannen en vrouwen;Totaal;Totaal burgerlijke staat;Boxtel;1994;25566.0;
6186;Totaal mannen en vrouwen;Totaal;Totaal burgerlijke staat;Boxtel;1995;25628.0;25595.0
6187;Totaal mannen en vrouwen;Totaal;Totaal burgerlijke staat;Boxtel;1996;29035.0;29054.0
6188;Totaal mannen en vrouwen;Totaal;Totaal burgerlijke staat;Boxtel;1997;29073.0;29191.0
6189;Totaal mannen en vrouwen;Totaal;Totaal burgerlijke staat;Boxtel;1998;29309.0;29256.5
6190;Totaal mannen en vrouwen;Totaal;Totaal burgerlijke staat;Boxtel;1999;29204.0;29227.0
6191;Totaal mannen en vrouwen;Totaal;Totaal burgerlijke staat;Boxtel;2000;29250.0;29257.5
6192;Totaal mannen en vrouwen;Totaal;Totaal burgerlijke staat;Boxtel;2001;29265.0;29318.0
6193;Totaal mannen en vrouwen;Totaal;Totaal burgerlijke staat;Boxtel;2002;29371.0;29442.0
6194;Totaal mannen en vrouwen;Totaal;Totaal burgerlijke staat;Boxtel;2003;29513.0;29512.5
6195;Totaal mannen en vrouwen;Totaal;Totaal burgerlijke staat;Boxtel;2004;29512.0;29516.0
6196;Totaal mannen en vrouwen;Totaal;Totaal burgerlijke staat;Boxtel;2005;29520.0;29598.0
6197;Totaal mannen en vrouwen;Totaal;Totaal burgerlijke staat;Boxtel;2006;29676.0;29838.5
6198;Totaal mannen en vrouwen;Totaal;Totaal burgerlijke staat;Boxtel;2007;30001.0;30121.0
6199;Totaal mannen en vrouwen;Totaal;Totaal burgerlijke staat;Boxtel;2008;30241.0;30261.0
6200;Totaal mannen en vrouwen;Totaal;Totaal burgerlijke staat;Boxtel;2009;30281.0;30278.5
6201;Totaal mannen en vrouwen;Totaal;Totaal burgerlijke staat;Boxtel;2010;30276.0;30278.0
6202;Totaal mannen en vrouwen;Totaal;Totaal burgerlijke staat;Boxtel;2011;30280.0;30282.0
6203;Totaal mannen en vrouwen;Totaal;Totaal burgerlijke staat;Boxtel;2012;30284.0;30360.0
6204;Totaal mannen en vrouwen;Totaal;Totaal burgerlijke staat;Boxtel;2013;30436.0;30378.0
6205;Totaal mannen en vrouwen;Totaal;Totaal burgerlijke staat;Boxtel;2014;30320.0;30328.5
6206;Totaal mannen en vrouwen;Totaal;Totaal burgerlijke staat;Boxtel;2015;30337.0;30371.5
6207;Totaal mannen en vrouwen;Totaal;Totaal burgerlijke staat;Boxtel;2016;30406.0;30530.5
6208;Totaal mannen en vrouwen;Totaal;Totaal burgerlijke staat;Boxtel;2017;30655.0;30663.5
6209;Totaal mannen en vrouwen;Totaal;Totaal burgerlijke staat;Boxtel;2018;30672.0;30709.5
6210;Totaal mannen en vrouwen;Totaal;Totaal burgerlijke staat;Boxtel;2019;30747.0;30774.0
6211;Totaal mannen en vrouwen;Totaal;Totaal burgerlijke staat;Boxtel;2020;30801.0;30812.5
6212;Totaal mannen en vrouwen;Totaal;Totaal burgerlijke staat;Boxtel;2021;32973.0;33051.0
6213;Totaal mannen en vrouwen;Totaal;Totaal burgerlijke staat;Boxtel;2022;33129.0;33438.5
6214;Totaal mannen en vrouwen;Totaal;Totaal burgerlijke staat;Boxtel;2023;33748.0;33863.5
6215;Totaal mannen en vrouwen;Totaal;Totaal burgerlijke staat;Boxtel;2024;33979.0;
6216;Totaal mannen en vrouwen;Totaal;Totaal burgerlijke staat;Brakel;1988;6415.0;
6217;Totaal mannen en vrouwen;Totaal;Totaal burgerlijke staat;Brakel;1989;6476.0;
6218;Totaal mannen en vrouwen;Totaal;Totaal burgerlijke staat;Brakel;1990;6489.0;
6219;Totaal mannen en vrouwen;Totaal;Totaal burgerlijke staat;Brakel;1991;6599.0;
6220;Totaal mannen en vrouwen;Totaal;Totaal burgerlijke staat;Brakel;1992;6650.0;
6221;Totaal mannen en vrouwen;Totaal;Totaal burgerlijke staat;Brakel;1993;6772.0;
6222;Totaal mannen en vrouwen;Totaal;Totaal burgerlijke staat;Brakel;1994;6769.0;
6223;Totaal mannen en vrouwen;Totaal;Totaal burgerlijke staat;Brakel;1995;6787.0;6851.0
6224;Totaal mannen en vrouwen;Totaal;Totaal burgerlijke staat;Brakel;1996;6915.0;6935.5
6225;Totaal mannen en vrouwen;Totaal;Totaal burgerlijke staat;Brakel;1997;6956.0;6995.0
6226;Totaal mannen en vrouwen;Totaal;Totaal burgerlijke staat;Brakel;1998;7034.0;7085.0
6227;Totaal mannen en vrouwen;Totaal;Totaal burgerlijke staat;Brakel;1999;;
6228;Totaal mannen en vrouwen;Totaal;Totaal burgerlijke staat;Brakel;2000;;
6229;Totaal mannen en vrouwen;Totaal;Totaal burgerlijke staat;Brakel;2001;;
6230;Totaal mannen en vrouwen;Totaal;Totaal burgerlijke staat;Brakel;2002;;
6231;Totaal mannen en vrouwen;Totaal;Totaal burgerlijke staat;Brakel;2003;;
6232;Totaal mannen en vrouwen;Totaal;Totaal burgerlijke staat;Brakel;2004;;
6233;Totaal mannen en vrouwen;Totaal;Totaal burgerlijke staat;Brakel;2005;;
6234;Totaal mannen en vrouwen;Totaal;Totaal burgerlijke staat;Brakel;2006;;
6235;Totaal mannen en vrouwen;Totaal;Totaal burgerlijke staat;Brakel;2007;;
6236;Totaal mannen en vrouwen;Totaal;Totaal burgerlijke staat;Brakel;2008;;
6237;Totaal mannen en vrouwen;Totaal;Totaal burgerlijke staat;Brakel;2009;;
6238;Totaal mannen en vrouwen;Totaal;Totaal burgerlijke staat;Brakel;2010;;
6239;Totaal mannen en vrouwen;Totaal;Totaal burgerlijke staat;Brakel;2011;;
6240;Totaal mannen en vrouwen;Totaal;Totaal burgerlijke staat;Brakel;2012;;
6241;Totaal mannen en vrouwen;Totaal;Totaal burgerlijke staat;Brakel;2013;;
6242;Totaal mannen en vrouwen;Totaal;Totaal burgerlijke staat;Brakel;2014;;
6243;Totaal mannen en vrouwen;Totaal;Totaal burgerlijke staat;Brakel;2015;;
6244;Totaal mannen en vrouwen;Totaal;Totaal burgerlijke staat;Brakel;2016;;
6245;Totaal mannen en vrouwen;Totaal;Totaal burgerlijke staat;Brakel;2017;;
6246;Totaal mannen en vrouwen;Totaal;Totaal burgerlijke staat;Brakel;2018;;
6247;Totaal mannen en vrouwen;Totaal;Totaal burgerlijke staat;Brakel;2019;;
6248;Totaal mannen en vrouwen;Totaal;Totaal burgerlijke staat;Brakel;2020;;
6249;Totaal mannen en vrouwen;Totaal;Totaal burgerlijke staat;Brakel;2021;;
6250;Totaal mannen en vrouwen;Totaal;Totaal burgerlijke staat;Brakel;2022;;
6251;Totaal mannen en vrouwen;Totaal;Totaal burgerlijke staat;Brakel;2023;;
6252;Totaal mannen en vrouwen;Totaal;Totaal burgerlijke staat;Brakel;2024;;
6253;Totaal mannen en vrouwen;Totaal;Totaal burgerlijke staat;Breda;1988;120212.0;
6254;Totaal mannen en vrouwen;Totaal;Totaal burgerlijke staat;Breda;1989;121362.0;
6255;Totaal mannen en vrouwen;Totaal;Totaal burgerlijke staat;Breda;1990;123025.0;
6256;Totaal mannen en vrouwen;Totaal;Totaal burgerlijke staat;Breda;1991;124794.0;
6257;Totaal mannen en vrouwen;Totaal;Totaal burgerlijke staat;Breda;1992;126709.0;
6258;Totaal mannen en vrouwen;Totaal;Totaal burgerlijke staat;Breda;1993;128185.0;
6259;Totaal mannen en vrouwen;Totaal;Totaal burgerlijke staat;Breda;1994;129125.0;
6260;Totaal mannen en vrouwen;Totaal;Totaal burgerlijke staat;Breda;1995;129911.0;129972.0
6261;Totaal mannen en vrouwen;Totaal;Totaal burgerlijke staat;Breda;1996;130033.0;129884.5
6262;Totaal mannen en vrouwen;Totaal;Totaal burgerlijke staat;Breda;1997;156364.0;156710.5
6263;Totaal mannen en vrouwen;Totaal;Totaal burgerlijke staat;Breda;1998;157057.0;158049.5
6264;Totaal mannen en vrouwen;Totaal;Totaal burgerlijke staat;Breda;1999;159042.0;159828.5
6265;Totaal mannen en vrouwen;Totaal;Totaal burgerlijke staat;Breda;2000;160615.0;161461.5
6266;Totaal mannen en vrouwen;Totaal;Totaal burgerlijke staat;Breda;2001;162308.0;162867.5
6267;Totaal mannen en vrouwen;Totaal;Totaal burgerlijke staat;Breda;2002;163427.0;163912.0
6268;Totaal mannen en vrouwen;Totaal;Totaal burgerlijke staat;Breda;2003;164397.0;165216.0
6269;Totaal mannen en vrouwen;Totaal;Totaal burgerlijke staat;Breda;2004;166035.0;167044.5
6270;Totaal mannen en vrouwen;Totaal;Totaal burgerlijke staat;Breda;2005;168054.0;168881.5
6271;Totaal mannen en vrouwen;Totaal;Totaal burgerlijke staat;Breda;2006;169709.0;170029.0
6272;Totaal mannen en vrouwen;Totaal;Totaal burgerlijke staat;Breda;2007;170349.0;170654.5
6273;Totaal mannen en vrouwen;Totaal;Totaal burgerlijke staat;Breda;2008;170960.0;171438.0
6274;Totaal mannen en vrouwen;Totaal;Totaal burgerlijke staat;Breda;2009;171916.0;172607.5
6275;Totaal mannen en vrouwen;Totaal;Totaal burgerlijke staat;Breda;2010;173299.0;173949.0
6276;Totaal mannen en vrouwen;Totaal;Totaal burgerlijke staat;Breda;2011;174599.0;175500.0
6277;Totaal mannen en vrouwen;Totaal;Totaal burgerlijke staat;Breda;2012;176401.0;177270.5
6278;Totaal mannen en vrouwen;Totaal;Totaal burgerlijke staat;Breda;2013;178140.0;178881.5
6279;Totaal mannen en vrouwen;Totaal;Totaal burgerlijke staat;Breda;2014;179623.0;180280.0
6280;Totaal mannen en vrouwen;Totaal;Totaal burgerlijke staat;Breda;2015;180937.0;181274.0
6281;Totaal mannen en vrouwen;Totaal;Totaal burgerlijke staat;Breda;2016;181611.0;181957.5
6282;Totaal mannen en vrouwen;Totaal;Totaal burgerlijke staat;Breda;2017;182304.0;182876.0
6283;Totaal mannen en vrouwen;Totaal;Totaal burgerlijke staat;Breda;2018;183448.0;183660.5
6284;Totaal mannen en vrouwen;Totaal;Totaal burgerlijke staat;Breda;2019;183873.0;183971.0
6285;Totaal mannen en vrouwen;Totaal;Totaal burgerlijke staat;Breda;2020;184069.0;184097.5
6286;Totaal mannen en vrouwen;Totaal;Totaal burgerlijke staat;Breda;2021;184126.0;184414.0
6287;Totaal mannen en vrouwen;Totaal;Totaal burgerlijke staat;Breda;2022;184702.0;185570.0
6288;Totaal mannen en vrouwen;Totaal;Totaal burgerlijke staat;Breda;2023;186438.0;187258.0
6289;Totaal mannen en vrouwen;Totaal;Totaal burgerlijke staat;Breda;2024;188078.0;
6290;Totaal mannen en vrouwen;Totaal;Totaal burgerlijke staat;Brederwiede;1988;11962.0;
6291;Totaal mannen en vrouwen;Totaal;Totaal burgerlijke staat;Brederwiede;1989;11948.0;
6292;Totaal mannen en vrouwen;Totaal;Totaal burgerlijke staat;Brederwiede;1990;11907.0;
6293;Totaal mannen en vrouwen;Totaal;Totaal burgerlijke staat;Brederwiede;1991;11980.0;
6294;Totaal mannen en vrouwen;Totaal;Totaal burgerlijke staat;Brederwiede;1992;12056.0;
6295;Totaal mannen en vrouwen;Totaal;Totaal burgerlijke staat;Brederwiede;1993;12157.0;
6296;Totaal mannen en vrouwen;Totaal;Totaal burgerlijke staat;Brederwiede;1994;12128.0;
6297;Totaal mannen en vrouwen;Totaal;Totaal burgerlijke staat;Brederwiede;1995;12023.0;12062.5
6298;Totaal mannen en vrouwen;Totaal;Totaal burgerlijke staat;Brederwiede;1996;12102.0;12168.5
6299;Totaal mannen en vrouwen;Totaal;Totaal burgerlijke staat;Brederwiede;1997;12235.0;12265.5
6300;Totaal mannen en vrouwen;Totaal;Totaal burgerlijke staat;Brederwiede;1998;12296.0;12366.5
6301;Totaal mannen en vrouwen;Totaal;Totaal burgerlijke staat;Brederwiede;1999;12437.0;12469.0
6302;Totaal mannen en vrouwen;Totaal;Totaal burgerlijke staat;Brederwiede;2000;12501.0;12585.5
6303;Totaal mannen en vrouwen;Totaal;Totaal burgerlijke staat;Brederwiede;2001;;
6304;Totaal mannen en vrouwen;Totaal;Totaal burgerlijke staat;Brederwiede;2002;;
6305;Totaal mannen en vrouwen;Totaal;Totaal burgerlijke staat;Brederwiede;2003;;
6306;Totaal mannen en vrouwen;Totaal;Totaal burgerlijke staat;Brederwiede;2004;;
6307;Totaal mannen en vrouwen;Totaal;Totaal burgerlijke staat;Brederwiede;2005;;
6308;Totaal mannen en vrouwen;Totaal;Totaal burgerlijke staat;Brederwiede;2006;;
6309;Totaal mannen en vrouwen;Totaal;Totaal burgerlijke staat;Brederwiede;2007;;
6310;Totaal mannen en vrouwen;Totaal;Totaal burgerlijke staat;Brederwiede;2008;;
6311;Totaal mannen en vrouwen;Totaal;Totaal burgerlijke staat;Brederwiede;2009;;
6312;Totaal mannen en vrouwen;Totaal;Totaal burgerlijke staat;Brederwiede;2010;;
6313;Totaal mannen en vrouwen;Totaal;Totaal burgerlijke staat;Brederwiede;2011;;
6314;Totaal mannen en vrouwen;Totaal;Totaal burgerlijke staat;Brederwiede;2012;;
6315;Totaal mannen en vrouwen;Totaal;Totaal burgerlijke staat;Brederwiede;2013;;
6316;Totaal mannen en vrouwen;Totaal;Totaal burgerlijke staat;Brederwiede;2014;;
6317;Totaal mannen en vrouwen;Totaal;Totaal burgerlijke staat;Brederwiede;2015;;
6318;Totaal mannen en vrouwen;Totaal;Totaal burgerlijke staat;Brederwiede;2016;;
6319;Totaal mannen en vrouwen;Totaal;Totaal burgerlijke staat;Brederwiede;2017;;
6320;Totaal mannen en vrouwen;Totaal;Totaal burgerlijke staat;Brederwiede;2018;;
6321;Totaal mannen en vrouwen;Totaal;Totaal burgerlijke staat;Brederwiede;2019;;
6322;Totaal mannen en vrouwen;Totaal;Totaal burgerlijke staat;Brederwiede;2020;;
6323;Totaal mannen en vrouwen;Totaal;Totaal burgerlijke staat;Brederwiede;2021;;
6324;Totaal mannen en vrouwen;Totaal;Totaal burgerlijke staat;Brederwiede;2022;;
6325;Totaal mannen en vrouwen;Totaal;Totaal burgerlijke staat;Brederwiede;2023;;
6326;Totaal mannen en vrouwen;Totaal;Totaal burgerlijke staat;Brederwiede;2024;;
6327;Totaal mannen en vrouwen;Totaal;Totaal burgerlijke staat;Breukelen;1988;10403.0;
6328;Totaal mannen en vrouwen;Totaal;Totaal burgerlijke staat;Breukelen;1989;13387.0;
6329;Totaal mannen en vrouwen;Totaal;Totaal burgerlijke staat;Breukelen;1990;13518.0;
6330;Totaal mannen en vrouwen;Totaal;Totaal burgerlijke staat;Breukelen;1991;13822.0;
6331;Totaal mannen en vrouwen;Totaal;Totaal burgerlijke staat;Breukelen;1992;13844.0;
6332;Totaal mannen en vrouwen;Totaal;Totaal burgerlijke staat;Breukelen;1993;13787.0;
6333;Totaal mannen en vrouwen;Totaal;Totaal burgerlijke staat;Breukelen;1994;13746.0;
6334;Totaal mannen en vrouwen;Totaal;Totaal burgerlijke staat;Breukelen;1995;13734.0;13823.0
6335;Totaal mannen en vrouwen;Totaal;Totaal burgerlijke staat;Breukelen;1996;13912.0;13926.0
6336;Totaal mannen en vrouwen;Totaal;Totaal burgerlijke staat;Breukelen;1997;13940.0;13986.5
6337;Totaal mannen en vrouwen;Totaal;Totaal burgerlijke staat;Breukelen;1998;14033.0;14103.0
6338;Totaal mannen en vrouwen;Totaal;Totaal burgerlijke staat;Breukelen;1999;14173.0;14191.5
6339;Totaal mannen en vrouwen;Totaal;Totaal burgerlijke staat;Breukelen;2000;14210.0;14232.5
6340;Totaal mannen en vrouwen;Totaal;Totaal burgerlijke staat;Breukelen;2001;14255.0;14255.5
6341;Totaal mannen en vrouwen;Totaal;Totaal burgerlijke staat;Breukelen;2002;14256.0;14336.0
6342;Totaal mannen en vrouwen;Totaal;Totaal burgerlijke staat;Breukelen;2003;14416.0;14436.5
6343;Totaal mannen en vrouwen;Totaal;Totaal burgerlijke staat;Breukelen;2004;14457.0;14436.5
6344;Totaal mannen en vrouwen;Totaal;Totaal burgerlijke staat;Breukelen;2005;14416.0;14493.5
6345;Totaal mannen en vrouwen;Totaal;Totaal burgerlijke staat;Breukelen;2006;14571.0;14600.5
6346;Totaal mannen en vrouwen;Totaal;Totaal burgerlijke staat;Breukelen;2007;14630.0;14652.0
6347;Totaal mannen en vrouwen;Totaal;Totaal burgerlijke staat;Breukelen;2008;14674.0;14665.5
6348;Totaal mannen en vrouwen;Totaal;Totaal burgerlijke staat;Breukelen;2009;14657.0;14635.5
6349;Totaal mannen en vrouwen;Totaal;Totaal burgerlijke staat;Breukelen;2010;14614.0;14675.0
6350;Totaal mannen en vrouwen;Totaal;Totaal burgerlijke staat;Breukelen;2011;;
6351;Totaal mannen en vrouwen;Totaal;Totaal burgerlijke staat;Breukelen;2012;;
6352;Totaal mannen en vrouwen;Totaal;Totaal burgerlijke staat;Breukelen;2013;;
6353;Totaal mannen en vrouwen;Totaal;Totaal burgerlijke staat;Breukelen;2014;;
6354;Totaal mannen en vrouwen;Totaal;Totaal burgerlijke staat;Breukelen;2015;;
6355;Totaal mannen en vrouwen;Totaal;Totaal burgerlijke staat;Breukelen;2016;;
6356;Totaal mannen en vrouwen;Totaal;Totaal burgerlijke staat;Breukelen;2017;;
6357;Totaal mannen en vrouwen;Totaal;Totaal burgerlijke staat;Breukelen;2018;;
6358;Totaal mannen en vrouwen;Totaal;Totaal burgerlijke staat;Breukelen;2019;;
6359;Totaal mannen en vrouwen;Totaal;Totaal burgerlijke staat;Breukelen;2020;;
6360;Totaal mannen en vrouwen;Totaal;Totaal burgerlijke staat;Breukelen;2021;;
6361;Totaal mannen en vrouwen;Totaal;Totaal burgerlijke staat;Breukelen;2022;;
6362;Totaal mannen en vrouwen;Totaal;Totaal burgerlijke staat;Breukelen;2023;;
6363;Totaal mannen en vrouwen;Totaal;Totaal burgerlijke staat;Breukelen;2024;;
6364;Totaal mannen en vrouwen;Totaal;Totaal burgerlijke staat;Brielle;1988;14977.0;
6365;Totaal mannen en vrouwen;Totaal;Totaal burgerlijke staat;Brielle;1989;14973.0;
6366;Totaal mannen en vrouwen;Totaal;Totaal burgerlijke staat;Brielle;1990;15040.0;
6367;Totaal mannen en vrouwen;Totaal;Totaal burgerlijke staat;Brielle;1991;14916.0;
6368;Totaal mannen en vrouwen;Totaal;Totaal burgerlijke staat;Brielle;1992;14903.0;
6369;Totaal mannen en vrouwen;Totaal;Totaal burgerlijke staat;Brielle;1993;15170.0;
6370;Totaal mannen en vrouwen;Totaal;Totaal burgerlijke staat;Brielle;1994;15514.0;
6371;Totaal mannen en vrouwen;Totaal;Totaal burgerlijke staat;Brielle;1995;15614.0;15716.5
6372;Totaal mannen en vrouwen;Totaal;Totaal burgerlijke staat;Brielle;1996;15819.0;15782.0
6373;Totaal mannen en vrouwen;Totaal;Totaal burgerlijke staat;Brielle;1997;15745.0;15793.5
6374;Totaal mannen en vrouwen;Totaal;Totaal burgerlijke staat;Brielle;1998;15842.0;15818.5
6375;Totaal mannen en vrouwen;Totaal;Totaal burgerlijke staat;Brielle;1999;15795.0;15832.0
6376;Totaal mannen en vrouwen;Totaal;Totaal burgerlijke staat;Brielle;2000;15869.0;15917.0
6377;Totaal mannen en vrouwen;Totaal;Totaal burgerlijke staat;Brielle;2001;15965.0;15983.0
6378;Totaal mannen en vrouwen;Totaal;Totaal burgerlijke staat;Brielle;2002;16001.0;16000.0
6379;Totaal mannen en vrouwen;Totaal;Totaal burgerlijke staat;Brielle;2003;15999.0;15973.5
6380;Totaal mannen en vrouwen;Totaal;Totaal burgerlijke staat;Brielle;2004;15948.0;15989.5
6381;Totaal mannen en vrouwen;Totaal;Totaal burgerlijke staat;Brielle;2005;16031.0;16010.5
6382;Totaal mannen en vrouwen;Totaal;Totaal burgerlijke staat;Brielle;2006;15990.0;15954.0
6383;Totaal mannen en vrouwen;Totaal;Totaal burgerlijke staat;Brielle;2007;15918.0;15840.0
6384;Totaal mannen en vrouwen;Totaal;Totaal burgerlijke staat;Brielle;2008;15762.0;15679.5
6385;Totaal mannen en vrouwen;Totaal;Totaal burgerlijke staat;Brielle;2009;15597.0;15678.0
6386;Totaal mannen en vrouwen;Totaal;Totaal burgerlijke staat;Brielle;2010;15759.0;15868.5
6387;Totaal mannen en vrouwen;Totaal;Totaal burgerlijke staat;Brielle;2011;15978.0;16025.0
6388;Totaal mannen en vrouwen;Totaal;Totaal burgerlijke staat;Brielle;2012;16072.0;16196.0
6389;Totaal mannen en vrouwen;Totaal;Totaal burgerlijke staat;Brielle;2013;16320.0;16316.0
6390;Totaal mannen en vrouwen;Totaal;Totaal burgerlijke staat;Brielle;2014;16312.0;16389.5
6391;Totaal mannen en vrouwen;Totaal;Totaal burgerlijke staat;Brielle;2015;16467.0;16553.5
6392;Totaal mannen en vrouwen;Totaal;Totaal burgerlijke staat;Brielle;2016;16640.0;16736.5
6393;Totaal mannen en vrouwen;Totaal;Totaal burgerlijke staat;Brielle;2017;16833.0;16936.5
6394;Totaal mannen en vrouwen;Totaal;Totaal burgerlijke staat;Brielle;2018;17040.0;17111.0
6395;Totaal mannen en vrouwen;Totaal;Totaal burgerlijke staat;Brielle;2019;17182.0;17226.5
6396;Totaal mannen en vrouwen;Totaal;Totaal burgerlijke staat;Brielle;2020;17271.0;17355.0
6397;Totaal mannen en vrouwen;Totaal;Totaal burgerlijke staat;Brielle;2021;17439.0;17571.5
6398;Totaal mannen en vrouwen;Totaal;Totaal burgerlijke staat;Brielle;2022;17704.0;17864.0
6399;Totaal mannen en vrouwen;Totaal;Totaal burgerlijke staat;Brielle;2023;;
6400;Totaal mannen en vrouwen;Totaal;Totaal burgerlijke staat;Brielle;2024;;
6401;Totaal mannen en vrouwen;Totaal;Totaal burgerlijke staat;Broek in Waterland;1988;2727.0;
6402;Totaal mannen en vrouwen;Totaal;Totaal burgerlijke staat;Broek in Waterland;1989;2738.0;
6403;Totaal mannen en vrouwen;Totaal;Totaal burgerlijke staat;Broek in Waterland;1990;2745.0;
6404;Totaal mannen en vrouwen;Totaal;Totaal burgerlijke staat;Broek in Waterland;1991;;
6405;Totaal mannen en vrouwen;Totaal;Totaal burgerlijke staat;Broek in Waterland;1992;;
6406;Totaal mannen en vrouwen;Totaal;Totaal burgerlijke staat;Broek in Waterland;1993;;
6407;Totaal mannen en vrouwen;Totaal;Totaal burgerlijke staat;Broek in Waterland;1994;;
6408;Totaal mannen en vrouwen;Totaal;Totaal burgerlijke staat;Broek in Waterland;1995;;
6409;Totaal mannen en vrouwen;Totaal;Totaal burgerlijke staat;Broek in Waterland;1996;;
6410;Totaal mannen en vrouwen;Totaal;Totaal burgerlijke staat;Broek in Waterland;1997;;
6411;Totaal mannen en vrouwen;Totaal;Totaal burgerlijke staat;Broek in Waterland;1998;;
6412;Totaal mannen en vrouwen;Totaal;Totaal burgerlijke staat;Broek in Waterland;1999;;
6413;Totaal mannen en vrouwen;Totaal;Totaal burgerlijke staat;Broek in Waterland;2000;;
6414;Totaal mannen en vrouwen;Totaal;Totaal burgerlijke staat;Broek in Waterland;2001;;
6415;Totaal mannen en vrouwen;Totaal;Totaal burgerlijke staat;Broek in Waterland;2002;;
6416;Totaal mannen en vrouwen;Totaal;Totaal burgerlijke staat;Broek in Waterland;2003;;
6417;Totaal mannen en vrouwen;Totaal;Totaal burgerlijke staat;Broek in Waterland;2004;;
6418;Totaal mannen en vrouwen;Totaal;Totaal burgerlijke staat;Broek in Waterland;2005;;
6419;Totaal mannen en vrouwen;Totaal;Totaal burgerlijke staat;Broek in Waterland;2006;;
6420;Totaal mannen en vrouwen;Totaal;Totaal burgerlijke staat;Broek in Waterland;2007;;
6421;Totaal mannen en vrouwen;Totaal;Totaal burgerlijke staat;Broek in Waterland;2008;;
6422;Totaal mannen en vrouwen;Totaal;Totaal burgerlijke staat;Broek in Waterland;2009;;
6423;Totaal mannen en vrouwen;Totaal;Totaal burgerlijke staat;Broek in Waterland;2010;;
6424;Totaal mannen en vrouwen;Totaal;Totaal burgerlijke staat;Broek in Waterland;2011;;
6425;Totaal mannen en vrouwen;Totaal;Totaal burgerlijke staat;Broek in Waterland;2012;;
6426;Totaal mannen en vrouwen;Totaal;Totaal burgerlijke staat;Broek in Waterland;2013;;
6427;Totaal mannen en vrouwen;Totaal;Totaal burgerlijke staat;Broek in Waterland;2014;;
6428;Totaal mannen en vrouwen;Totaal;Totaal burgerlijke staat;Broek in Waterland;2015;;
6429;Totaal mannen en vrouwen;Totaal;Totaal burgerlijke staat;Broek in Waterland;2016;;
6430;Totaal mannen en vrouwen;Totaal;Totaal burgerlijke staat;Broek in Waterland;2017;;
6431;Totaal mannen en vrouwen;Totaal;Totaal burgerlijke staat;Broek in Waterland;2018;;
6432;Totaal mannen en vrouwen;Totaal;Totaal burgerlijke staat;Broek in Waterland;2019;;
6433;Totaal mannen en vrouwen;Totaal;Totaal burgerlijke staat;Broek in Waterland;2020;;
6434;Totaal mannen en vrouwen;Totaal;Totaal burgerlijke staat;Broek in Waterland;2021;;
6435;Totaal mannen en vrouwen;Totaal;Totaal burgerlijke staat;Broek in Waterland;2022;;
6436;Totaal mannen en vrouwen;Totaal;Totaal burgerlijke staat;Broek in Waterland;2023;;
6437;Totaal mannen en vrouwen;Totaal;Totaal burgerlijke staat;Broek in Waterland;2024;;
6438;Totaal mannen en vrouwen;Totaal;Totaal burgerlijke staat;Broekhuizen;1988;1796.0;
6439;Totaal mannen en vrouwen;Totaal;Totaal burgerlijke staat;Broekhuizen;1989;1829.0;
6440;Totaal mannen en vrouwen;Totaal;Totaal burgerlijke staat;Broekhuizen;1990;1832.0;
6441;Totaal mannen en vrouwen;Totaal;Totaal burgerlijke staat;Broekhuizen;1991;1857.0;
6442;Totaal mannen en vrouwen;Totaal;Totaal burgerlijke staat;Broekhuizen;1992;1870.0;
6443;Totaal mannen en vrouwen;Totaal;Totaal burgerlijke staat;Broekhuizen;1993;1876.0;
6444;Totaal mannen en vrouwen;Totaal;Totaal burgerlijke staat;Broekhuizen;1994;1879.0;
6445;Totaal mannen en vrouwen;Totaal;Totaal burgerlijke staat;Broekhuizen;1995;1896.0;1896.5
6446;Totaal mannen en vrouwen;Totaal;Totaal burgerlijke staat;Broekhuizen;1996;1897.0;1913.5
6447;Totaal mannen en vrouwen;Totaal;Totaal burgerlijke staat;Broekhuizen;1997;1930.0;1929.0
6448;Totaal mannen en vrouwen;Totaal;Totaal burgerlijke staat;Broekhuizen;1998;1928.0;1924.5
6449;Totaal mannen en vrouwen;Totaal;Totaal burgerlijke staat;Broekhuizen;1999;1921.0;1920.0
6450;Totaal mannen en vrouwen;Totaal;Totaal burgerlijke staat;Broekhuizen;2000;1919.0;1912.5
6451;Totaal mannen en vrouwen;Totaal;Totaal burgerlijke staat;Broekhuizen;2001;;
6452;Totaal mannen en vrouwen;Totaal;Totaal burgerlijke staat;Broekhuizen;2002;;
6453;Totaal mannen en vrouwen;Totaal;Totaal burgerlijke staat;Broekhuizen;2003;;
6454;Totaal mannen en vrouwen;Totaal;Totaal burgerlijke staat;Broekhuizen;2004;;
6455;Totaal mannen en vrouwen;Totaal;Totaal burgerlijke staat;Broekhuizen;2005;;
6456;Totaal mannen en vrouwen;Totaal;Totaal burgerlijke staat;Broekhuizen;2006;;
6457;Totaal mannen en vrouwen;Totaal;Totaal burgerlijke staat;Broekhuizen;2007;;
6458;Totaal mannen en vrouwen;Totaal;Totaal burgerlijke staat;Broekhuizen;2008;;
6459;Totaal mannen en vrouwen;Totaal;Totaal burgerlijke staat;Broekhuizen;2009;;
6460;Totaal mannen en vrouwen;Totaal;Totaal burgerlijke staat;Broekhuizen;2010;;
6461;Totaal mannen en vrouwen;Totaal;Totaal burgerlijke staat;Broekhuizen;2011;;
6462;Totaal mannen en vrouwen;Totaal;Totaal burgerlijke staat;Broekhuizen;2012;;
6463;Totaal mannen en vrouwen;Totaal;Totaal burgerlijke staat;Broekhuizen;2013;;
6464;Totaal mannen en vrouwen;Totaal;Totaal burgerlijke staat;Broekhuizen;2014;;
6465;Totaal mannen en vrouwen;Totaal;Totaal burgerlijke staat;Broekhuizen;2015;;
6466;Totaal mannen en vrouwen;Totaal;Totaal burgerlijke staat;Broekhuizen;2016;;
6467;Totaal mannen en vrouwen;Totaal;Totaal burgerlijke staat;Broekhuizen;2017;;
6468;Totaal mannen en vrouwen;Totaal;Totaal burgerlijke staat;Broekhuizen;2018;;
6469;Totaal mannen en vrouwen;Totaal;Totaal burgerlijke staat;Broekhuizen;2019;;
6470;Totaal mannen en vrouwen;Totaal;Totaal burgerlijke staat;Broekhuizen;2020;;
6471;Totaal mannen en vrouwen;Totaal;Totaal burgerlijke staat;Broekhuizen;2021;;
6472;Totaal mannen en vrouwen;Totaal;Totaal burgerlijke staat;Broekhuizen;2022;;
6473;Totaal mannen en vrouwen;Totaal;Totaal burgerlijke staat;Broekhuizen;2023;;
6474;Totaal mannen en vrouwen;Totaal;Totaal burgerlijke staat;Broekhuizen;2024;;
6475;Totaal mannen en vrouwen;Totaal;Totaal burgerlijke staat;Bronckhorst;1988;;
6476;Totaal mannen en vrouwen;Totaal;Totaal burgerlijke staat;Bronckhorst;1989;;
6477;Totaal mannen en vrouwen;Totaal;Totaal burgerlijke staat;Bronckhorst;1990;;
6478;Totaal mannen en vrouwen;Totaal;Totaal burgerlijke staat;Bronckhorst;1991;;
6479;Totaal mannen en vrouwen;Totaal;Totaal burgerlijke staat;Bronckhorst;1992;;
6480;Totaal mannen en vrouwen;Totaal;Totaal burgerlijke staat;Bronckhorst;1993;;
6481;Totaal mannen en vrouwen;Totaal;Totaal burgerlijke staat;Bronckhorst;1994;;
6482;Totaal mannen en vrouwen;Totaal;Totaal burgerlijke staat;Bronckhorst;1995;;
6483;Totaal mannen en vrouwen;Totaal;Totaal burgerlijke staat;Bronckhorst;1996;;
6484;Totaal mannen en vrouwen;Totaal;Totaal burgerlijke staat;Bronckhorst;1997;;
6485;Totaal mannen en vrouwen;Totaal;Totaal burgerlijke staat;Bronckhorst;1998;;
6486;Totaal mannen en vrouwen;Totaal;Totaal burgerlijke staat;Bronckhorst;1999;;
6487;Totaal mannen en vrouwen;Totaal;Totaal burgerlijke staat;Bronckhorst;2000;;
6488;Totaal mannen en vrouwen;Totaal;Totaal burgerlijke staat;Bronckhorst;2001;;
6489;Totaal mannen en vrouwen;Totaal;Totaal burgerlijke staat;Bronckhorst;2002;;
6490;Totaal mannen en vrouwen;Totaal;Totaal burgerlijke staat;Bronckhorst;2003;;
6491;Totaal mannen en vrouwen;Totaal;Totaal burgerlijke staat;Bronckhorst;2004;;
6492;Totaal mannen en vrouwen;Totaal;Totaal burgerlijke staat;Bronckhorst;2005;37616.0;37658.0
6493;Totaal mannen en vrouwen;Totaal;Totaal burgerlijke staat;Bronckhorst;2006;37700.0;37744.0
6494;Totaal mannen en vrouwen;Totaal;Totaal burgerlijke staat;Bronckhorst;2007;37788.0;37810.5
6495;Totaal mannen en vrouwen;Totaal;Totaal burgerlijke staat;Bronckhorst;2008;37833.0;37865.0
6496;Totaal mannen en vrouwen;Totaal;Totaal burgerlijke staat;Bronckhorst;2009;37897.0;37824.0
6497;Totaal mannen en vrouwen;Totaal;Totaal burgerlijke staat;Bronckhorst;2010;37751.0;37714.0
6498;Totaal mannen en vrouwen;Totaal;Totaal burgerlijke staat;Bronckhorst;2011;37677.0;37559.0
6499;Totaal mannen en vrouwen;Totaal;Totaal burgerlijke staat;Bronckhorst;2012;37441.0;37328.5
6500;Totaal mannen en vrouwen;Totaal;Totaal burgerlijke staat;Bronckhorst;2013;37216.0;37074.0
6501;Totaal mannen en vrouwen;Totaal;Totaal burgerlijke staat;Bronckhorst;2014;36932.0;36829.0
6502;Totaal mannen en vrouwen;Totaal;Totaal burgerlijke staat;Bronckhorst;2015;36726.0;36618.0
6503;Totaal mannen en vrouwen;Totaal;Totaal burgerlijke staat;Bronckhorst;2016;36510.0;36460.0
6504;Totaal mannen en vrouwen;Totaal;Totaal burgerlijke staat;Bronckhorst;2017;36410.0;36381.0
6505;Totaal mannen en vrouwen;Totaal;Totaal burgerlijke staat;Bronckhorst;2018;36352.0;36282.0
6506;Totaal mannen en vrouwen;Totaal;Totaal burgerlijke staat;Bronckhorst;2019;36212.0;36133.5
6507;Totaal mannen en vrouwen;Totaal;Totaal burgerlijke staat;Bronckhorst;2020;36055.0;36071.0
6508;Totaal mannen en vrouwen;Totaal;Totaal burgerlijke staat;Bronckhorst;2021;36087.0;36082.0
6509;Totaal mannen en vrouwen;Totaal;Totaal burgerlijke staat;Bronckhorst;2022;36077.0;36177.0
6510;Totaal mannen en vrouwen;Totaal;Totaal burgerlijke staat;Bronckhorst;2023;36277.0;36198.0
6511;Totaal mannen en vrouwen;Totaal;Totaal burgerlijke staat;Bronckhorst;2024;36119.0;
6512;Totaal mannen en vrouwen;Totaal;Totaal burgerlijke staat;Brouwershaven;1988;3545.0;
6513;Totaal mannen en vrouwen;Totaal;Totaal burgerlijke staat;Brouwershaven;1989;3534.0;
6514;Totaal mannen en vrouwen;Totaal;Totaal burgerlijke staat;Brouwershaven;1990;3617.0;
6515;Totaal mannen en vrouwen;Totaal;Totaal burgerlijke staat;Brouwershaven;1991;3650.0;
6516;Totaal mannen en vrouwen;Totaal;Totaal burgerlijke staat;Brouwershaven;1992;3708.0;
6517;Totaal mannen en vrouwen;Totaal;Totaal burgerlijke staat;Brouwershaven;1993;3747.0;
6518;Totaal mannen en vrouwen;Totaal;Totaal burgerlijke staat;Brouwershaven;1994;3768.0;
6519;Totaal mannen en vrouwen;Totaal;Totaal burgerlijke staat;Brouwershaven;1995;3826.0;3858.5
6520;Totaal mannen en vrouwen;Totaal;Totaal burgerlijke staat;Brouwershaven;1996;3891.0;3915.0
6521;Totaal mannen en vrouwen;Totaal;Totaal burgerlijke staat;Brouwershaven;1997;;
6522;Totaal mannen en vrouwen;Totaal;Totaal burgerlijke staat;Brouwershaven;1998;;
6523;Totaal mannen en vrouwen;Totaal;Totaal burgerlijke staat;Brouwershaven;1999;;
6524;Totaal mannen en vrouwen;Totaal;Totaal burgerlijke staat;Brouwershaven;2000;;
6525;Totaal mannen en vrouwen;Totaal;Totaal burgerlijke staat;Brouwershaven;2001;;
6526;Totaal mannen en vrouwen;Totaal;Totaal burgerlijke staat;Brouwershaven;2002;;
6527;Totaal mannen en vrouwen;Totaal;Totaal burgerlijke staat;Brouwershaven;2003;;
6528;Totaal mannen en vrouwen;Totaal;Totaal burgerlijke staat;Brouwershaven;2004;;
6529;Totaal mannen en vrouwen;Totaal;Totaal burgerlijke staat;Brouwershaven;2005;;
6530;Totaal mannen en vrouwen;Totaal;Totaal burgerlijke staat;Brouwershaven;2006;;
6531;Totaal mannen en vrouwen;Totaal;Totaal burgerlijke staat;Brouwershaven;2007;;
6532;Totaal mannen en vrouwen;Totaal;Totaal burgerlijke staat;Brouwershaven;2008;;
6533;Totaal mannen en vrouwen;Totaal;Totaal burgerlijke staat;Brouwershaven;2009;;
6534;Totaal mannen en vrouwen;Totaal;Totaal burgerlijke staat;Brouwershaven;2010;;
6535;Totaal mannen en vrouwen;Totaal;Totaal burgerlijke staat;Brouwershaven;2011;;
6536;Totaal mannen en vrouwen;Totaal;Totaal burgerlijke staat;Brouwershaven;2012;;
6537;Totaal mannen en vrouwen;Totaal;Totaal burgerlijke staat;Brouwershaven;2013;;
6538;Totaal mannen en vrouwen;Totaal;Totaal burgerlijke staat;Brouwershaven;2014;;
6539;Totaal mannen en vrouwen;Totaal;Totaal burgerlijke staat;Brouwershaven;2015;;
6540;Totaal mannen en vrouwen;Totaal;Totaal burgerlijke staat;Brouwershaven;2016;;
6541;Totaal mannen en vrouwen;Totaal;Totaal burgerlijke staat;Brouwershaven;2017;;
6542;Totaal mannen en vrouwen;Totaal;Totaal burgerlijke staat;Brouwershaven;2018;;
6543;Totaal mannen en vrouwen;Totaal;Totaal burgerlijke staat;Brouwershaven;2019;;
6544;Totaal mannen en vrouwen;Totaal;Totaal burgerlijke staat;Brouwershaven;2020;;
6545;Totaal mannen en vrouwen;Totaal;Totaal burgerlijke staat;Brouwershaven;2021;;
6546;Totaal mannen en vrouwen;Totaal;Totaal burgerlijke staat;Brouwershaven;2022;;
6547;Totaal mannen en vrouwen;Totaal;Totaal burgerlijke staat;Brouwershaven;2023;;
6548;Totaal mannen en vrouwen;Totaal;Totaal burgerlijke staat;Brouwershaven;2024;;
6549;Totaal mannen en vrouwen;Totaal;Totaal burgerlijke staat;Bruinisse;1988;3118.0;
6550;Totaal mannen en vrouwen;Totaal;Totaal burgerlijke staat;Bruinisse;1989;3096.0;
6551;Totaal mannen en vrouwen;Totaal;Totaal burgerlijke staat;Bruinisse;1990;3139.0;
6552;Totaal mannen en vrouwen;Totaal;Totaal burgerlijke staat;Bruinisse;1991;3167.0;
6553;Totaal mannen en vrouwen;Totaal;Totaal burgerlijke staat;Bruinisse;1992;3215.0;
6554;Totaal mannen en vrouwen;Totaal;Totaal burgerlijke staat;Bruinisse;1993;3279.0;
6555;Totaal mannen en vrouwen;Totaal;Totaal burgerlijke staat;Bruinisse;1994;3357.0;
6556;Totaal mannen en vrouwen;Totaal;Totaal burgerlijke staat;Bruinisse;1995;3568.0;3629.0
6557;Totaal mannen en vrouwen;Totaal;Totaal burgerlijke staat;Bruinisse;1996;3690.0;3703.0
6558;Totaal mannen en vrouwen;Totaal;Totaal burgerlijke staat;Bruinisse;1997;;
6559;Totaal mannen en vrouwen;Totaal;Totaal burgerlijke staat;Bruinisse;1998;;
6560;Totaal mannen en vrouwen;Totaal;Totaal burgerlijke staat;Bruinisse;1999;;
6561;Totaal mannen en vrouwen;Totaal;Totaal burgerlijke staat;Bruinisse;2000;;
6562;Totaal mannen en vrouwen;Totaal;Totaal burgerlijke staat;Bruinisse;2001;;
6563;Totaal mannen en vrouwen;Totaal;Totaal burgerlijke staat;Bruinisse;2002;;
6564;Totaal mannen en vrouwen;Totaal;Totaal burgerlijke staat;Bruinisse;2003;;
6565;Totaal mannen en vrouwen;Totaal;Totaal burgerlijke staat;Bruinisse;2004;;
6566;Totaal mannen en vrouwen;Totaal;Totaal burgerlijke staat;Bruinisse;2005;;
6567;Totaal mannen en vrouwen;Totaal;Totaal burgerlijke staat;Bruinisse;2006;;
6568;Totaal mannen en vrouwen;Totaal;Totaal burgerlijke staat;Bruinisse;2007;;
6569;Totaal mannen en vrouwen;Totaal;Totaal burgerlijke staat;Bruinisse;2008;;
6570;Totaal mannen en vrouwen;Totaal;Totaal burgerlijke staat;Bruinisse;2009;;
6571;Totaal mannen en vrouwen;Totaal;Totaal burgerlijke staat;Bruinisse;2010;;
6572;Totaal mannen en vrouwen;Totaal;Totaal burgerlijke staat;Bruinisse;2011;;
6573;Totaal mannen en vrouwen;Totaal;Totaal burgerlijke staat;Bruinisse;2012;;
6574;Totaal mannen en vrouwen;Totaal;Totaal burgerlijke staat;Bruinisse;2013;;
6575;Totaal mannen en vrouwen;Totaal;Totaal burgerlijke staat;Bruinisse;2014;;
6576;Totaal mannen en vrouwen;Totaal;Totaal burgerlijke staat;Bruinisse;2015;;
6577;Totaal mannen en vrouwen;Totaal;Totaal burgerlijke staat;Bruinisse;2016;;
6578;Totaal mannen en vrouwen;Totaal;Totaal burgerlijke staat;Bruinisse;2017;;
6579;Totaal mannen en vrouwen;Totaal;Totaal burgerlijke staat;Bruinisse;2018;;
6580;Totaal mannen en vrouwen;Totaal;Totaal burgerlijke staat;Bruinisse;2019;;
6581;Totaal mannen en vrouwen;Totaal;Totaal burgerlijke staat;Bruinisse;2020;;
6582;Totaal mannen en vrouwen;Totaal;Totaal burgerlijke staat;Bruinisse;2021;;
6583;Totaal mannen en vrouwen;Totaal;Totaal burgerlijke staat;Bruinisse;2022;;
6584;Totaal mannen en vrouwen;Totaal;Totaal burgerlijke staat;Bruinisse;2023;;
6585;Totaal mannen en vrouwen;Totaal;Totaal burgerlijke staat;Bruinisse;2024;;
6586;Totaal mannen en vrouwen;Totaal;Totaal burgerlijke staat;Brummen;1988;20660.0;
6587;Totaal mannen en vrouwen;Totaal;Totaal burgerlijke staat;Brummen;1989;20802.0;
6588;Totaal mannen en vrouwen;Totaal;Totaal burgerlijke staat;Brummen;1990;20782.0;
6589;Totaal mannen en vrouwen;Totaal;Totaal burgerlijke staat;Brummen;1991;20766.0;
6590;Totaal mannen en vrouwen;Totaal;Totaal burgerlijke staat;Brummen;1992;20839.0;
6591;Totaal mannen en vrouwen;Totaal;Totaal burgerlijke staat;Brummen;1993;20788.0;
6592;Totaal mannen en vrouwen;Totaal;Totaal burgerlijke staat;Brummen;1994;20778.0;
6593;Totaal mannen en vrouwen;Totaal;Totaal burgerlijke staat;Brummen;1995;20960.0;21010.5
6594;Totaal mannen en vrouwen;Totaal;Totaal burgerlijke staat;Brummen;1996;21061.0;21223.5
6595;Totaal mannen en vrouwen;Totaal;Totaal burgerlijke staat;Brummen;1997;21386.0;21444.5
6596;Totaal mannen en vrouwen;Totaal;Totaal burgerlijke staat;Brummen;1998;21503.0;21461.5
6597;Totaal mannen en vrouwen;Totaal;Totaal burgerlijke staat;Brummen;1999;21420.0;21484.0
6598;Totaal mannen en vrouwen;Totaal;Totaal burgerlijke staat;Brummen;2000;21548.0;21570.5
6599;Totaal mannen en vrouwen;Totaal;Totaal burgerlijke staat;Brummen;2001;21593.0;21603.0
6600;Totaal mannen en vrouwen;Totaal;Totaal burgerlijke staat;Brummen;2002;21613.0;21608.5
6601;Totaal mannen en vrouwen;Totaal;Totaal burgerlijke staat;Brummen;2003;21604.0;21538.5
6602;Totaal mannen en vrouwen;Totaal;Totaal burgerlijke staat;Brummen;2004;21473.0;21438.0
6603;Totaal mannen en vrouwen;Totaal;Totaal burgerlijke staat;Brummen;2005;21403.0;21394.0
6604;Totaal mannen en vrouwen;Totaal;Totaal burgerlijke staat;Brummen;2006;21385.0;21307.0
6605;Totaal mannen en vrouwen;Totaal;Totaal burgerlijke staat;Brummen;2007;21229.0;21214.5
6606;Totaal mannen en vrouwen;Totaal;Totaal burgerlijke staat;Brummen;2008;21200.0;21179.5
6607;Totaal mannen en vrouwen;Totaal;Totaal burgerlijke staat;Brummen;2009;21159.0;21149.0
6608;Totaal mannen en vrouwen;Totaal;Totaal burgerlijke staat;Brummen;2010;21139.0;21179.0
6609;Totaal mannen en vrouwen;Totaal;Totaal burgerlijke staat;Brummen;2011;21219.0;21273.0
6610;Totaal mannen en vrouwen;Totaal;Totaal burgerlijke staat;Brummen;2012;21327.0;21286.0
6611;Totaal mannen en vrouwen;Totaal;Totaal burgerlijke staat;Brummen;2013;21245.0;21211.0
6612;Totaal mannen en vrouwen;Totaal;Totaal burgerlijke staat;Brummen;2014;21177.0;21080.0
6613;Totaal mannen en vrouwen;Totaal;Totaal burgerlijke staat;Brummen;2015;20983.0;20960.5
6614;Totaal mannen en vrouwen;Totaal;Totaal burgerlijke staat;Brummen;2016;20938.0;20890.5
6615;Totaal mannen en vrouwen;Totaal;Totaal burgerlijke staat;Brummen;2017;20843.0;20807.0
6616;Totaal mannen en vrouwen;Totaal;Totaal burgerlijke staat;Brummen;2018;20771.0;20734.5
6617;Totaal mannen en vrouwen;Totaal;Totaal burgerlijke staat;Brummen;2019;20698.0;20712.0
6618;Totaal mannen en vrouwen;Totaal;Totaal burgerlijke staat;Brummen;2020;20726.0;20805.0
6619;Totaal mannen en vrouwen;Totaal;Totaal burgerlijke staat;Brummen;2021;20884.0;20887.0
6620;Totaal mannen en vrouwen;Totaal;Totaal burgerlijke staat;Brummen;2022;20890.0;20997.5
6621;Totaal mannen en vrouwen;Totaal;Totaal burgerlijke staat;Brummen;2023;21105.0;21195.5
6622;Totaal mannen en vrouwen;Totaal;Totaal burgerlijke staat;Brummen;2024;21286.0;
6623;Totaal mannen en vrouwen;Totaal;Totaal burgerlijke staat;Brunssum;1988;29719.0;
6624;Totaal mannen en vrouwen;Totaal;Totaal burgerlijke staat;Brunssum;1989;29799.0;
6625;Totaal mannen en vrouwen;Totaal;Totaal burgerlijke staat;Brunssum;1990;29804.0;
6626;Totaal mannen en vrouwen;Totaal;Totaal burgerlijke staat;Brunssum;1991;29901.0;
6627;Totaal mannen en vrouwen;Totaal;Totaal burgerlijke staat;Brunssum;1992;29853.0;
6628;Totaal mannen en vrouwen;Totaal;Totaal burgerlijke staat;Brunssum;1993;29833.0;
6629;Totaal mannen en vrouwen;Totaal;Totaal burgerlijke staat;Brunssum;1994;30139.0;
6630;Totaal mannen en vrouwen;Totaal;Totaal burgerlijke staat;Brunssum;1995;30464.0;30602.5
6631;Totaal mannen en vrouwen;Totaal;Totaal burgerlijke staat;Brunssum;1996;30741.0;30800.5
6632;Totaal mannen en vrouwen;Totaal;Totaal burgerlijke staat;Brunssum;1997;30860.0;30559.0
6633;Totaal mannen en vrouwen;Totaal;Totaal burgerlijke staat;Brunssum;1998;30258.0;30267.5
6634;Totaal mannen en vrouwen;Totaal;Totaal burgerlijke staat;Brunssum;1999;30277.0;30370.5
6635;Totaal mannen en vrouwen;Totaal;Totaal burgerlijke staat;Brunssum;2000;30464.0;30429.5
6636;Totaal mannen en vrouwen;Totaal;Totaal burgerlijke staat;Brunssum;2001;30395.0;30276.5
6637;Totaal mannen en vrouwen;Totaal;Totaal burgerlijke staat;Brunssum;2002;30158.0;30050.0
6638;Totaal mannen en vrouwen;Totaal;Totaal burgerlijke staat;Brunssum;2003;29942.0;29768.5
6639;Totaal mannen en vrouwen;Totaal;Totaal burgerlijke staat;Brunssum;2004;29595.0;29686.0
6640;Totaal mannen en vrouwen;Totaal;Totaal burgerlijke staat;Brunssum;2005;29777.0;29700.0
6641;Totaal mannen en vrouwen;Totaal;Totaal burgerlijke staat;Brunssum;2006;29623.0;29606.5
6642;Totaal mannen en vrouwen;Totaal;Totaal burgerlijke staat;Brunssum;2007;29590.0;29666.0
6643;Totaal mannen en vrouwen;Totaal;Totaal burgerlijke staat;Brunssum;2008;29742.0;29637.0
6644;Totaal mannen en vrouwen;Totaal;Totaal burgerlijke staat;Brunssum;2009;29532.0;29490.0
6645;Totaal mannen en vrouwen;Totaal;Totaal burgerlijke staat;Brunssum;2010;29448.0;29411.5
6646;Totaal mannen en vrouwen;Totaal;Totaal burgerlijke staat;Brunssum;2011;29375.0;29287.0
6647;Totaal mannen en vrouwen;Totaal;Totaal burgerlijke staat;Brunssum;2012;29199.0;29140.0
6648;Totaal mannen en vrouwen;Totaal;Totaal burgerlijke staat;Brunssum;2013;29081.0;29019.5
6649;Totaal mannen en vrouwen;Totaal;Totaal burgerlijke staat;Brunssum;2014;28958.0;28807.0
6650;Totaal mannen en vrouwen;Totaal;Totaal burgerlijke staat;Brunssum;2015;28656.0;28552.0
6651;Totaal mannen en vrouwen;Totaal;Totaal burgerlijke staat;Brunssum;2016;28448.0;28403.0
6652;Totaal mannen en vrouwen;Totaal;Totaal burgerlijke staat;Brunssum;2017;28358.0;28299.5
6653;Totaal mannen en vrouwen;Totaal;Totaal burgerlijke staat;Brunssum;2018;28241.0;28172.0
6654;Totaal mannen en vrouwen;Totaal;Totaal burgerlijke staat;Brunssum;2019;28103.0;27962.0
6655;Totaal mannen en vrouwen;Totaal;Totaal burgerlijke staat;Brunssum;2020;27821.0;27745.5
6656;Totaal mannen en vrouwen;Totaal;Totaal burgerlijke staat;Brunssum;2021;27670.0;27672.0
6657;Totaal mannen en vrouwen;Totaal;Totaal burgerlijke staat;Brunssum;2022;27674.0;27678.0
6658;Totaal mannen en vrouwen;Totaal;Totaal burgerlijke staat;Brunssum;2023;27682.0;27726.0
6659;Totaal mannen en vrouwen;Totaal;Totaal burgerlijke staat;Brunssum;2024;27770.0;
6660;Totaal mannen en vrouwen;Totaal;Totaal burgerlijke staat;Budel;1988;11727.0;
6661;Totaal mannen en vrouwen;Totaal;Totaal burgerlijke staat;Budel;1989;11739.0;
6662;Totaal mannen en vrouwen;Totaal;Totaal burgerlijke staat;Budel;1990;11825.0;
6663;Totaal mannen en vrouwen;Totaal;Totaal burgerlijke staat;Budel;1991;11926.0;
6664;Totaal mannen en vrouwen;Totaal;Totaal burgerlijke staat;Budel;1992;12025.0;
6665;Totaal mannen en vrouwen;Totaal;Totaal burgerlijke staat;Budel;1993;12237.0;
6666;Totaal mannen en vrouwen;Totaal;Totaal burgerlijke staat;Budel;1994;12375.0;
6667;Totaal mannen en vrouwen;Totaal;Totaal burgerlijke staat;Budel;1995;12387.0;12394.0
6668;Totaal mannen en vrouwen;Totaal;Totaal burgerlijke staat;Budel;1996;12401.0;12411.0
6669;Totaal mannen en vrouwen;Totaal;Totaal burgerlijke staat;Budel;1997;20144.0;20159.0
6670;Totaal mannen en vrouwen;Totaal;Totaal burgerlijke staat;Budel;1998;20174.0;20221.5
6671;Totaal mannen en vrouwen;Totaal;Totaal burgerlijke staat;Budel;1999;;
6672;Totaal mannen en vrouwen;Totaal;Totaal burgerlijke staat;Budel;2000;;
6673;Totaal mannen en vrouwen;Totaal;Totaal burgerlijke staat;Budel;2001;;
6674;Totaal mannen en vrouwen;Totaal;Totaal burgerlijke staat;Budel;2002;;
6675;Totaal mannen en vrouwen;Totaal;Totaal burgerlijke staat;Budel;2003;;
6676;Totaal mannen en vrouwen;Totaal;Totaal burgerlijke staat;Budel;2004;;
6677;Totaal mannen en vrouwen;Totaal;Totaal burgerlijke staat;Budel;2005;;
6678;Totaal mannen en vrouwen;Totaal;Totaal burgerlijke staat;Budel;2006;;
6679;Totaal mannen en vrouwen;Totaal;Totaal burgerlijke staat;Budel;2007;;
6680;Totaal mannen en vrouwen;Totaal;Totaal burgerlijke staat;Budel;2008;;
6681;Totaal mannen en vrouwen;Totaal;Totaal burgerlijke staat;Budel;2009;;
6682;Totaal mannen en vrouwen;Totaal;Totaal burgerlijke staat;Budel;2010;;
6683;Totaal mannen en vrouwen;Totaal;Totaal burgerlijke staat;Budel;2011;;
6684;Totaal mannen en vrouwen;Totaal;Totaal burgerlijke staat;Budel;2012;;
6685;Totaal mannen en vrouwen;Totaal;Totaal burgerlijke staat;Budel;2013;;
6686;Totaal mannen en vrouwen;Totaal;Totaal burgerlijke staat;Budel;2014;;
6687;Totaal mannen en vrouwen;Totaal;Totaal burgerlijke staat;Budel;2015;;
6688;Totaal mannen en vrouwen;Totaal;Totaal burgerlijke staat;Budel;2016;;
6689;Totaal mannen en vrouwen;Totaal;Totaal burgerlijke staat;Budel;2017;;
6690;Totaal mannen en vrouwen;Totaal;Totaal burgerlijke staat;Budel;2018;;
6691;Totaal mannen en vrouwen;Totaal;Totaal burgerlijke staat;Budel;2019;;
6692;Totaal mannen en vrouwen;Totaal;Totaal burgerlijke staat;Budel;2020;;
6693;Totaal mannen en vrouwen;Totaal;Totaal burgerlijke staat;Budel;2021;;
6694;Totaal mannen en vrouwen;Totaal;Totaal burgerlijke staat;Budel;2022;;
6695;Totaal mannen en vrouwen;Totaal;Totaal burgerlijke staat;Budel;2023;;
6696;Totaal mannen en vrouwen;Totaal;Totaal burgerlijke staat;Budel;2024;;
6697;Totaal mannen en vrouwen;Totaal;Totaal burgerlijke staat;Bunnik;1988;13765.0;
6698;Totaal mannen en vrouwen;Totaal;Totaal burgerlijke staat;Bunnik;1989;13811.0;
6699;Totaal mannen en vrouwen;Totaal;Totaal burgerlijke staat;Bunnik;1990;13945.0;
6700;Totaal mannen en vrouwen;Totaal;Totaal burgerlijke staat;Bunnik;1991;13997.0;
6701;Totaal mannen en vrouwen;Totaal;Totaal burgerlijke staat;Bunnik;1992;14210.0;
6702;Totaal mannen en vrouwen;Totaal;Totaal burgerlijke staat;Bunnik;1993;14285.0;
6703;Totaal mannen en vrouwen;Totaal;Totaal burgerlijke staat;Bunnik;1994;14200.0;
6704;Totaal mannen en vrouwen;Totaal;Totaal burgerlijke staat;Bunnik;1995;14119.0;14133.5
6705;Totaal mannen en vrouwen;Totaal;Totaal burgerlijke staat;Bunnik;1996;14148.0;14127.5
6706;Totaal mannen en vrouwen;Totaal;Totaal burgerlijke staat;Bunnik;1997;14107.0;14056.5
6707;Totaal mannen en vrouwen;Totaal;Totaal burgerlijke staat;Bunnik;1998;14006.0;13972.0
6708;Totaal mannen en vrouwen;Totaal;Totaal burgerlijke staat;Bunnik;1999;13938.0;13927.0
6709;Totaal mannen en vrouwen;Totaal;Totaal burgerlijke staat;Bunnik;2000;13916.0;13845.0
6710;Totaal mannen en vrouwen;Totaal;Totaal burgerlijke staat;Bunnik;2001;13774.0;13809.5
6711;Totaal mannen en vrouwen;Totaal;Totaal burgerlijke staat;Bunnik;2002;13845.0;13978.0
6712;Totaal mannen en vrouwen;Totaal;Totaal burgerlijke staat;Bunnik;2003;14111.0;14099.0
6713;Totaal mannen en vrouwen;Totaal;Totaal burgerlijke staat;Bunnik;2004;14087.0;14112.0
6714;Totaal mannen en vrouwen;Totaal;Totaal burgerlijke staat;Bunnik;2005;14137.0;14185.5
6715;Totaal mannen en vrouwen;Totaal;Totaal burgerlijke staat;Bunnik;2006;14234.0;14197.0
6716;Totaal mannen en vrouwen;Totaal;Totaal burgerlijke staat;Bunnik;2007;14160.0;14209.0
6717;Totaal mannen en vrouwen;Totaal;Totaal burgerlijke staat;Bunnik;2008;14258.0;14332.5
6718;Totaal mannen en vrouwen;Totaal;Totaal burgerlijke staat;Bunnik;2009;14407.0;14433.0
6719;Totaal mannen en vrouwen;Totaal;Totaal burgerlijke staat;Bunnik;2010;14459.0;14448.0
6720;Totaal mannen en vrouwen;Totaal;Totaal burgerlijke staat;Bunnik;2011;14437.0;14444.0
6721;Totaal mannen en vrouwen;Totaal;Totaal burgerlijke staat;Bunnik;2012;14451.0;14507.0
6722;Totaal mannen en vrouwen;Totaal;Totaal burgerlijke staat;Bunnik;2013;14563.0;14594.5
6723;Totaal mannen en vrouwen;Totaal;Totaal burgerlijke staat;Bunnik;2014;14626.0;14644.0
6724;Totaal mannen en vrouwen;Totaal;Totaal burgerlijke staat;Bunnik;2015;14662.0;14717.5
6725;Totaal mannen en vrouwen;Totaal;Totaal burgerlijke staat;Bunnik;2016;14773.0;14964.5
6726;Totaal mannen en vrouwen;Totaal;Totaal burgerlijke staat;Bunnik;2017;15156.0;15185.0
6727;Totaal mannen en vrouwen;Totaal;Totaal burgerlijke staat;Bunnik;2018;15214.0;15203.0
6728;Totaal mannen en vrouwen;Totaal;Totaal burgerlijke staat;Bunnik;2019;15192.0;15191.5
6729;Totaal mannen en vrouwen;Totaal;Totaal burgerlijke staat;Bunnik;2020;15191.0;15266.0
6730;Totaal mannen en vrouwen;Totaal;Totaal burgerlijke staat;Bunnik;2021;15341.0;15465.5
6731;Totaal mannen en vrouwen;Totaal;Totaal burgerlijke staat;Bunnik;2022;15590.0;15808.0
6732;Totaal mannen en vrouwen;Totaal;Totaal burgerlijke staat;Bunnik;2023;16026.0;16067.0
6733;Totaal mannen en vrouwen;Totaal;Totaal burgerlijke staat;Bunnik;2024;16108.0;
6734;Totaal mannen en vrouwen;Totaal;Totaal burgerlijke staat;Bunschoten;1988;18241.0;
6735;Totaal mannen en vrouwen;Totaal;Totaal burgerlijke staat;Bunschoten;1989;18390.0;
6736;Totaal mannen en vrouwen;Totaal;Totaal burgerlijke staat;Bunschoten;1990;18493.0;
6737;Totaal mannen en vrouwen;Totaal;Totaal burgerlijke staat;Bunschoten;1991;18674.0;
6738;Totaal mannen en vrouwen;Totaal;Totaal burgerlijke staat;Bunschoten;1992;18779.0;
6739;Totaal mannen en vrouwen;Totaal;Totaal burgerlijke staat;Bunschoten;1993;18928.0;
6740;Totaal mannen en vrouwen;Totaal;Totaal burgerlijke staat;Bunschoten;1994;18989.0;
6741;Totaal mannen en vrouwen;Totaal;Totaal burgerlijke staat;Bunschoten;1995;19134.0;19179.0
6742;Totaal mannen en vrouwen;Totaal;Totaal burgerlijke staat;Bunschoten;1996;19224.0;19206.0
6743;Totaal mannen en vrouwen;Totaal;Totaal burgerlijke staat;Bunschoten;1997;19188.0;19183.5
6744;Totaal mannen en vrouwen;Totaal;Totaal burgerlijke staat;Bunschoten;1998;19179.0;19128.0
6745;Totaal mannen en vrouwen;Totaal;Totaal burgerlijke staat;Bunschoten;1999;19077.0;19096.0
6746;Totaal mannen en vrouwen;Totaal;Totaal burgerlijke staat;Bunschoten;2000;19115.0;19187.5
6747;Totaal mannen en vrouwen;Totaal;Totaal burgerlijke staat;Bunschoten;2001;19260.0;19293.5
6748;Totaal mannen en vrouwen;Totaal;Totaal burgerlijke staat;Bunschoten;2002;19327.0;19361.5
6749;Totaal mannen en vrouwen;Totaal;Totaal burgerlijke staat;Bunschoten;2003;19396.0;19423.0
6750;Totaal mannen en vrouwen;Totaal;Totaal burgerlijke staat;Bunschoten;2004;19450.0;19468.5
6751;Totaal mannen en vrouwen;Totaal;Totaal burgerlijke staat;Bunschoten;2005;19487.0;19477.5
6752;Totaal mannen en vrouwen;Totaal;Totaal burgerlijke staat;Bunschoten;2006;19468.0;19471.5
6753;Totaal mannen en vrouwen;Totaal;Totaal burgerlijke staat;Bunschoten;2007;19475.0;19543.0
6754;Totaal mannen en vrouwen;Totaal;Totaal burgerlijke staat;Bunschoten;2008;19611.0;19682.0
6755;Totaal mannen en vrouwen;Totaal;Totaal burgerlijke staat;Bunschoten;2009;19753.0;19876.5
6756;Totaal mannen en vrouwen;Totaal;Totaal burgerlijke staat;Bunschoten;2010;20000.0;20055.5
6757;Totaal mannen en vrouwen;Totaal;Totaal burgerlijke staat;Bunschoten;2011;20111.0;20155.5
6758;Totaal mannen en vrouwen;Totaal;Totaal burgerlijke staat;Bunschoten;2012;20200.0;20258.0
6759;Totaal mannen en vrouwen;Totaal;Totaal burgerlijke staat;Bunschoten;2013;20316.0;20404.0
6760;Totaal mannen en vrouwen;Totaal;Totaal burgerlijke staat;Bunschoten;2014;20492.0;20569.5
6761;Totaal mannen en vrouwen;Totaal;Totaal burgerlijke staat;Bunschoten;2015;20647.0;20735.0
6762;Totaal mannen en vrouwen;Totaal;Totaal burgerlijke staat;Bunschoten;2016;20823.0;20921.5
6763;Totaal mannen en vrouwen;Totaal;Totaal burgerlijke staat;Bunschoten;2017;21020.0;21143.0
6764;Totaal mannen en vrouwen;Totaal;Totaal burgerlijke staat;Bunschoten;2018;21266.0;21421.0
6765;Totaal mannen en vrouwen;Totaal;Totaal burgerlijke staat;Bunschoten;2019;21576.0;21721.0
6766;Totaal mannen en vrouwen;Totaal;Totaal burgerlijke staat;Bunschoten;2020;21866.0;21942.5
6767;Totaal mannen en vrouwen;Totaal;Totaal burgerlijke staat;Bunschoten;2021;22019.0;22172.0
6768;Totaal mannen en vrouwen;Totaal;Totaal burgerlijke staat;Bunschoten;2022;22325.0;22412.5
6769;Totaal mannen en vrouwen;Totaal;Totaal burgerlijke staat;Bunschoten;2023;22500.0;22559.5
6770;Totaal mannen en vrouwen;Totaal;Totaal burgerlijke staat;Bunschoten;2024;22619.0;
6771;Totaal mannen en vrouwen;Totaal;Totaal burgerlijke staat;Buren;1988;9434.0;
6772;Totaal mannen en vrouwen;Totaal;Totaal burgerlijke staat;Buren;1989;9676.0;
6773;Totaal mannen en vrouwen;Totaal;Totaal burgerlijke staat;Buren;1990;9842.0;
6774;Totaal mannen en vrouwen;Totaal;Totaal burgerlijke staat;Buren;1991;9910.0;
6775;Totaal mannen en vrouwen;Totaal;Totaal burgerlijke staat;Buren;1992;9987.0;
6776;Totaal mannen en vrouwen;Totaal;Totaal burgerlijke staat;Buren;1993;10057.0;
6777;Totaal mannen en vrouwen;Totaal;Totaal burgerlijke staat;Buren;1994;10089.0;
6778;Totaal mannen en vrouwen;Totaal;Totaal burgerlijke staat;Buren;1995;10121.0;10103.0
6779;Totaal mannen en vrouwen;Totaal;Totaal burgerlijke staat;Buren;1996;10085.0;10097.5
6780;Totaal mannen en vrouwen;Totaal;Totaal burgerlijke staat;Buren;1997;10110.0;10112.0
6781;Totaal mannen en vrouwen;Totaal;Totaal burgerlijke staat;Buren;1998;10114.0;10128.5
6782;Totaal mannen en vrouwen;Totaal;Totaal burgerlijke staat;Buren;1999;24846.0;24918.0
6783;Totaal mannen en vrouwen;Totaal;Totaal burgerlijke staat;Buren;2000;24990.0;25114.5
6784;Totaal mannen en vrouwen;Totaal;Totaal burgerlijke staat;Buren;2001;25239.0;25424.0
6785;Totaal mannen en vrouwen;Totaal;Totaal burgerlijke staat;Buren;2002;25609.0;25649.0
6786;Totaal mannen en vrouwen;Totaal;Totaal burgerlijke staat;Buren;2003;25689.0;25722.5
6787;Totaal mannen en vrouwen;Totaal;Totaal burgerlijke staat;Buren;2004;25756.0;25702.0
6788;Totaal mannen en vrouwen;Totaal;Totaal burgerlijke staat;Buren;2005;25648.0;25616.0
6789;Totaal mannen en vrouwen;Totaal;Totaal burgerlijke staat;Buren;2006;25584.0;25615.5
6790;Totaal mannen en vrouwen;Totaal;Totaal burgerlijke staat;Buren;2007;25647.0;25687.0
6791;Totaal mannen en vrouwen;Totaal;Totaal burgerlijke staat;Buren;2008;25727.0;25697.0
6792;Totaal mannen en vrouwen;Totaal;Totaal burgerlijke staat;Buren;2009;25667.0;25777.0
6793;Totaal mannen en vrouwen;Totaal;Totaal burgerlijke staat;Buren;2010;25887.0;25950.0
6794;Totaal mannen en vrouwen;Totaal;Totaal burgerlijke staat;Buren;2011;26013.0;25981.0
6795;Totaal mannen en vrouwen;Totaal;Totaal burgerlijke staat;Buren;2012;25949.0;25944.0
6796;Totaal mannen en vrouwen;Totaal;Totaal burgerlijke staat;Buren;2013;25939.0;25979.0
6797;Totaal mannen en vrouwen;Totaal;Totaal burgerlijke staat;Buren;2014;26019.0;26068.0
6798;Totaal mannen en vrouwen;Totaal;Totaal burgerlijke staat;Buren;2015;26117.0;26159.5
6799;Totaal mannen en vrouwen;Totaal;Totaal burgerlijke staat;Buren;2016;26202.0;26275.0
6800;Totaal mannen en vrouwen;Totaal;Totaal burgerlijke staat;Buren;2017;26348.0;26356.5
6801;Totaal mannen en vrouwen;Totaal;Totaal burgerlijke staat;Buren;2018;26365.0;26466.5
6802;Totaal mannen en vrouwen;Totaal;Totaal burgerlijke staat;Buren;2019;26568.0;26658.5
6803;Totaal mannen en vrouwen;Totaal;Totaal burgerlijke staat;Buren;2020;26749.0;26879.0
6804;Totaal mannen en vrouwen;Totaal;Totaal burgerlijke staat;Buren;2021;27009.0;27082.0
6805;Totaal mannen en vrouwen;Totaal;Totaal burgerlijke staat;Buren;2022;27155.0;27440.0
6806;Totaal mannen en vrouwen;Totaal;Totaal burgerlijke staat;Buren;2023;27725.0;27749.0
6807;Totaal mannen en vrouwen;Totaal;Totaal burgerlijke staat;Buren;2024;27773.0;
6808;Totaal mannen en vrouwen;Totaal;Totaal burgerlijke staat;Bussum;1988;32039.0;
6809;Totaal mannen en vrouwen;Totaal;Totaal burgerlijke staat;Bussum;1989;31988.0;
6810;Totaal mannen en vrouwen;Totaal;Totaal burgerlijke staat;Bussum;1990;31740.0;
6811;Totaal mannen en vrouwen;Totaal;Totaal burgerlijke staat;Bussum;1991;31572.0;
6812;Totaal mannen en vrouwen;Totaal;Totaal burgerlijke staat;Bussum;1992;31421.0;
6813;Totaal mannen en vrouwen;Totaal;Totaal burgerlijke staat;Bussum;1993;31328.0;
6814;Totaal mannen en vrouwen;Totaal;Totaal burgerlijke staat;Bussum;1994;31440.0;
6815;Totaal mannen en vrouwen;Totaal;Totaal burgerlijke staat;Bussum;1995;31233.0;31063.0
6816;Totaal mannen en vrouwen;Totaal;Totaal burgerlijke staat;Bussum;1996;30893.0;30964.5
6817;Totaal mannen en vrouwen;Totaal;Totaal burgerlijke staat;Bussum;1997;31036.0;31031.5
6818;Totaal mannen en vrouwen;Totaal;Totaal burgerlijke staat;Bussum;1998;31027.0;31019.5
6819;Totaal mannen en vrouwen;Totaal;Totaal burgerlijke staat;Bussum;1999;31012.0;30975.0
6820;Totaal mannen en vrouwen;Totaal;Totaal burgerlijke staat;Bussum;2000;30938.0;30994.0
6821;Totaal mannen en vrouwen;Totaal;Totaal burgerlijke staat;Bussum;2001;31050.0;31032.0
6822;Totaal mannen en vrouwen;Totaal;Totaal burgerlijke staat;Bussum;2002;31014.0;31140.5
6823;Totaal mannen en vrouwen;Totaal;Totaal burgerlijke staat;Bussum;2003;31267.0;31283.5
6824;Totaal mannen en vrouwen;Totaal;Totaal burgerlijke staat;Bussum;2004;31300.0;31260.0
6825;Totaal mannen en vrouwen;Totaal;Totaal burgerlijke staat;Bussum;2005;31220.0;31228.5
6826;Totaal mannen en vrouwen;Totaal;Totaal burgerlijke staat;Bussum;2006;31237.0;31272.5
6827;Totaal mannen en vrouwen;Totaal;Totaal burgerlijke staat;Bussum;2007;31308.0;31506.0
6828;Totaal mannen en vrouwen;Totaal;Totaal burgerlijke staat;Bussum;2008;31704.0;31841.5
6829;Totaal mannen en vrouwen;Totaal;Totaal burgerlijke staat;Bussum;2009;31979.0;32045.5
6830;Totaal mannen en vrouwen;Totaal;Totaal burgerlijke staat;Bussum;2010;32112.0;32261.0
6831;Totaal mannen en vrouwen;Totaal;Totaal burgerlijke staat;Bussum;2011;32410.0;32497.5
6832;Totaal mannen en vrouwen;Totaal;Totaal burgerlijke staat;Bussum;2012;32585.0;32608.0
6833;Totaal mannen en vrouwen;Totaal;Totaal burgerlijke staat;Bussum;2013;32631.0;32631.0
6834;Totaal mannen en vrouwen;Totaal;Totaal burgerlijke staat;Bussum;2014;32631.0;32750.5
6835;Totaal mannen en vrouwen;Totaal;Totaal burgerlijke staat;Bussum;2015;32870.0;32983.5
6836;Totaal mannen en vrouwen;Totaal;Totaal burgerlijke staat;Bussum;2016;;
6837;Totaal mannen en vrouwen;Totaal;Totaal burgerlijke staat;Bussum;2017;;
6838;Totaal mannen en vrouwen;Totaal;Totaal burgerlijke staat;Bussum;2018;;
6839;Totaal mannen en vrouwen;Totaal;Totaal burgerlijke staat;Bussum;2019;;
6840;Totaal mannen en vrouwen;Totaal;Totaal burgerlijke staat;Bussum;2020;;
6841;Totaal mannen en vrouwen;Totaal;Totaal burgerlijke staat;Bussum;2021;;
6842;Totaal mannen en vrouwen;Totaal;Totaal burgerlijke staat;Bussum;2022;;
6843;Totaal mannen en vrouwen;Totaal;Totaal burgerlijke staat;Bussum;2023;;
6844;Totaal mannen en vrouwen;Totaal;Totaal burgerlijke staat;Bussum;2024;;
6845;Totaal mannen en vrouwen;Totaal;Totaal burgerlijke staat;Callantsoog;1988;2607.0;
6846;Totaal mannen en vrouwen;Totaal;Totaal burgerlijke staat;Callantsoog;1989;2546.0;
6847;Totaal mannen en vrouwen;Totaal;Totaal burgerlijke staat;Callantsoog;1990;;
6848;Totaal mannen en vrouwen;Totaal;Totaal burgerlijke staat;Callantsoog;1991;;
6849;Totaal mannen en vrouwen;Totaal;Totaal burgerlijke staat;Callantsoog;1992;;
6850;Totaal mannen en vrouwen;Totaal;Totaal burgerlijke staat;Callantsoog;1993;;
6851;Totaal mannen en vrouwen;Totaal;Totaal burgerlijke staat;Callantsoog;1994;;
6852;Totaal mannen en vrouwen;Totaal;Totaal burgerlijke staat;Callantsoog;1995;;
6853;Totaal mannen en vrouwen;Totaal;Totaal burgerlijke staat;Callantsoog;1996;;
6854;Totaal mannen en vrouwen;Totaal;Totaal burgerlijke staat;Callantsoog;1997;;
6855;Totaal mannen en vrouwen;Totaal;Totaal burgerlijke staat;Callantsoog;1998;;
6856;Totaal mannen en vrouwen;Totaal;Totaal burgerlijke staat;Callantsoog;1999;;
6857;Totaal mannen en vrouwen;Totaal;Totaal burgerlijke staat;Callantsoog;2000;;
6858;Totaal mannen en vrouwen;Totaal;Totaal burgerlijke staat;Callantsoog;2001;;
6859;Totaal mannen en vrouwen;Totaal;Totaal burgerlijke staat;Callantsoog;2002;;
6860;Totaal mannen en vrouwen;Totaal;Totaal burgerlijke staat;Callantsoog;2003;;
6861;Totaal mannen en vrouwen;Totaal;Totaal burgerlijke staat;Callantsoog;2004;;
6862;Totaal mannen en vrouwen;Totaal;Totaal burgerlijke staat;Callantsoog;2005;;
6863;Totaal mannen en vrouwen;Totaal;Totaal burgerlijke staat;Callantsoog;2006;;
6864;Totaal mannen en vrouwen;Totaal;Totaal burgerlijke staat;Callantsoog;2007;;
6865;Totaal mannen en vrouwen;Totaal;Totaal burgerlijke staat;Callantsoog;2008;;
6866;Totaal mannen en vrouwen;Totaal;Totaal burgerlijke staat;Callantsoog;2009;;
6867;Totaal mannen en vrouwen;Totaal;Totaal burgerlijke staat;Callantsoog;2010;;
6868;Totaal mannen en vrouwen;Totaal;Totaal burgerlijke staat;Callantsoog;2011;;
6869;Totaal mannen en vrouwen;Totaal;Totaal burgerlijke staat;Callantsoog;2012;;
6870;Totaal mannen en vrouwen;Totaal;Totaal burgerlijke staat;Callantsoog;2013;;
6871;Totaal mannen en vrouwen;Totaal;Totaal burgerlijke staat;Callantsoog;2014;;
6872;Totaal mannen en vrouwen;Totaal;Totaal burgerlijke staat;Callantsoog;2015;;
6873;Totaal mannen en vrouwen;Totaal;Totaal burgerlijke staat;Callantsoog;2016;;
6874;Totaal mannen en vrouwen;Totaal;Totaal burgerlijke staat;Callantsoog;2017;;
6875;Totaal mannen en vrouwen;Totaal;Totaal burgerlijke staat;Callantsoog;2018;;
6876;Totaal mannen en vrouwen;Totaal;Totaal burgerlijke staat;Callantsoog;2019;;
6877;Totaal mannen en vrouwen;Totaal;Totaal burgerlijke staat;Callantsoog;2020;;
6878;Totaal mannen en vrouwen;Totaal;Totaal burgerlijke staat;Callantsoog;2021;;
6879;Totaal mannen en vrouwen;Totaal;Totaal burgerlijke staat;Callantsoog;2022;;
6880;Totaal mannen en vrouwen;Totaal;Totaal burgerlijke staat;Callantsoog;2023;;
6881;Totaal mannen en vrouwen;Totaal;Totaal burgerlijke staat;Callantsoog;2024;;
6882;Totaal mannen en vrouwen;Totaal;Totaal burgerlijke staat;Capelle aan den IJssel;1988;56973.0;
6883;Totaal mannen en vrouwen;Totaal;Totaal burgerlijke staat;Capelle aan den IJssel;1989;57423.0;
6884;Totaal mannen en vrouwen;Totaal;Totaal burgerlijke staat;Capelle aan den IJssel;1990;57574.0;
6885;Totaal mannen en vrouwen;Totaal;Totaal burgerlijke staat;Capelle aan den IJssel;1991;58307.0;
6886;Totaal mannen en vrouwen;Totaal;Totaal burgerlijke staat;Capelle aan den IJssel;1992;58541.0;
6887;Totaal mannen en vrouwen;Totaal;Totaal burgerlijke staat;Capelle aan den IJssel;1993;59057.0;
6888;Totaal mannen en vrouwen;Totaal;Totaal burgerlijke staat;Capelle aan den IJssel;1994;59364.0;
6889;Totaal mannen en vrouwen;Totaal;Totaal burgerlijke staat;Capelle aan den IJssel;1995;60500.0;60960.5
6890;Totaal mannen en vrouwen;Totaal;Totaal burgerlijke staat;Capelle aan den IJssel;1996;61421.0;61893.5
6891;Totaal mannen en vrouwen;Totaal;Totaal burgerlijke staat;Capelle aan den IJssel;1997;62366.0;62797.0
6892;Totaal mannen en vrouwen;Totaal;Totaal burgerlijke staat;Capelle aan den IJssel;1998;63228.0;63552.5
6893;Totaal mannen en vrouwen;Totaal;Totaal burgerlijke staat;Capelle aan den IJssel;1999;63877.0;64064.0
6894;Totaal mannen en vrouwen;Totaal;Totaal burgerlijke staat;Capelle aan den IJssel;2000;64251.0;64634.5
6895;Totaal mannen en vrouwen;Totaal;Totaal burgerlijke staat;Capelle aan den IJssel;2001;65018.0;65122.0
6896;Totaal mannen en vrouwen;Totaal;Totaal burgerlijke staat;Capelle aan den IJssel;2002;65226.0;65272.0
6897;Totaal mannen en vrouwen;Totaal;Totaal burgerlijke staat;Capelle aan den IJssel;2003;65318.0;65336.0
6898;Totaal mannen en vrouwen;Totaal;Totaal burgerlijke staat;Capelle aan den IJssel;2004;65354.0;65417.0
6899;Totaal mannen en vrouwen;Totaal;Totaal burgerlijke staat;Capelle aan den IJssel;2005;65480.0;65541.0
6900;Totaal mannen en vrouwen;Totaal;Totaal burgerlijke staat;Capelle aan den IJssel;2006;65602.0;65488.0
6901;Totaal mannen en vrouwen;Totaal;Totaal burgerlijke staat;Capelle aan den IJssel;2007;65374.0;65198.0
6902;Totaal mannen en vrouwen;Totaal;Totaal burgerlijke staat;Capelle aan den IJssel;2008;65022.0;65147.5
6903;Totaal mannen en vrouwen;Totaal;Totaal burgerlijke staat;Capelle aan den IJssel;2009;65273.0;65309.0
6904;Totaal mannen en vrouwen;Totaal;Totaal burgerlijke staat;Capelle aan den IJssel;2010;65345.0;65724.5
6905;Totaal mannen en vrouwen;Totaal;Totaal burgerlijke staat;Capelle aan den IJssel;2011;66104.0;66113.0
6906;Totaal mannen en vrouwen;Totaal;Totaal burgerlijke staat;Capelle aan den IJssel;2012;66122.0;66073.0
6907;Totaal mannen en vrouwen;Totaal;Totaal burgerlijke staat;Capelle aan den IJssel;2013;66024.0;66101.0
6908;Totaal mannen en vrouwen;Totaal;Totaal burgerlijke staat;Capelle aan den IJssel;2014;66178.0;66328.0
6909;Totaal mannen en vrouwen;Totaal;Totaal burgerlijke staat;Capelle aan den IJssel;2015;66478.0;66482.0
6910;Totaal mannen en vrouwen;Totaal;Totaal burgerlijke staat;Capelle aan den IJssel;2016;66486.0;66453.5
6911;Totaal mannen en vrouwen;Totaal;Totaal burgerlijke staat;Capelle aan den IJssel;2017;66421.0;66637.5
6912;Totaal mannen en vrouwen;Totaal;Totaal burgerlijke staat;Capelle aan den IJssel;2018;66854.0;66836.0
6913;Totaal mannen en vrouwen;Totaal;Totaal burgerlijke staat;Capelle aan den IJssel;2019;66818.0;66970.0
6914;Totaal mannen en vrouwen;Totaal;Totaal burgerlijke staat;Capelle aan den IJssel;2020;67122.0;67220.5
6915;Totaal mannen en vrouwen;Totaal;Totaal burgerlijke staat;Capelle aan den IJssel;2021;67319.0;67253.5
6916;Totaal mannen en vrouwen;Totaal;Totaal burgerlijke staat;Capelle aan den IJssel;2022;67188.0;67370.0
6917;Totaal mannen en vrouwen;Totaal;Totaal burgerlijke staat;Capelle aan den IJssel;2023;67552.0;67738.5
6918;Totaal mannen en vrouwen;Totaal;Totaal burgerlijke staat;Capelle aan den IJssel;2024;67925.0;
6919;Totaal mannen en vrouwen;Totaal;Totaal burgerlijke staat;Castricum;1988;22517.0;
6920;Totaal mannen en vrouwen;Totaal;Totaal burgerlijke staat;Castricum;1989;22433.0;
6921;Totaal mannen en vrouwen;Totaal;Totaal burgerlijke staat;Castricum;1990;22378.0;
6922;Totaal mannen en vrouwen;Totaal;Totaal burgerlijke staat;Castricum;1991;22277.0;
6923;Totaal mannen en vrouwen;Totaal;Totaal burgerlijke staat;Castricum;1992;22382.0;
6924;Totaal mannen en vrouwen;Totaal;Totaal burgerlijke staat;Castricum;1993;22542.0;
6925;Totaal mannen en vrouwen;Totaal;Totaal burgerlijke staat;Castricum;1994;22674.0;
6926;Totaal mannen en vrouwen;Totaal;Totaal burgerlijke staat;Castricum;1995;22559.0;22601.0
6927;Totaal mannen en vrouwen;Totaal;Totaal burgerlijke staat;Castricum;1996;22643.0;22659.0
6928;Totaal mannen en vrouwen;Totaal;Totaal burgerlijke staat;Castricum;1997;22675.0;22785.5
6929;Totaal mannen en vrouwen;Totaal;Totaal burgerlijke staat;Castricum;1998;22896.0;22916.0
6930;Totaal mannen en vrouwen;Totaal;Totaal burgerlijke staat;Castricum;1999;22936.0;22921.5
6931;Totaal mannen en vrouwen;Totaal;Totaal burgerlijke staat;Castricum;2000;22907.0;23019.5
6932;Totaal mannen en vrouwen;Totaal;Totaal burgerlijke staat;Castricum;2001;23132.0;23231.0
6933;Totaal mannen en vrouwen;Totaal;Totaal burgerlijke staat;Castricum;2002;35177.0;35252.0
6934;Totaal mannen en vrouwen;Totaal;Totaal burgerlijke staat;Castricum;2003;35327.0;35309.0
6935;Totaal mannen en vrouwen;Totaal;Totaal burgerlijke staat;Castricum;2004;35291.0;35191.0
6936;Totaal mannen en vrouwen;Totaal;Totaal burgerlijke staat;Castricum;2005;35091.0;35055.5
6937;Totaal mannen en vrouwen;Totaal;Totaal burgerlijke staat;Castricum;2006;35020.0;34941.5
6938;Totaal mannen en vrouwen;Totaal;Totaal burgerlijke staat;Castricum;2007;34863.0;34784.0
6939;Totaal mannen en vrouwen;Totaal;Totaal burgerlijke staat;Castricum;2008;34705.0;34722.0
6940;Totaal mannen en vrouwen;Totaal;Totaal burgerlijke staat;Castricum;2009;34739.0;34695.5
6941;Totaal mannen en vrouwen;Totaal;Totaal burgerlijke staat;Castricum;2010;34652.0;34622.5
6942;Totaal mannen en vrouwen;Totaal;Totaal burgerlijke staat;Castricum;2011;34593.0;34533.5
6943;Totaal mannen en vrouwen;Totaal;Totaal burgerlijke staat;Castricum;2012;34474.0;34438.0
6944;Totaal mannen en vrouwen;Totaal;Totaal burgerlijke staat;Castricum;2013;34402.0;34345.0
6945;Totaal mannen en vrouwen;Totaal;Totaal burgerlijke staat;Castricum;2014;34288.0;34324.5
6946;Totaal mannen en vrouwen;Totaal;Totaal burgerlijke staat;Castricum;2015;34361.0;34482.5
6947;Totaal mannen en vrouwen;Totaal;Totaal burgerlijke staat;Castricum;2016;34604.0;34910.0
6948;Totaal mannen en vrouwen;Totaal;Totaal burgerlijke staat;Castricum;2017;35216.0;35412.0
6949;Totaal mannen en vrouwen;Totaal;Totaal burgerlijke staat;Castricum;2018;35608.0;35690.0
6950;Totaal mannen en vrouwen;Totaal;Totaal burgerlijke staat;Castricum;2019;35772.0;35879.0
6951;Totaal mannen en vrouwen;Totaal;Totaal burgerlijke staat;Castricum;2020;35986.0;36036.0
6952;Totaal mannen en vrouwen;Totaal;Totaal burgerlijke staat;Castricum;2021;36086.0;36174.5
6953;Totaal mannen en vrouwen;Totaal;Totaal burgerlijke staat;Castricum;2022;36263.0;36304.0
6954;Totaal mannen en vrouwen;Totaal;Totaal burgerlijke staat;Castricum;2023;36345.0;36355.5
6955;Totaal mannen en vrouwen;Totaal;Totaal burgerlijke staat;Castricum;2024;36366.0;
6956;Totaal mannen en vrouwen;Totaal;Totaal burgerlijke staat;Chaam;1988;3619.0;
6957;Totaal mannen en vrouwen;Totaal;Totaal burgerlijke staat;Chaam;1989;3610.0;
6958;Totaal mannen en vrouwen;Totaal;Totaal burgerlijke staat;Chaam;1990;3599.0;
6959;Totaal mannen en vrouwen;Totaal;Totaal burgerlijke staat;Chaam;1991;3630.0;
6960;Totaal mannen en vrouwen;Totaal;Totaal burgerlijke staat;Chaam;1992;3620.0;
6961;Totaal mannen en vrouwen;Totaal;Totaal burgerlijke staat;Chaam;1993;3639.0;
6962;Totaal mannen en vrouwen;Totaal;Totaal burgerlijke staat;Chaam;1994;3677.0;
6963;Totaal mannen en vrouwen;Totaal;Totaal burgerlijke staat;Chaam;1995;3771.0;3784.5
6964;Totaal mannen en vrouwen;Totaal;Totaal burgerlijke staat;Chaam;1996;3798.0;3790.5
6965;Totaal mannen en vrouwen;Totaal;Totaal burgerlijke staat;Chaam;1997;;
6966;Totaal mannen en vrouwen;Totaal;Totaal burgerlijke staat;Chaam;1998;;
6967;Totaal mannen en vrouwen;Totaal;Totaal burgerlijke staat;Chaam;1999;;
6968;Totaal mannen en vrouwen;Totaal;Totaal burgerlijke staat;Chaam;2000;;
6969;Totaal mannen en vrouwen;Totaal;Totaal burgerlijke staat;Chaam;2001;;
6970;Totaal mannen en vrouwen;Totaal;Totaal burgerlijke staat;Chaam;2002;;
6971;Totaal mannen en vrouwen;Totaal;Totaal burgerlijke staat;Chaam;2003;;
6972;Totaal mannen en vrouwen;Totaal;Totaal burgerlijke staat;Chaam;2004;;
6973;Totaal mannen en vrouwen;Totaal;Totaal burgerlijke staat;Chaam;2005;;
6974;Totaal mannen en vrouwen;Totaal;Totaal burgerlijke staat;Chaam;2006;;
6975;Totaal mannen en vrouwen;Totaal;Totaal burgerlijke staat;Chaam;2007;;
6976;Totaal mannen en vrouwen;Totaal;Totaal burgerlijke staat;Chaam;2008;;
6977;Totaal mannen en vrouwen;Totaal;Totaal burgerlijke staat;Chaam;2009;;
6978;Totaal mannen en vrouwen;Totaal;Totaal burgerlijke staat;Chaam;2010;;
6979;Totaal mannen en vrouwen;Totaal;Totaal burgerlijke staat;Chaam;2011;;
6980;Totaal mannen en vrouwen;Totaal;Totaal burgerlijke staat;Chaam;2012;;
6981;Totaal mannen en vrouwen;Totaal;Totaal burgerlijke staat;Chaam;2013;;
6982;Totaal mannen en vrouwen;Totaal;Totaal burgerlijke staat;Chaam;2014;;
6983;Totaal mannen en vrouwen;Totaal;Totaal burgerlijke staat;Chaam;2015;;
6984;Totaal mannen en vrouwen;Totaal;Totaal burgerlijke staat;Chaam;2016;;
6985;Totaal mannen en vrouwen;Totaal;Totaal burgerlijke staat;Chaam;2017;;
6986;Totaal mannen en vrouwen;Totaal;Totaal burgerlijke staat;Chaam;2018;;
6987;Totaal mannen en vrouwen;Totaal;Totaal burgerlijke staat;Chaam;2019;;
6988;Totaal mannen en vrouwen;Totaal;Totaal burgerlijke staat;Chaam;2020;;
6989;Totaal mannen en vrouwen;Totaal;Totaal burgerlijke staat;Chaam;2021;;
6990;Totaal mannen en vrouwen;Totaal;Totaal burgerlijke staat;Chaam;2022;;
6991;Totaal mannen en vrouwen;Totaal;Totaal burgerlijke staat;Chaam;2023;;
6992;Totaal mannen en vrouwen;Totaal;Totaal burgerlijke staat;Chaam;2024;;
6993;Totaal mannen en vrouwen;Totaal;Totaal burgerlijke staat;Coevorden;1988;14335.0;
6994;Totaal mannen en vrouwen;Totaal;Totaal burgerlijke staat;Coevorden;1989;14344.0;
6995;Totaal mannen en vrouwen;Totaal;Totaal burgerlijke staat;Coevorden;1990;14349.0;
6996;Totaal mannen en vrouwen;Totaal;Totaal burgerlijke staat;Coevorden;1991;14369.0;
6997;Totaal mannen en vrouwen;Totaal;Totaal burgerlijke staat;Coevorden;1992;14351.0;
6998;Totaal mannen en vrouwen;Totaal;Totaal burgerlijke staat;Coevorden;1993;14413.0;
6999;Totaal mannen en vrouwen;Totaal;Totaal burgerlijke staat;Coevorden;1994;14571.0;
7000;Totaal mannen en vrouwen;Totaal;Totaal burgerlijke staat;Coevorden;1995;14964.0;14989.0
7001;Totaal mannen en vrouwen;Totaal;Totaal burgerlijke staat;Coevorden;1996;15014.0;14980.0
7002;Totaal mannen en vrouwen;Totaal;Totaal burgerlijke staat;Coevorden;1997;14946.0;14980.5
7003;Totaal mannen en vrouwen;Totaal;Totaal burgerlijke staat;Coevorden;1998;34497.0;34509.5
7004;Totaal mannen en vrouwen;Totaal;Totaal burgerlijke staat;Coevorden;1999;34522.0;34671.5
7005;Totaal mannen en vrouwen;Totaal;Totaal burgerlijke staat;Coevorden;2000;34821.0;35161.5
7006;Totaal mannen en vrouwen;Totaal;Totaal burgerlijke staat;Coevorden;2001;35502.0;35629.0
7007;Totaal mannen en vrouwen;Totaal;Totaal burgerlijke staat;Coevorden;2002;35756.0;35882.0
7008;Totaal mannen en vrouwen;Totaal;Totaal burgerlijke staat;Coevorden;2003;36008.0;36114.0
7009;Totaal mannen en vrouwen;Totaal;Totaal burgerlijke staat;Coevorden;2004;36220.0;36153.0
7010;Totaal mannen en vrouwen;Totaal;Totaal burgerlijke staat;Coevorden;2005;36086.0;36110.5
7011;Totaal mannen en vrouwen;Totaal;Totaal burgerlijke staat;Coevorden;2006;36135.0;36087.5
7012;Totaal mannen en vrouwen;Totaal;Totaal burgerlijke staat;Coevorden;2007;36040.0;36016.5
7013;Totaal mannen en vrouwen;Totaal;Totaal burgerlijke staat;Coevorden;2008;35993.0;35940.0
7014;Totaal mannen en vrouwen;Totaal;Totaal burgerlijke staat;Coevorden;2009;35887.0;36004.0
7015;Totaal mannen en vrouwen;Totaal;Totaal burgerlijke staat;Coevorden;2010;36121.0;36094.0
7016;Totaal mannen en vrouwen;Totaal;Totaal burgerlijke staat;Coevorden;2011;36067.0;35974.0
7017;Totaal mannen en vrouwen;Totaal;Totaal burgerlijke staat;Coevorden;2012;35881.0;35823.0
7018;Totaal mannen en vrouwen;Totaal;Totaal burgerlijke staat;Coevorden;2013;35765.0;35767.0
7019;Totaal mannen en vrouwen;Totaal;Totaal burgerlijke staat;Coevorden;2014;35769.0;35652.0
7020;Totaal mannen en vrouwen;Totaal;Totaal burgerlijke staat;Coevorden;2015;35535.0;35458.0
7021;Totaal mannen en vrouwen;Totaal;Totaal burgerlijke staat;Coevorden;2016;35381.0;35333.5
7022;Totaal mannen en vrouwen;Totaal;Totaal burgerlijke staat;Coevorden;2017;35286.0;35292.5
7023;Totaal mannen en vrouwen;Totaal;Totaal burgerlijke staat;Coevorden;2018;35299.0;35391.0
7024;Totaal mannen en vrouwen;Totaal;Totaal burgerlijke staat;Coevorden;2019;35483.0;35390.0
7025;Totaal mannen en vrouwen;Totaal;Totaal burgerlijke staat;Coevorden;2020;35297.0;35307.0
7026;Totaal mannen en vrouwen;Totaal;Totaal burgerlijke staat;Coevorden;2021;35317.0;35417.0
7027;Totaal mannen en vrouwen;Totaal;Totaal burgerlijke staat;Coevorden;2022;35517.0;35608.5
7028;Totaal mannen en vrouwen;Totaal;Totaal burgerlijke staat;Coevorden;2023;35700.0;35712.5
7029;Totaal mannen en vrouwen;Totaal;Totaal burgerlijke staat;Coevorden;2024;35725.0;
7030;Totaal mannen en vrouwen;Totaal;Totaal burgerlijke staat;Cothen;1988;2429.0;
7031;Totaal mannen en vrouwen;Totaal;Totaal burgerlijke staat;Cothen;1989;2437.0;
7032;Totaal mannen en vrouwen;Totaal;Totaal burgerlijke staat;Cothen;1990;2458.0;
7033;Totaal mannen en vrouwen;Totaal;Totaal burgerlijke staat;Cothen;1991;2458.0;
7034;Totaal mannen en vrouwen;Totaal;Totaal burgerlijke staat;Cothen;1992;2465.0;
7035;Totaal mannen en vrouwen;Totaal;Totaal burgerlijke staat;Cothen;1993;2493.0;
7036;Totaal mannen en vrouwen;Totaal;Totaal burgerlijke staat;Cothen;1994;2583.0;
7037;Totaal mannen en vrouwen;Totaal;Totaal burgerlijke staat;Cothen;1995;2608.0;2612.0
7038;Totaal mannen en vrouwen;Totaal;Totaal burgerlijke staat;Cothen;1996;;
7039;Totaal mannen en vrouwen;Totaal;Totaal burgerlijke staat;Cothen;1997;;
7040;Totaal mannen en vrouwen;Totaal;Totaal burgerlijke staat;Cothen;1998;;
7041;Totaal mannen en vrouwen;Totaal;Totaal burgerlijke staat;Cothen;1999;;
7042;Totaal mannen en vrouwen;Totaal;Totaal burgerlijke staat;Cothen;2000;;
7043;Totaal mannen en vrouwen;Totaal;Totaal burgerlijke staat;Cothen;2001;;
7044;Totaal mannen en vrouwen;Totaal;Totaal burgerlijke staat;Cothen;2002;;
7045;Totaal mannen en vrouwen;Totaal;Totaal burgerlijke staat;Cothen;2003;;
7046;Totaal mannen en vrouwen;Totaal;Totaal burgerlijke staat;Cothen;2004;;
7047;Totaal mannen en vrouwen;Totaal;Totaal burgerlijke staat;Cothen;2005;;
7048;Totaal mannen en vrouwen;Totaal;Totaal burgerlijke staat;Cothen;2006;;
7049;Totaal mannen en vrouwen;Totaal;Totaal burgerlijke staat;Cothen;2007;;
7050;Totaal mannen en vrouwen;Totaal;Totaal burgerlijke staat;Cothen;2008;;
7051;Totaal mannen en vrouwen;Totaal;Totaal burgerlijke staat;Cothen;2009;;
7052;Totaal mannen en vrouwen;Totaal;Totaal burgerlijke staat;Cothen;2010;;
7053;Totaal mannen en vrouwen;Totaal;Totaal burgerlijke staat;Cothen;2011;;
7054;Totaal mannen en vrouwen;Totaal;Totaal burgerlijke staat;Cothen;2012;;
7055;Totaal mannen en vrouwen;Totaal;Totaal burgerlijke staat;Cothen;2013;;
7056;Totaal mannen en vrouwen;Totaal;Totaal burgerlijke staat;Cothen;2014;;
7057;Totaal mannen en vrouwen;Totaal;Totaal burgerlijke staat;Cothen;2015;;
7058;Totaal mannen en vrouwen;Totaal;Totaal burgerlijke staat;Cothen;2016;;
7059;Totaal mannen en vrouwen;Totaal;Totaal burgerlijke staat;Cothen;2017;;
7060;Totaal mannen en vrouwen;Totaal;Totaal burgerlijke staat;Cothen;2018;;
7061;Totaal mannen en vrouwen;Totaal;Totaal burgerlijke staat;Cothen;2019;;
7062;Totaal mannen en vrouwen;Totaal;Totaal burgerlijke staat;Cothen;2020;;
7063;Totaal mannen en vrouwen;Totaal;Totaal burgerlijke staat;Cothen;2021;;
7064;Totaal mannen en vrouwen;Totaal;Totaal burgerlijke staat;Cothen;2022;;
7065;Totaal mannen en vrouwen;Totaal;Totaal burgerlijke staat;Cothen;2023;;
7066;Totaal mannen en vrouwen;Totaal;Totaal burgerlijke staat;Cothen;2024;;
7067;Totaal mannen en vrouwen;Totaal;Totaal burgerlijke staat;Cranendonck;1988;;
7068;Totaal mannen en vrouwen;Totaal;Totaal burgerlijke staat;Cranendonck;1989;;
7069;Totaal mannen en vrouwen;Totaal;Totaal burgerlijke staat;Cranendonck;1990;;
7070;Totaal mannen en vrouwen;Totaal;Totaal burgerlijke staat;Cranendonck;1991;;
7071;Totaal mannen en vrouwen;Totaal;Totaal burgerlijke staat;Cranendonck;1992;;
7072;Totaal mannen en vrouwen;Totaal;Totaal burgerlijke staat;Cranendonck;1993;;
7073;Totaal mannen en vrouwen;Totaal;Totaal burgerlijke staat;Cranendonck;1994;;
7074;Totaal mannen en vrouwen;Totaal;Totaal burgerlijke staat;Cranendonck;1995;;
7075;Totaal mannen en vrouwen;Totaal;Totaal burgerlijke staat;Cranendonck;1996;;
7076;Totaal mannen en vrouwen;Totaal;Totaal burgerlijke staat;Cranendonck;1997;;
7077;Totaal mannen en vrouwen;Totaal;Totaal burgerlijke staat;Cranendonck;1998;;
7078;Totaal mannen en vrouwen;Totaal;Totaal burgerlijke staat;Cranendonck;1999;20269.0;20273.5
7079;Totaal mannen en vrouwen;Totaal;Totaal burgerlijke staat;Cranendonck;2000;20278.0;20286.5
7080;Totaal mannen en vrouwen;Totaal;Totaal burgerlijke staat;Cranendonck;2001;20295.0;20307.5
7081;Totaal mannen en vrouwen;Totaal;Totaal burgerlijke staat;Cranendonck;2002;20320.0;20328.0
7082;Totaal mannen en vrouwen;Totaal;Totaal burgerlijke staat;Cranendonck;2003;20336.0;20242.5
7083;Totaal mannen en vrouwen;Totaal;Totaal burgerlijke staat;Cranendonck;2004;20149.0;20094.0
7084;Totaal mannen en vrouwen;Totaal;Totaal burgerlijke staat;Cranendonck;2005;20039.0;20086.0
7085;Totaal mannen en vrouwen;Totaal;Totaal burgerlijke staat;Cranendonck;2006;20133.0;20207.0
7086;Totaal mannen en vrouwen;Totaal;Totaal burgerlijke staat;Cranendonck;2007;20281.0;20272.0
7087;Totaal mannen en vrouwen;Totaal;Totaal burgerlijke staat;Cranendonck;2008;20263.0;20267.5
7088;Totaal mannen en vrouwen;Totaal;Totaal burgerlijke staat;Cranendonck;2009;20272.0;20307.5
7089;Totaal mannen en vrouwen;Totaal;Totaal burgerlijke staat;Cranendonck;2010;20343.0;20357.0
7090;Totaal mannen en vrouwen;Totaal;Totaal burgerlijke staat;Cranendonck;2011;20371.0;20401.5
7091;Totaal mannen en vrouwen;Totaal;Totaal burgerlijke staat;Cranendonck;2012;20432.0;20381.0
7092;Totaal mannen en vrouwen;Totaal;Totaal burgerlijke staat;Cranendonck;2013;20330.0;20337.0
7093;Totaal mannen en vrouwen;Totaal;Totaal burgerlijke staat;Cranendonck;2014;20344.0;20443.0
7094;Totaal mannen en vrouwen;Totaal;Totaal burgerlijke staat;Cranendonck;2015;20542.0;20601.0
7095;Totaal mannen en vrouwen;Totaal;Totaal burgerlijke staat;Cranendonck;2016;20660.0;20668.0
7096;Totaal mannen en vrouwen;Totaal;Totaal burgerlijke staat;Cranendonck;2017;20676.0;20506.0
7097;Totaal mannen en vrouwen;Totaal;Totaal burgerlijke staat;Cranendonck;2018;20336.0;20388.0
7098;Totaal mannen en vrouwen;Totaal;Totaal burgerlijke staat;Cranendonck;2019;20440.0;20789.0
7099;Totaal mannen en vrouwen;Totaal;Totaal burgerlijke staat;Cranendonck;2020;21138.0;21069.5
7100;Totaal mannen en vrouwen;Totaal;Totaal burgerlijke staat;Cranendonck;2021;21001.0;20835.0
7101;Totaal mannen en vrouwen;Totaal;Totaal burgerlijke staat;Cranendonck;2022;20669.0;20760.0
7102;Totaal mannen en vrouwen;Totaal;Totaal burgerlijke staat;Cranendonck;2023;20851.0;20846.0
7103;Totaal mannen en vrouwen;Totaal;Totaal burgerlijke staat;Cranendonck;2024;20841.0;
7104;Totaal mannen en vrouwen;Totaal;Totaal burgerlijke staat;Cromstrijen;1988;11811.0;
7105;Totaal mannen en vrouwen;Totaal;Totaal burgerlijke staat;Cromstrijen;1989;11850.0;
7106;Totaal mannen en vrouwen;Totaal;Totaal burgerlijke staat;Cromstrijen;1990;11939.0;
7107;Totaal mannen en vrouwen;Totaal;Totaal burgerlijke staat;Cromstrijen;1991;12012.0;
7108;Totaal mannen en vrouwen;Totaal;Totaal burgerlijke staat;Cromstrijen;1992;12191.0;
7109;Totaal mannen en vrouwen;Totaal;Totaal burgerlijke staat;Cromstrijen;1993;12252.0;
7110;Totaal mannen en vrouwen;Totaal;Totaal burgerlijke staat;Cromstrijen;1994;12315.0;
7111;Totaal mannen en vrouwen;Totaal;Totaal burgerlijke staat;Cromstrijen;1995;12392.0;12435.0
7112;Totaal mannen en vrouwen;Totaal;Totaal burgerlijke staat;Cromstrijen;1996;12478.0;12539.5
7113;Totaal mannen en vrouwen;Totaal;Totaal burgerlijke staat;Cromstrijen;1997;12601.0;12611.5
7114;Totaal mannen en vrouwen;Totaal;Totaal burgerlijke staat;Cromstrijen;1998;12622.0;12672.0
7115;Totaal mannen en vrouwen;Totaal;Totaal burgerlijke staat;Cromstrijen;1999;12722.0;12750.0
7116;Totaal mannen en vrouwen;Totaal;Totaal burgerlijke staat;Cromstrijen;2000;12778.0;12784.5
7117;Totaal mannen en vrouwen;Totaal;Totaal burgerlijke staat;Cromstrijen;2001;12791.0;12812.5
7118;Totaal mannen en vrouwen;Totaal;Totaal burgerlijke staat;Cromstrijen;2002;12834.0;12907.0
7119;Totaal mannen en vrouwen;Totaal;Totaal burgerlijke staat;Cromstrijen;2003;12980.0;13003.5
7120;Totaal mannen en vrouwen;Totaal;Totaal burgerlijke staat;Cromstrijen;2004;13027.0;13037.5
7121;Totaal mannen en vrouwen;Totaal;Totaal burgerlijke staat;Cromstrijen;2005;13048.0;13048.5
7122;Totaal mannen en vrouwen;Totaal;Totaal burgerlijke staat;Cromstrijen;2006;13049.0;13014.5
7123;Totaal mannen en vrouwen;Totaal;Totaal burgerlijke staat;Cromstrijen;2007;12980.0;12916.5
7124;Totaal mannen en vrouwen;Totaal;Totaal burgerlijke staat;Cromstrijen;2008;12853.0;12845.0
7125;Totaal mannen en vrouwen;Totaal;Totaal burgerlijke staat;Cromstrijen;2009;12837.0;12827.5
7126;Totaal mannen en vrouwen;Totaal;Totaal burgerlijke staat;Cromstrijen;2010;12818.0;12803.5
7127;Totaal mannen en vrouwen;Totaal;Totaal burgerlijke staat;Cromstrijen;2011;12789.0;12784.5
7128;Totaal mannen en vrouwen;Totaal;Totaal burgerlijke staat;Cromstrijen;2012;12780.0;12771.0
7129;Totaal mannen en vrouwen;Totaal;Totaal burgerlijke staat;Cromstrijen;2013;12762.0;12750.0
7130;Totaal mannen en vrouwen;Totaal;Totaal burgerlijke staat;Cromstrijen;2014;12738.0;12761.0
7131;Totaal mannen en vrouwen;Totaal;Totaal burgerlijke staat;Cromstrijen;2015;12784.0;12769.5
7132;Totaal mannen en vrouwen;Totaal;Totaal burgerlijke staat;Cromstrijen;2016;12755.0;12776.0
7133;Totaal mannen en vrouwen;Totaal;Totaal burgerlijke staat;Cromstrijen;2017;12797.0;12811.5
7134;Totaal mannen en vrouwen;Totaal;Totaal burgerlijke staat;Cromstrijen;2018;12826.0;12871.0
7135;Totaal mannen en vrouwen;Totaal;Totaal burgerlijke staat;Cromstrijen;2019;;
7136;Totaal mannen en vrouwen;Totaal;Totaal burgerlijke staat;Cromstrijen;2020;;
7137;Totaal mannen en vrouwen;Totaal;Totaal burgerlijke staat;Cromstrijen;2021;;
7138;Totaal mannen en vrouwen;Totaal;Totaal burgerlijke staat;Cromstrijen;2022;;
7139;Totaal mannen en vrouwen;Totaal;Totaal burgerlijke staat;Cromstrijen;2023;;
7140;Totaal mannen en vrouwen;Totaal;Totaal burgerlijke staat;Cromstrijen;2024;;
7141;Totaal mannen en vrouwen;Totaal;Totaal burgerlijke staat;Cuijk;1988;;
7142;Totaal mannen en vrouwen;Totaal;Totaal burgerlijke staat;Cuijk;1989;;
7143;Totaal mannen en vrouwen;Totaal;Totaal burgerlijke staat;Cuijk;1990;;
7144;Totaal mannen en vrouwen;Totaal;Totaal burgerlijke staat;Cuijk;1991;;
7145;Totaal mannen en vrouwen;Totaal;Totaal burgerlijke staat;Cuijk;1992;;
7146;Totaal mannen en vrouwen;Totaal;Totaal burgerlijke staat;Cuijk;1993;;
7147;Totaal mannen en vrouwen;Totaal;Totaal burgerlijke staat;Cuijk;1994;22866.0;
7148;Totaal mannen en vrouwen;Totaal;Totaal burgerlijke staat;Cuijk;1995;23010.0;23130.5
7149;Totaal mannen en vrouwen;Totaal;Totaal burgerlijke staat;Cuijk;1996;23251.0;23397.0
7150;Totaal mannen en vrouwen;Totaal;Totaal burgerlijke staat;Cuijk;1997;23543.0;23545.0
7151;Totaal mannen en vrouwen;Totaal;Totaal burgerlijke staat;Cuijk;1998;23547.0;23585.5
7152;Totaal mannen en vrouwen;Totaal;Totaal burgerlijke staat;Cuijk;1999;23624.0;23764.0
7153;Totaal mannen en vrouwen;Totaal;Totaal burgerlijke staat;Cuijk;2000;23904.0;24069.5
7154;Totaal mannen en vrouwen;Totaal;Totaal burgerlijke staat;Cuijk;2001;24235.0;24325.0
7155;Totaal mannen en vrouwen;Totaal;Totaal burgerlijke staat;Cuijk;2002;24415.0;24370.0
7156;Totaal mannen en vrouwen;Totaal;Totaal burgerlijke staat;Cuijk;2003;24325.0;24251.0
7157;Totaal mannen en vrouwen;Totaal;Totaal burgerlijke staat;Cuijk;2004;24177.0;24200.0
7158;Totaal mannen en vrouwen;Totaal;Totaal burgerlijke staat;Cuijk;2005;24223.0;24222.0
7159;Totaal mannen en vrouwen;Totaal;Totaal burgerlijke staat;Cuijk;2006;24221.0;24235.0
7160;Totaal mannen en vrouwen;Totaal;Totaal burgerlijke staat;Cuijk;2007;24249.0;24237.5
7161;Totaal mannen en vrouwen;Totaal;Totaal burgerlijke staat;Cuijk;2008;24226.0;24267.5
7162;Totaal mannen en vrouwen;Totaal;Totaal burgerlijke staat;Cuijk;2009;24309.0;24371.0
7163;Totaal mannen en vrouwen;Totaal;Totaal burgerlijke staat;Cuijk;2010;24433.0;24506.5
7164;Totaal mannen en vrouwen;Totaal;Totaal burgerlijke staat;Cuijk;2011;24580.0;24614.0
7165;Totaal mannen en vrouwen;Totaal;Totaal burgerlijke staat;Cuijk;2012;24648.0;24695.5
7166;Totaal mannen en vrouwen;Totaal;Totaal burgerlijke staat;Cuijk;2013;24743.0;24763.0
7167;Totaal mannen en vrouwen;Totaal;Totaal burgerlijke staat;Cuijk;2014;24783.0;24716.0
7168;Totaal mannen en vrouwen;Totaal;Totaal burgerlijke staat;Cuijk;2015;24649.0;24628.5
7169;Totaal mannen en vrouwen;Totaal;Totaal burgerlijke staat;Cuijk;2016;24608.0;24652.0
7170;Totaal mannen en vrouwen;Totaal;Totaal burgerlijke staat;Cuijk;2017;24696.0;24803.5
7171;Totaal mannen en vrouwen;Totaal;Totaal burgerlijke staat;Cuijk;2018;24911.0;24921.0
7172;Totaal mannen en vrouwen;Totaal;Totaal burgerlijke staat;Cuijk;2019;24931.0;25030.5
7173;Totaal mannen en vrouwen;Totaal;Totaal burgerlijke staat;Cuijk;2020;25130.0;25267.0
7174;Totaal mannen en vrouwen;Totaal;Totaal burgerlijke staat;Cuijk;2021;25404.0;25540.5
7175;Totaal mannen en vrouwen;Totaal;Totaal burgerlijke staat;Cuijk;2022;;
7176;Totaal mannen en vrouwen;Totaal;Totaal burgerlijke staat;Cuijk;2023;;
7177;Totaal mannen en vrouwen;Totaal;Totaal burgerlijke staat;Cuijk;2024;;
7178;Totaal mannen en vrouwen;Totaal;Totaal burgerlijke staat;Cuijk en Sint Agatha;1988;17112.0;
7179;Totaal mannen en vrouwen;Totaal;Totaal burgerlijke staat;Cuijk en Sint Agatha;1989;17157.0;
7180;Totaal mannen en vrouwen;Totaal;Totaal burgerlijke staat;Cuijk en Sint Agatha;1990;17332.0;
7181;Totaal mannen en vrouwen;Totaal;Totaal burgerlijke staat;Cuijk en Sint Agatha;1991;17551.0;
7182;Totaal mannen en vrouwen;Totaal;Totaal burgerlijke staat;Cuijk en Sint Agatha;1992;17700.0;
7183;Totaal mannen en vrouwen;Totaal;Totaal burgerlijke staat;Cuijk en Sint Agatha;1993;17861.0;
7184;Totaal mannen en vrouwen;Totaal;Totaal burgerlijke staat;Cuijk en Sint Agatha;1994;;
7185;Totaal mannen en vrouwen;Totaal;Totaal burgerlijke staat;Cuijk en Sint Agatha;1995;;
7186;Totaal mannen en vrouwen;Totaal;Totaal burgerlijke staat;Cuijk en Sint Agatha;1996;;
7187;Totaal mannen en vrouwen;Totaal;Totaal burgerlijke staat;Cuijk en Sint Agatha;1997;;
7188;Totaal mannen en vrouwen;Totaal;Totaal burgerlijke staat;Cuijk en Sint Agatha;1998;;
7189;Totaal mannen en vrouwen;Totaal;Totaal burgerlijke staat;Cuijk en Sint Agatha;1999;;
7190;Totaal mannen en vrouwen;Totaal;Totaal burgerlijke staat;Cuijk en Sint Agatha;2000;;
7191;Totaal mannen en vrouwen;Totaal;Totaal burgerlijke staat;Cuijk en Sint Agatha;2001;;
7192;Totaal mannen en vrouwen;Totaal;Totaal burgerlijke staat;Cuijk en Sint Agatha;2002;;
7193;Totaal mannen en vrouwen;Totaal;Totaal burgerlijke staat;Cuijk en Sint Agatha;2003;;
7194;Totaal mannen en vrouwen;Totaal;Totaal burgerlijke staat;Cuijk en Sint Agatha;2004;;
7195;Totaal mannen en vrouwen;Totaal;Totaal burgerlijke staat;Cuijk en Sint Agatha;2005;;
7196;Totaal mannen en vrouwen;Totaal;Totaal burgerlijke staat;Cuijk en Sint Agatha;2006;;
7197;Totaal mannen en vrouwen;Totaal;Totaal burgerlijke staat;Cuijk en Sint Agatha;2007;;
7198;Totaal mannen en vrouwen;Totaal;Totaal burgerlijke staat;Cuijk en Sint Agatha;2008;;
7199;Totaal mannen en vrouwen;Totaal;Totaal burgerlijke staat;Cuijk en Sint Agatha;2009;;
7200;Totaal mannen en vrouwen;Totaal;Totaal burgerlijke staat;Cuijk en Sint Agatha;2010;;
7201;Totaal mannen en vrouwen;Totaal;Totaal burgerlijke staat;Cuijk en Sint Agatha;2011;;
7202;Totaal mannen en vrouwen;Totaal;Totaal burgerlijke staat;Cuijk en Sint Agatha;2012;;
7203;Totaal mannen en vrouwen;Totaal;Totaal burgerlijke staat;Cuijk en Sint Agatha;2013;;
7204;Totaal mannen en vrouwen;Totaal;Totaal burgerlijke staat;Cuijk en Sint Agatha;2014;;
7205;Totaal mannen en vrouwen;Totaal;Totaal burgerlijke staat;Cuijk en Sint Agatha;2015;;
7206;Totaal mannen en vrouwen;Totaal;Totaal burgerlijke staat;Cuijk en Sint Agatha;2016;;
7207;Totaal mannen en vrouwen;Totaal;Totaal burgerlijke staat;Cuijk en Sint Agatha;2017;;
7208;Totaal mannen en vrouwen;Totaal;Totaal burgerlijke staat;Cuijk en Sint Agatha;2018;;
7209;Totaal mannen en vrouwen;Totaal;Totaal burgerlijke staat;Cuijk en Sint Agatha;2019;;
7210;Totaal mannen en vrouwen;Totaal;Totaal burgerlijke staat;Cuijk en Sint Agatha;2020;;
7211;Totaal mannen en vrouwen;Totaal;Totaal burgerlijke staat;Cuijk en Sint Agatha;2021;;
7212;Totaal mannen en vrouwen;Totaal;Totaal burgerlijke staat;Cuijk en Sint Agatha;2022;;
7213;Totaal mannen en vrouwen;Totaal;Totaal burgerlijke staat;Cuijk en Sint Agatha;2023;;
7214;Totaal mannen en vrouwen;Totaal;Totaal burgerlijke staat;Cuijk en Sint Agatha;2024;;
7215;Totaal mannen en vrouwen;Totaal;Totaal burgerlijke staat;Culemborg;1988;20744.0;
7216;Totaal mannen en vrouwen;Totaal;Totaal burgerlijke staat;Culemborg;1989;21116.0;
7217;Totaal mannen en vrouwen;Totaal;Totaal burgerlijke staat;Culemborg;1990;21532.0;
7218;Totaal mannen en vrouwen;Totaal;Totaal burgerlijke staat;Culemborg;1991;22052.0;
7219;Totaal mannen en vrouwen;Totaal;Totaal burgerlijke staat;Culemborg;1992;22629.0;
7220;Totaal mannen en vrouwen;Totaal;Totaal burgerlijke staat;Culemborg;1993;22897.0;
7221;Totaal mannen en vrouwen;Totaal;Totaal burgerlijke staat;Culemborg;1994;23181.0;
7222;Totaal mannen en vrouwen;Totaal;Totaal burgerlijke staat;Culemborg;1995;23728.0;23881.0
7223;Totaal mannen en vrouwen;Totaal;Totaal burgerlijke staat;Culemborg;1996;24034.0;24115.0
7224;Totaal mannen en vrouwen;Totaal;Totaal burgerlijke staat;Culemborg;1997;24196.0;24285.5
7225;Totaal mannen en vrouwen;Totaal;Totaal burgerlijke staat;Culemborg;1998;24375.0;24413.5
7226;Totaal mannen en vrouwen;Totaal;Totaal burgerlijke staat;Culemborg;1999;24452.0;24610.0
7227;Totaal mannen en vrouwen;Totaal;Totaal burgerlijke staat;Culemborg;2000;24768.0;25010.0
7228;Totaal mannen en vrouwen;Totaal;Totaal burgerlijke staat;Culemborg;2001;25252.0;25727.5
7229;Totaal mannen en vrouwen;Totaal;Totaal burgerlijke staat;Culemborg;2002;26203.0;26282.5
7230;Totaal mannen en vrouwen;Totaal;Totaal burgerlijke staat;Culemborg;2003;26362.0;26478.0
7231;Totaal mannen en vrouwen;Totaal;Totaal burgerlijke staat;Culemborg;2004;26594.0;26868.5
7232;Totaal mannen en vrouwen;Totaal;Totaal burgerlijke staat;Culemborg;2005;27143.0;27150.0
7233;Totaal mannen en vrouwen;Totaal;Totaal burgerlijke staat;Culemborg;2006;27157.0;27167.5
7234;Totaal mannen en vrouwen;Totaal;Totaal burgerlijke staat;Culemborg;2007;27178.0;27238.0
7235;Totaal mannen en vrouwen;Totaal;Totaal burgerlijke staat;Culemborg;2008;27298.0;27356.0
7236;Totaal mannen en vrouwen;Totaal;Totaal burgerlijke staat;Culemborg;2009;27414.0;27457.5
7237;Totaal mannen en vrouwen;Totaal;Totaal burgerlijke staat;Culemborg;2010;27501.0;27542.5
7238;Totaal mannen en vrouwen;Totaal;Totaal burgerlijke staat;Culemborg;2011;27584.0;27608.0
7239;Totaal mannen en vrouwen;Totaal;Totaal burgerlijke staat;Culemborg;2012;27632.0;27656.5
7240;Totaal mannen en vrouwen;Totaal;Totaal burgerlijke staat;Culemborg;2013;27681.0;27635.5
7241;Totaal mannen en vrouwen;Totaal;Totaal burgerlijke staat;Culemborg;2014;27590.0;27575.0
7242;Totaal mannen en vrouwen;Totaal;Totaal burgerlijke staat;Culemborg;2015;27560.0;27602.0
7243;Totaal mannen en vrouwen;Totaal;Totaal burgerlijke staat;Culemborg;2016;27644.0;27754.0
7244;Totaal mannen en vrouwen;Totaal;Totaal burgerlijke staat;Culemborg;2017;27864.0;28029.5
7245;Totaal mannen en vrouwen;Totaal;Totaal burgerlijke staat;Culemborg;2018;28195.0;28375.0
7246;Totaal mannen en vrouwen;Totaal;Totaal burgerlijke staat;Culemborg;2019;28555.0;28755.0
7247;Totaal mannen en vrouwen;Totaal;Totaal burgerlijke staat;Culemborg;2020;28955.0;29038.0
7248;Totaal mannen en vrouwen;Totaal;Totaal burgerlijke staat;Culemborg;2021;29121.0;29259.0
7249;Totaal mannen en vrouwen;Totaal;Totaal burgerlijke staat;Culemborg;2022;29397.0;29563.0
7250;Totaal mannen en vrouwen;Totaal;Totaal burgerlijke staat;Culemborg;2023;29729.0;29836.5
7251;Totaal mannen en vrouwen;Totaal;Totaal burgerlijke staat;Culemborg;2024;29944.0;
7252;Totaal mannen en vrouwen;Totaal;Totaal burgerlijke staat;Dalen;1988;5500.0;
7253;Totaal mannen en vrouwen;Totaal;Totaal burgerlijke staat;Dalen;1989;5445.0;
7254;Totaal mannen en vrouwen;Totaal;Totaal burgerlijke staat;Dalen;1990;5423.0;
7255;Totaal mannen en vrouwen;Totaal;Totaal burgerlijke staat;Dalen;1991;5564.0;
7256;Totaal mannen en vrouwen;Totaal;Totaal burgerlijke staat;Dalen;1992;5614.0;
7257;Totaal mannen en vrouwen;Totaal;Totaal burgerlijke staat;Dalen;1993;5600.0;
7258;Totaal mannen en vrouwen;Totaal;Totaal burgerlijke staat;Dalen;1994;5698.0;
7259;Totaal mannen en vrouwen;Totaal;Totaal burgerlijke staat;Dalen;1995;5718.0;5780.5
7260;Totaal mannen en vrouwen;Totaal;Totaal burgerlijke staat;Dalen;1996;5843.0;5868.5
7261;Totaal mannen en vrouwen;Totaal;Totaal burgerlijke staat;Dalen;1997;5894.0;5896.5
7262;Totaal mannen en vrouwen;Totaal;Totaal burgerlijke staat;Dalen;1998;;
7263;Totaal mannen en vrouwen;Totaal;Totaal burgerlijke staat;Dalen;1999;;
7264;Totaal mannen en vrouwen;Totaal;Totaal burgerlijke staat;Dalen;2000;;
7265;Totaal mannen en vrouwen;Totaal;Totaal burgerlijke staat;Dalen;2001;;
7266;Totaal mannen en vrouwen;Totaal;Totaal burgerlijke staat;Dalen;2002;;
7267;Totaal mannen en vrouwen;Totaal;Totaal burgerlijke staat;Dalen;2003;;
7268;Totaal mannen en vrouwen;Totaal;Totaal burgerlijke staat;Dalen;2004;;
7269;Totaal mannen en vrouwen;Totaal;Totaal burgerlijke staat;Dalen;2005;;
7270;Totaal mannen en vrouwen;Totaal;Totaal burgerlijke staat;Dalen;2006;;
7271;Totaal mannen en vrouwen;Totaal;Totaal burgerlijke staat;Dalen;2007;;
7272;Totaal mannen en vrouwen;Totaal;Totaal burgerlijke staat;Dalen;2008;;
7273;Totaal mannen en vrouwen;Totaal;Totaal burgerlijke staat;Dalen;2009;;
7274;Totaal mannen en vrouwen;Totaal;Totaal burgerlijke staat;Dalen;2010;;
7275;Totaal mannen en vrouwen;Totaal;Totaal burgerlijke staat;Dalen;2011;;
7276;Totaal mannen en vrouwen;Totaal;Totaal burgerlijke staat;Dalen;2012;;
7277;Totaal mannen en vrouwen;Totaal;Totaal burgerlijke staat;Dalen;2013;;
7278;Totaal mannen en vrouwen;Totaal;Totaal burgerlijke staat;Dalen;2014;;
7279;Totaal mannen en vrouwen;Totaal;Totaal burgerlijke staat;Dalen;2015;;
7280;Totaal mannen en vrouwen;Totaal;Totaal burgerlijke staat;Dalen;2016;;
7281;Totaal mannen en vrouwen;Totaal;Totaal burgerlijke staat;Dalen;2017;;
7282;Totaal mannen en vrouwen;Totaal;Totaal burgerlijke staat;Dalen;2018;;
7283;Totaal mannen en vrouwen;Totaal;Totaal burgerlijke staat;Dalen;2019;;
7284;Totaal mannen en vrouwen;Totaal;Totaal burgerlijke staat;Dalen;2020;;
7285;Totaal mannen en vrouwen;Totaal;Totaal burgerlijke staat;Dalen;2021;;
7286;Totaal mannen en vrouwen;Totaal;Totaal burgerlijke staat;Dalen;2022;;
7287;Totaal mannen en vrouwen;Totaal;Totaal burgerlijke staat;Dalen;2023;;
7288;Totaal mannen en vrouwen;Totaal;Totaal burgerlijke staat;Dalen;2024;;
7289;Totaal mannen en vrouwen;Totaal;Totaal burgerlijke staat;Dalfsen;1988;15279.0;
7290;Totaal mannen en vrouwen;Totaal;Totaal burgerlijke staat;Dalfsen;1989;15338.0;
7291;Totaal mannen en vrouwen;Totaal;Totaal burgerlijke staat;Dalfsen;1990;15336.0;
7292;Totaal mannen en vrouwen;Totaal;Totaal burgerlijke staat;Dalfsen;1991;15448.0;
7293;Totaal mannen en vrouwen;Totaal;Totaal burgerlijke staat;Dalfsen;1992;15510.0;
7294;Totaal mannen en vrouwen;Totaal;Totaal burgerlijke staat;Dalfsen;1993;15673.0;
7295;Totaal mannen en vrouwen;Totaal;Totaal burgerlijke staat;Dalfsen;1994;15762.0;
7296;Totaal mannen en vrouwen;Totaal;Totaal burgerlijke staat;Dalfsen;1995;15839.0;15870.5
7297;Totaal mannen en vrouwen;Totaal;Totaal burgerlijke staat;Dalfsen;1996;15902.0;15903.5
7298;Totaal mannen en vrouwen;Totaal;Totaal burgerlijke staat;Dalfsen;1997;17425.0;17400.5
7299;Totaal mannen en vrouwen;Totaal;Totaal burgerlijke staat;Dalfsen;1998;17376.0;17405.0
7300;Totaal mannen en vrouwen;Totaal;Totaal burgerlijke staat;Dalfsen;1999;17434.0;17466.5
7301;Totaal mannen en vrouwen;Totaal;Totaal burgerlijke staat;Dalfsen;2000;17499.0;17603.0
7302;Totaal mannen en vrouwen;Totaal;Totaal burgerlijke staat;Dalfsen;2001;25842.0;25951.5
7303;Totaal mannen en vrouwen;Totaal;Totaal burgerlijke staat;Dalfsen;2002;26061.0;26171.0
7304;Totaal mannen en vrouwen;Totaal;Totaal burgerlijke staat;Dalfsen;2003;26281.0;26354.5
7305;Totaal mannen en vrouwen;Totaal;Totaal burgerlijke staat;Dalfsen;2004;26428.0;26443.5
7306;Totaal mannen en vrouwen;Totaal;Totaal burgerlijke staat;Dalfsen;2005;26459.0;26449.0
7307;Totaal mannen en vrouwen;Totaal;Totaal burgerlijke staat;Dalfsen;2006;26439.0;26490.0
7308;Totaal mannen en vrouwen;Totaal;Totaal burgerlijke staat;Dalfsen;2007;26541.0;26638.0
7309;Totaal mannen en vrouwen;Totaal;Totaal burgerlijke staat;Dalfsen;2008;26735.0;26889.5
7310;Totaal mannen en vrouwen;Totaal;Totaal burgerlijke staat;Dalfsen;2009;27044.0;27151.5
7311;Totaal mannen en vrouwen;Totaal;Totaal burgerlijke staat;Dalfsen;2010;27259.0;27286.0
7312;Totaal mannen en vrouwen;Totaal;Totaal burgerlijke staat;Dalfsen;2011;27313.0;27372.5
7313;Totaal mannen en vrouwen;Totaal;Totaal burgerlijke staat;Dalfsen;2012;27432.0;27501.0
7314;Totaal mannen en vrouwen;Totaal;Totaal burgerlijke staat;Dalfsen;2013;27570.0;27622.0
7315;Totaal mannen en vrouwen;Totaal;Totaal burgerlijke staat;Dalfsen;2014;27674.0;27675.5
7316;Totaal mannen en vrouwen;Totaal;Totaal burgerlijke staat;Dalfsen;2015;27677.0;27796.5
7317;Totaal mannen en vrouwen;Totaal;Totaal burgerlijke staat;Dalfsen;2016;27916.0;27993.0
7318;Totaal mannen en vrouwen;Totaal;Totaal burgerlijke staat;Dalfsen;2017;28070.0;28156.0
7319;Totaal mannen en vrouwen;Totaal;Totaal burgerlijke staat;Dalfsen;2018;28242.0;28370.5
7320;Totaal mannen en vrouwen;Totaal;Totaal burgerlijke staat;Dalfsen;2019;28499.0;28543.0
7321;Totaal mannen en vrouwen;Totaal;Totaal burgerlijke staat;Dalfsen;2020;28587.0;28744.0
7322;Totaal mannen en vrouwen;Totaal;Totaal burgerlijke staat;Dalfsen;2021;28901.0;29031.5
7323;Totaal mannen en vrouwen;Totaal;Totaal burgerlijke staat;Dalfsen;2022;29162.0;29387.0
7324;Totaal mannen en vrouwen;Totaal;Totaal burgerlijke staat;Dalfsen;2023;29612.0;29647.5
7325;Totaal mannen en vrouwen;Totaal;Totaal burgerlijke staat;Dalfsen;2024;29683.0;
7326;Totaal mannen en vrouwen;Totaal;Totaal burgerlijke staat;Dantumadeel;1988;19187.0;
7327;Totaal mannen en vrouwen;Totaal;Totaal burgerlijke staat;Dantumadeel;1989;19248.0;
7328;Totaal mannen en vrouwen;Totaal;Totaal burgerlijke staat;Dantumadeel;1990;19269.0;
7329;Totaal mannen en vrouwen;Totaal;Totaal burgerlijke staat;Dantumadeel;1991;19346.0;
7330;Totaal mannen en vrouwen;Totaal;Totaal burgerlijke staat;Dantumadeel;1992;19476.0;
7331;Totaal mannen en vrouwen;Totaal;Totaal burgerlijke staat;Dantumadeel;1993;19485.0;
7332;Totaal mannen en vrouwen;Totaal;Totaal burgerlijke staat;Dantumadeel;1994;19626.0;
7333;Totaal mannen en vrouwen;Totaal;Totaal burgerlijke staat;Dantumadeel;1995;19641.0;19681.5
7334;Totaal mannen en vrouwen;Totaal;Totaal burgerlijke staat;Dantumadeel;1996;19722.0;19769.5
7335;Totaal mannen en vrouwen;Totaal;Totaal burgerlijke staat;Dantumadeel;1997;19817.0;19873.5
7336;Totaal mannen en vrouwen;Totaal;Totaal burgerlijke staat;Dantumadeel;1998;19930.0;19892.0
7337;Totaal mannen en vrouwen;Totaal;Totaal burgerlijke staat;Dantumadeel;1999;19854.0;19843.5
7338;Totaal mannen en vrouwen;Totaal;Totaal burgerlijke staat;Dantumadeel;2000;19833.0;19838.0
7339;Totaal mannen en vrouwen;Totaal;Totaal burgerlijke staat;Dantumadeel;2001;19843.0;19804.0
7340;Totaal mannen en vrouwen;Totaal;Totaal burgerlijke staat;Dantumadeel;2002;19765.0;19725.0
7341;Totaal mannen en vrouwen;Totaal;Totaal burgerlijke staat;Dantumadeel;2003;19685.0;19723.5
7342;Totaal mannen en vrouwen;Totaal;Totaal burgerlijke staat;Dantumadeel;2004;19762.0;19720.5
7343;Totaal mannen en vrouwen;Totaal;Totaal burgerlijke staat;Dantumadeel;2005;19679.0;19617.0
7344;Totaal mannen en vrouwen;Totaal;Totaal burgerlijke staat;Dantumadeel;2006;19555.0;19508.0
7345;Totaal mannen en vrouwen;Totaal;Totaal burgerlijke staat;Dantumadeel;2007;19461.0;19430.0
7346;Totaal mannen en vrouwen;Totaal;Totaal burgerlijke staat;Dantumadeel;2008;19399.0;19383.0
7347;Totaal mannen en vrouwen;Totaal;Totaal burgerlijke staat;Dantumadeel;2009;;
7348;Totaal mannen en vrouwen;Totaal;Totaal burgerlijke staat;Dantumadeel;2010;;
7349;Totaal mannen en vrouwen;Totaal;Totaal burgerlijke staat;Dantumadeel;2011;;
7350;Totaal mannen en vrouwen;Totaal;Totaal burgerlijke staat;Dantumadeel;2012;;
7351;Totaal mannen en vrouwen;Totaal;Totaal burgerlijke staat;Dantumadeel;2013;;
7352;Totaal mannen en vrouwen;Totaal;Totaal burgerlijke staat;Dantumadeel;2014;;
7353;Totaal mannen en vrouwen;Totaal;Totaal burgerlijke staat;Dantumadeel;2015;;
7354;Totaal mannen en vrouwen;Totaal;Totaal burgerlijke staat;Dantumadeel;2016;;
7355;Totaal mannen en vrouwen;Totaal;Totaal burgerlijke staat;Dantumadeel;2017;;
7356;Totaal mannen en vrouwen;Totaal;Totaal burgerlijke staat;Dantumadeel;2018;;
7357;Totaal mannen en vrouwen;Totaal;Totaal burgerlijke staat;Dantumadeel;2019;;
7358;Totaal mannen en vrouwen;Totaal;Totaal burgerlijke staat;Dantumadeel;2020;;
7359;Totaal mannen en vrouwen;Totaal;Totaal burgerlijke staat;Dantumadeel;2021;;
7360;Totaal mannen en vrouwen;Totaal;Totaal burgerlijke staat;Dantumadeel;2022;;
7361;Totaal mannen en vrouwen;Totaal;Totaal burgerlijke staat;Dantumadeel;2023;;
7362;Totaal mannen en vrouwen;Totaal;Totaal burgerlijke staat;Dantumadeel;2024;;
7363;Totaal mannen en vrouwen;Totaal;Totaal burgerlijke staat;Dantumadiel;1988;;
7364;Totaal mannen en vrouwen;Totaal;Totaal burgerlijke staat;Dantumadiel;1989;;
7365;Totaal mannen en vrouwen;Totaal;Totaal burgerlijke staat;Dantumadiel;1990;;
7366;Totaal mannen en vrouwen;Totaal;Totaal burgerlijke staat;Dantumadiel;1991;;
7367;Totaal mannen en vrouwen;Totaal;Totaal burgerlijke staat;Dantumadiel;1992;;
7368;Totaal mannen en vrouwen;Totaal;Totaal burgerlijke staat;Dantumadiel;1993;;
7369;Totaal mannen en vrouwen;Totaal;Totaal burgerlijke staat;Dantumadiel;1994;;
7370;Totaal mannen en vrouwen;Totaal;Totaal burgerlijke staat;Dantumadiel;1995;;
7371;Totaal mannen en vrouwen;Totaal;Totaal burgerlijke staat;Dantumadiel;1996;;
7372;Totaal mannen en vrouwen;Totaal;Totaal burgerlijke staat;Dantumadiel;1997;;
7373;Totaal mannen en vrouwen;Totaal;Totaal burgerlijke staat;Dantumadiel;1998;;
7374;Totaal mannen en vrouwen;Totaal;Totaal burgerlijke staat;Dantumadiel;1999;;
7375;Totaal mannen en vrouwen;Totaal;Totaal burgerlijke staat;Dantumadiel;2000;;
7376;Totaal mannen en vrouwen;Totaal;Totaal burgerlijke staat;Dantumadiel;2001;;
7377;Totaal mannen en vrouwen;Totaal;Totaal burgerlijke staat;Dantumadiel;2002;;
7378;Totaal mannen en vrouwen;Totaal;Totaal burgerlijke staat;Dantumadiel;2003;;
7379;Totaal mannen en vrouwen;Totaal;Totaal burgerlijke staat;Dantumadiel;2004;;
7380;Totaal mannen en vrouwen;Totaal;Totaal burgerlijke staat;Dantumadiel;2005;;
7381;Totaal mannen en vrouwen;Totaal;Totaal burgerlijke staat;Dantumadiel;2006;;
7382;Totaal mannen en vrouwen;Totaal;Totaal burgerlijke staat;Dantumadiel;2007;;
7383;Totaal mannen en vrouwen;Totaal;Totaal burgerlijke staat;Dantumadiel;2008;;
7384;Totaal mannen en vrouwen;Totaal;Totaal burgerlijke staat;Dantumadiel;2009;19367.0;19325.0
7385;Totaal mannen en vrouwen;Totaal;Totaal burgerlijke staat;Dantumadiel;2010;19283.0;19296.5
7386;Totaal mannen en vrouwen;Totaal;Totaal burgerlijke staat;Dantumadiel;2011;19310.0;19287.0
7387;Totaal mannen en vrouwen;Totaal;Totaal burgerlijke staat;Dantumadiel;2012;19264.0;19197.0
7388;Totaal mannen en vrouwen;Totaal;Totaal burgerlijke staat;Dantumadiel;2013;19130.0;19080.0
7389;Totaal mannen en vrouwen;Totaal;Totaal burgerlijke staat;Dantumadiel;2014;19030.0;19044.5
7390;Totaal mannen en vrouwen;Totaal;Totaal burgerlijke staat;Dantumadiel;2015;19059.0;19037.0
7391;Totaal mannen en vrouwen;Totaal;Totaal burgerlijke staat;Dantumadiel;2016;19015.0;18978.5
7392;Totaal mannen en vrouwen;Totaal;Totaal burgerlijke staat;Dantumadiel;2017;18942.0;18923.0
7393;Totaal mannen en vrouwen;Totaal;Totaal burgerlijke staat;Dantumadiel;2018;18904.0;18913.5
7394;Totaal mannen en vrouwen;Totaal;Totaal burgerlijke staat;Dantumadiel;2019;18923.0;18922.5
7395;Totaal mannen en vrouwen;Totaal;Totaal burgerlijke staat;Dantumadiel;2020;18922.0;18932.5
7396;Totaal mannen en vrouwen;Totaal;Totaal burgerlijke staat;Dantumadiel;2021;18943.0;18950.0
7397;Totaal mannen en vrouwen;Totaal;Totaal burgerlijke staat;Dantumadiel;2022;18957.0;19075.5
7398;Totaal mannen en vrouwen;Totaal;Totaal burgerlijke staat;Dantumadiel;2023;19194.0;19164.5
7399;Totaal mannen en vrouwen;Totaal;Totaal burgerlijke staat;Dantumadiel;2024;19135.0;
7400;Totaal mannen en vrouwen;Totaal;Totaal burgerlijke staat;Delft;1988;88074.0;
7401;Totaal mannen en vrouwen;Totaal;Totaal burgerlijke staat;Delft;1989;88135.0;
7402;Totaal mannen en vrouwen;Totaal;Totaal burgerlijke staat;Delft;1990;88739.0;
7403;Totaal mannen en vrouwen;Totaal;Totaal burgerlijke staat;Delft;1991;89365.0;
7404;Totaal mannen en vrouwen;Totaal;Totaal burgerlijke staat;Delft;1992;90066.0;
7405;Totaal mannen en vrouwen;Totaal;Totaal burgerlijke staat;Delft;1993;91013.0;
7406;Totaal mannen en vrouwen;Totaal;Totaal burgerlijke staat;Delft;1994;91941.0;
7407;Totaal mannen en vrouwen;Totaal;Totaal burgerlijke staat;Delft;1995;92457.0;92843.0
7408;Totaal mannen en vrouwen;Totaal;Totaal burgerlijke staat;Delft;1996;93229.0;93629.5
7409;Totaal mannen en vrouwen;Totaal;Totaal burgerlijke staat;Delft;1997;94030.0;94368.0
7410;Totaal mannen en vrouwen;Totaal;Totaal burgerlijke staat;Delft;1998;94706.0;94987.0
7411;Totaal mannen en vrouwen;Totaal;Totaal burgerlijke staat;Delft;1999;95268.0;95681.5
7412;Totaal mannen en vrouwen;Totaal;Totaal burgerlijke staat;Delft;2000;96095.0;96137.5
7413;Totaal mannen en vrouwen;Totaal;Totaal burgerlijke staat;Delft;2001;96180.0;96558.0
7414;Totaal mannen en vrouwen;Totaal;Totaal burgerlijke staat;Delft;2002;96936.0;96762.0
7415;Totaal mannen en vrouwen;Totaal;Totaal burgerlijke staat;Delft;2003;96588.0;96162.0
7416;Totaal mannen en vrouwen;Totaal;Totaal burgerlijke staat;Delft;2004;95817.0;95424.0
7417;Totaal mannen en vrouwen;Totaal;Totaal burgerlijke staat;Delft;2005;95031.0;95060.5
7418;Totaal mannen en vrouwen;Totaal;Totaal burgerlijke staat;Delft;2006;95090.0;95234.5
7419;Totaal mannen en vrouwen;Totaal;Totaal burgerlijke staat;Delft;2007;95379.0;95773.5
7420;Totaal mannen en vrouwen;Totaal;Totaal burgerlijke staat;Delft;2008;96168.0;96342.5
7421;Totaal mannen en vrouwen;Totaal;Totaal burgerlijke staat;Delft;2009;96517.0;96638.5
7422;Totaal mannen en vrouwen;Totaal;Totaal burgerlijke staat;Delft;2010;96760.0;97225.0
7423;Totaal mannen en vrouwen;Totaal;Totaal burgerlijke staat;Delft;2011;97690.0;98182.5
7424;Totaal mannen en vrouwen;Totaal;Totaal burgerlijke staat;Delft;2012;98675.0;98886.0
7425;Totaal mannen en vrouwen;Totaal;Totaal burgerlijke staat;Delft;2013;99097.0;99571.5
7426;Totaal mannen en vrouwen;Totaal;Totaal burgerlijke staat;Delft;2014;100046.0;100538.0
7427;Totaal mannen en vrouwen;Totaal;Totaal burgerlijke staat;Delft;2015;101030.0;101032.0
7428;Totaal mannen en vrouwen;Totaal;Totaal burgerlijke staat;Delft;2016;101034.0;101207.5
7429;Totaal mannen en vrouwen;Totaal;Totaal burgerlijke staat;Delft;2017;101381.0;101817.0
7430;Totaal mannen en vrouwen;Totaal;Totaal burgerlijke staat;Delft;2018;102253.0;102708.0
7431;Totaal mannen en vrouwen;Totaal;Totaal burgerlijke staat;Delft;2019;103163.0;103379.0
7432;Totaal mannen en vrouwen;Totaal;Totaal burgerlijke staat;Delft;2020;103595.0;103588.0
7433;Totaal mannen en vrouwen;Totaal;Totaal burgerlijke staat;Delft;2021;103581.0;104076.5
7434;Totaal mannen en vrouwen;Totaal;Totaal burgerlijke staat;Delft;2022;104572.0;105329.0
7435;Totaal mannen en vrouwen;Totaal;Totaal burgerlijke staat;Delft;2023;106086.0;107831.5
7436;Totaal mannen en vrouwen;Totaal;Totaal burgerlijke staat;Delft;2024;109577.0;
7437;Totaal mannen en vrouwen;Totaal;Totaal burgerlijke staat;Delfzijl;1988;23744.0;
7438;Totaal mannen en vrouwen;Totaal;Totaal burgerlijke staat;Delfzijl;1989;23472.0;
7439;Totaal mannen en vrouwen;Totaal;Totaal burgerlijke staat;Delfzijl;1990;31962.0;
7440;Totaal mannen en vrouwen;Totaal;Totaal burgerlijke staat;Delfzijl;1991;31655.0;
7441;Totaal mannen en vrouwen;Totaal;Totaal burgerlijke staat;Delfzijl;1992;31350.0;
7442;Totaal mannen en vrouwen;Totaal;Totaal burgerlijke staat;Delfzijl;1993;31088.0;
7443;Totaal mannen en vrouwen;Totaal;Totaal burgerlijke staat;Delfzijl;1994;30880.0;
7444;Totaal mannen en vrouwen;Totaal;Totaal burgerlijke staat;Delfzijl;1995;30744.0;30743.5
7445;Totaal mannen en vrouwen;Totaal;Totaal burgerlijke staat;Delfzijl;1996;30743.0;30644.5
7446;Totaal mannen en vrouwen;Totaal;Totaal burgerlijke staat;Delfzijl;1997;30546.0;30281.0
7447;Totaal mannen en vrouwen;Totaal;Totaal burgerlijke staat;Delfzijl;1998;30016.0;29806.0
7448;Totaal mannen en vrouwen;Totaal;Totaal burgerlijke staat;Delfzijl;1999;29596.0;29305.5
7449;Totaal mannen en vrouwen;Totaal;Totaal burgerlijke staat;Delfzijl;2000;29015.0;28993.0
7450;Totaal mannen en vrouwen;Totaal;Totaal burgerlijke staat;Delfzijl;2001;28971.0;28994.5
7451;Totaal mannen en vrouwen;Totaal;Totaal burgerlijke staat;Delfzijl;2002;29018.0;28995.0
7452;Totaal mannen en vrouwen;Totaal;Totaal burgerlijke staat;Delfzijl;2003;28972.0;28890.5
7453;Totaal mannen en vrouwen;Totaal;Totaal burgerlijke staat;Delfzijl;2004;28809.0;28627.5
7454;Totaal mannen en vrouwen;Totaal;Totaal burgerlijke staat;Delfzijl;2005;28446.0;28217.5
7455;Totaal mannen en vrouwen;Totaal;Totaal burgerlijke staat;Delfzijl;2006;27989.0;27821.0
7456;Totaal mannen en vrouwen;Totaal;Totaal burgerlijke staat;Delfzijl;2007;27653.0;27483.5
7457;Totaal mannen en vrouwen;Totaal;Totaal burgerlijke staat;Delfzijl;2008;27314.0;27029.0
7458;Totaal mannen en vrouwen;Totaal;Totaal burgerlijke staat;Delfzijl;2009;26744.0;26689.5
7459;Totaal mannen en vrouwen;Totaal;Totaal burgerlijke staat;Delfzijl;2010;26635.0;26601.0
7460;Totaal mannen en vrouwen;Totaal;Totaal burgerlijke staat;Delfzijl;2011;26567.0;26436.0
7461;Totaal mannen en vrouwen;Totaal;Totaal burgerlijke staat;Delfzijl;2012;26305.0;26165.0
7462;Totaal mannen en vrouwen;Totaal;Totaal burgerlijke staat;Delfzijl;2013;26025.0;25861.5
7463;Totaal mannen en vrouwen;Totaal;Totaal burgerlijke staat;Delfzijl;2014;25698.0;25553.5
7464;Totaal mannen en vrouwen;Totaal;Totaal burgerlijke staat;Delfzijl;2015;25409.0;25238.5
7465;Totaal mannen en vrouwen;Totaal;Totaal burgerlijke staat;Delfzijl;2016;25068.0;25016.5
7466;Totaal mannen en vrouwen;Totaal;Totaal burgerlijke staat;Delfzijl;2017;24965.0;24914.0
7467;Totaal mannen en vrouwen;Totaal;Totaal burgerlijke staat;Delfzijl;2018;24863.0;24789.5
7468;Totaal mannen en vrouwen;Totaal;Totaal burgerlijke staat;Delfzijl;2019;24716.0;24697.0
7469;Totaal mannen en vrouwen;Totaal;Totaal burgerlijke staat;Delfzijl;2020;24678.0;24637.0
7470;Totaal mannen en vrouwen;Totaal;Totaal burgerlijke staat;Delfzijl;2021;;
7471;Totaal mannen en vrouwen;Totaal;Totaal burgerlijke staat;Delfzijl;2022;;
7472;Totaal mannen en vrouwen;Totaal;Totaal burgerlijke staat;Delfzijl;2023;;
7473;Totaal mannen en vrouwen;Totaal;Totaal burgerlijke staat;Delfzijl;2024;;
7474;Totaal mannen en vrouwen;Totaal;Totaal burgerlijke staat;Denekamp;1988;12209.0;
7475;Totaal mannen en vrouwen;Totaal;Totaal burgerlijke staat;Denekamp;1989;12206.0;
7476;Totaal mannen en vrouwen;Totaal;Totaal burgerlijke staat;Denekamp;1990;12273.0;
7477;Totaal mannen en vrouwen;Totaal;Totaal burgerlijke staat;Denekamp;1991;12307.0;
7478;Totaal mannen en vrouwen;Totaal;Totaal burgerlijke staat;Denekamp;1992;12229.0;
7479;Totaal mannen en vrouwen;Totaal;Totaal burgerlijke staat;Denekamp;1993;12261.0;
7480;Totaal mannen en vrouwen;Totaal;Totaal burgerlijke staat;Denekamp;1994;12292.0;
7481;Totaal mannen en vrouwen;Totaal;Totaal burgerlijke staat;Denekamp;1995;12289.0;12351.0
7482;Totaal mannen en vrouwen;Totaal;Totaal burgerlijke staat;Denekamp;1996;12413.0;12387.5
7483;Totaal mannen en vrouwen;Totaal;Totaal burgerlijke staat;Denekamp;1997;12362.0;12359.5
7484;Totaal mannen en vrouwen;Totaal;Totaal burgerlijke staat;Denekamp;1998;12300.0;12328.5
7485;Totaal mannen en vrouwen;Totaal;Totaal burgerlijke staat;Denekamp;1999;12357.0;12391.0
7486;Totaal mannen en vrouwen;Totaal;Totaal burgerlijke staat;Denekamp;2000;12425.0;12461.5
7487;Totaal mannen en vrouwen;Totaal;Totaal burgerlijke staat;Denekamp;2001;25996.0;26030.0
7488;Totaal mannen en vrouwen;Totaal;Totaal burgerlijke staat;Denekamp;2002;26064.0;26030.5
7489;Totaal mannen en vrouwen;Totaal;Totaal burgerlijke staat;Denekamp;2003;;
7490;Totaal mannen en vrouwen;Totaal;Totaal burgerlijke staat;Denekamp;2004;;
7491;Totaal mannen en vrouwen;Totaal;Totaal burgerlijke staat;Denekamp;2005;;
7492;Totaal mannen en vrouwen;Totaal;Totaal burgerlijke staat;Denekamp;2006;;
7493;Totaal mannen en vrouwen;Totaal;Totaal burgerlijke staat;Denekamp;2007;;
7494;Totaal mannen en vrouwen;Totaal;Totaal burgerlijke staat;Denekamp;2008;;
7495;Totaal mannen en vrouwen;Totaal;Totaal burgerlijke staat;Denekamp;2009;;
7496;Totaal mannen en vrouwen;Totaal;Totaal burgerlijke staat;Denekamp;2010;;
7497;Totaal mannen en vrouwen;Totaal;Totaal burgerlijke staat;Denekamp;2011;;
7498;Totaal mannen en vrouwen;Totaal;Totaal burgerlijke staat;Denekamp;2012;;
7499;Totaal mannen en vrouwen;Totaal;Totaal burgerlijke staat;Denekamp;2013;;
7500;Totaal mannen en vrouwen;Totaal;Totaal burgerlijke staat;Denekamp;2014;;
7501;Totaal mannen en vrouwen;Totaal;Totaal burgerlijke staat;Denekamp;2015;;
7502;Totaal mannen en vrouwen;Totaal;Totaal burgerlijke staat;Denekamp;2016;;
7503;Totaal mannen en vrouwen;Totaal;Totaal burgerlijke staat;Denekamp;2017;;
7504;Totaal mannen en vrouwen;Totaal;Totaal burgerlijke staat;Denekamp;2018;;
7505;Totaal mannen en vrouwen;Totaal;Totaal burgerlijke staat;Denekamp;2019;;
7506;Totaal mannen en vrouwen;Totaal;Totaal burgerlijke staat;Denekamp;2020;;
7507;Totaal mannen en vrouwen;Totaal;Totaal burgerlijke staat;Denekamp;2021;;
7508;Totaal mannen en vrouwen;Totaal;Totaal burgerlijke staat;Denekamp;2022;;
7509;Totaal mannen en vrouwen;Totaal;Totaal burgerlijke staat;Denekamp;2023;;
7510;Totaal mannen en vrouwen;Totaal;Totaal burgerlijke staat;Denekamp;2024;;
7511;Totaal mannen en vrouwen;Totaal;Totaal burgerlijke staat;Deurne;1988;29251.0;
7512;Totaal mannen en vrouwen;Totaal;Totaal burgerlijke staat;Deurne;1989;29308.0;
7513;Totaal mannen en vrouwen;Totaal;Totaal burgerlijke staat;Deurne;1990;29518.0;
7514;Totaal mannen en vrouwen;Totaal;Totaal burgerlijke staat;Deurne;1991;29681.0;
7515;Totaal mannen en vrouwen;Totaal;Totaal burgerlijke staat;Deurne;1992;29939.0;
7516;Totaal mannen en vrouwen;Totaal;Totaal burgerlijke staat;Deurne;1993;30136.0;
7517;Totaal mannen en vrouwen;Totaal;Totaal burgerlijke staat;Deurne;1994;30611.0;
7518;Totaal mannen en vrouwen;Totaal;Totaal burgerlijke staat;Deurne;1995;31221.0;31397.5
7519;Totaal mannen en vrouwen;Totaal;Totaal burgerlijke staat;Deurne;1996;31574.0;31704.5
7520;Totaal mannen en vrouwen;Totaal;Totaal burgerlijke staat;Deurne;1997;31912.0;31973.0
7521;Totaal mannen en vrouwen;Totaal;Totaal burgerlijke staat;Deurne;1998;32034.0;31979.0
7522;Totaal mannen en vrouwen;Totaal;Totaal burgerlijke staat;Deurne;1999;31924.0;31976.0
7523;Totaal mannen en vrouwen;Totaal;Totaal burgerlijke staat;Deurne;2000;32028.0;32036.5
7524;Totaal mannen en vrouwen;Totaal;Totaal burgerlijke staat;Deurne;2001;32045.0;32084.5
7525;Totaal mannen en vrouwen;Totaal;Totaal burgerlijke staat;Deurne;2002;32124.0;32127.0
7526;Totaal mannen en vrouwen;Totaal;Totaal burgerlijke staat;Deurne;2003;32130.0;32106.5
7527;Totaal mannen en vrouwen;Totaal;Totaal burgerlijke staat;Deurne;2004;32083.0;32043.0
7528;Totaal mannen en vrouwen;Totaal;Totaal burgerlijke staat;Deurne;2005;32003.0;31928.0
7529;Totaal mannen en vrouwen;Totaal;Totaal burgerlijke staat;Deurne;2006;31853.0;31847.0
7530;Totaal mannen en vrouwen;Totaal;Totaal burgerlijke staat;Deurne;2007;31841.0;31742.0
7531;Totaal mannen en vrouwen;Totaal;Totaal burgerlijke staat;Deurne;2008;31643.0;31554.5
7532;Totaal mannen en vrouwen;Totaal;Totaal burgerlijke staat;Deurne;2009;31466.0;31496.0
7533;Totaal mannen en vrouwen;Totaal;Totaal burgerlijke staat;Deurne;2010;31526.0;31601.0
7534;Totaal mannen en vrouwen;Totaal;Totaal burgerlijke staat;Deurne;2011;31676.0;31719.0
7535;Totaal mannen en vrouwen;Totaal;Totaal burgerlijke staat;Deurne;2012;31762.0;31747.5
7536;Totaal mannen en vrouwen;Totaal;Totaal burgerlijke staat;Deurne;2013;31733.0;31696.0
7537;Totaal mannen en vrouwen;Totaal;Totaal burgerlijke staat;Deurne;2014;31659.0;31712.0
7538;Totaal mannen en vrouwen;Totaal;Totaal burgerlijke staat;Deurne;2015;31765.0;31821.5
7539;Totaal mannen en vrouwen;Totaal;Totaal burgerlijke staat;Deurne;2016;31878.0;31905.5
7540;Totaal mannen en vrouwen;Totaal;Totaal burgerlijke staat;Deurne;2017;31933.0;32035.0
7541;Totaal mannen en vrouwen;Totaal;Totaal burgerlijke staat;Deurne;2018;32137.0;32249.5
7542;Totaal mannen en vrouwen;Totaal;Totaal burgerlijke staat;Deurne;2019;32362.0;32416.5
7543;Totaal mannen en vrouwen;Totaal;Totaal burgerlijke staat;Deurne;2020;32471.0;32454.0
7544;Totaal mannen en vrouwen;Totaal;Totaal burgerlijke staat;Deurne;2021;32437.0;32521.5
7545;Totaal mannen en vrouwen;Totaal;Totaal burgerlijke staat;Deurne;2022;32606.0;32791.5
7546;Totaal mannen en vrouwen;Totaal;Totaal burgerlijke staat;Deurne;2023;32977.0;33078.5
7547;Totaal mannen en vrouwen;Totaal;Totaal burgerlijke staat;Deurne;2024;33180.0;
7548;Totaal mannen en vrouwen;Totaal;Totaal burgerlijke staat;Deventer;1988;66062.0;
7549;Totaal mannen en vrouwen;Totaal;Totaal burgerlijke staat;Deventer;1989;66398.0;
7550;Totaal mannen en vrouwen;Totaal;Totaal burgerlijke staat;Deventer;1990;66888.0;
7551;Totaal mannen en vrouwen;Totaal;Totaal burgerlijke staat;Deventer;1991;67471.0;
7552;Totaal mannen en vrouwen;Totaal;Totaal burgerlijke staat;Deventer;1992;68004.0;
7553;Totaal mannen en vrouwen;Totaal;Totaal burgerlijke staat;Deventer;1993;68529.0;
7554;Totaal mannen en vrouwen;Totaal;Totaal burgerlijke staat;Deventer;1994;69079.0;
7555;Totaal mannen en vrouwen;Totaal;Totaal burgerlijke staat;Deventer;1995;69054.0;69038.5
7556;Totaal mannen en vrouwen;Totaal;Totaal burgerlijke staat;Deventer;1996;69023.0;69077.0
7557;Totaal mannen en vrouwen;Totaal;Totaal burgerlijke staat;Deventer;1997;69131.0;69898.0
7558;Totaal mannen en vrouwen;Totaal;Totaal burgerlijke staat;Deventer;1998;70665.0;71301.5
7559;Totaal mannen en vrouwen;Totaal;Totaal burgerlijke staat;Deventer;1999;82621.0;83259.5
7560;Totaal mannen en vrouwen;Totaal;Totaal burgerlijke staat;Deventer;2000;83956.0;84482.0
7561;Totaal mannen en vrouwen;Totaal;Totaal burgerlijke staat;Deventer;2001;85008.0;85540.0
7562;Totaal mannen en vrouwen;Totaal;Totaal burgerlijke staat;Deventer;2002;86072.0;86799.0
7563;Totaal mannen en vrouwen;Totaal;Totaal burgerlijke staat;Deventer;2003;87526.0;88334.0
7564;Totaal mannen en vrouwen;Totaal;Totaal burgerlijke staat;Deventer;2004;89142.0;89711.5
7565;Totaal mannen en vrouwen;Totaal;Totaal burgerlijke staat;Deventer;2005;95620.0;96080.0
7566;Totaal mannen en vrouwen;Totaal;Totaal burgerlijke staat;Deventer;2006;96540.0;96578.5
7567;Totaal mannen en vrouwen;Totaal;Totaal burgerlijke staat;Deventer;2007;96617.0;96979.5
7568;Totaal mannen en vrouwen;Totaal;Totaal burgerlijke staat;Deventer;2008;97342.0;97617.0
7569;Totaal mannen en vrouwen;Totaal;Totaal burgerlijke staat;Deventer;2009;97892.0;98207.5
7570;Totaal mannen en vrouwen;Totaal;Totaal burgerlijke staat;Deventer;2010;98523.0;98630.0
7571;Totaal mannen en vrouwen;Totaal;Totaal burgerlijke staat;Deventer;2011;98737.0;98704.5
7572;Totaal mannen en vrouwen;Totaal;Totaal burgerlijke staat;Deventer;2012;98672.0;98626.5
7573;Totaal mannen en vrouwen;Totaal;Totaal burgerlijke staat;Deventer;2013;98581.0;98451.5
7574;Totaal mannen en vrouwen;Totaal;Totaal burgerlijke staat;Deventer;2014;98322.0;98431.0
7575;Totaal mannen en vrouwen;Totaal;Totaal burgerlijke staat;Deventer;2015;98540.0;98704.5
7576;Totaal mannen en vrouwen;Totaal;Totaal burgerlijke staat;Deventer;2016;98869.0;99082.0
7577;Totaal mannen en vrouwen;Totaal;Totaal burgerlijke staat;Deventer;2017;99295.0;99474.0
7578;Totaal mannen en vrouwen;Totaal;Totaal burgerlijke staat;Deventer;2018;99653.0;99805.0
7579;Totaal mannen en vrouwen;Totaal;Totaal burgerlijke staat;Deventer;2019;99957.0;100338.0
7580;Totaal mannen en vrouwen;Totaal;Totaal burgerlijke staat;Deventer;2020;100719.0;100977.5
7581;Totaal mannen en vrouwen;Totaal;Totaal burgerlijke staat;Deventer;2021;101236.0;101341.0
7582;Totaal mannen en vrouwen;Totaal;Totaal burgerlijke staat;Deventer;2022;101446.0;102113.5
7583;Totaal mannen en vrouwen;Totaal;Totaal burgerlijke staat;Deventer;2023;102781.0;103093.0
7584;Totaal mannen en vrouwen;Totaal;Totaal burgerlijke staat;Deventer;2024;103405.0;
7585;Totaal mannen en vrouwen;Totaal;Totaal burgerlijke staat;Didam;1988;15888.0;
7586;Totaal mannen en vrouwen;Totaal;Totaal burgerlijke staat;Didam;1989;16036.0;
7587;Totaal mannen en vrouwen;Totaal;Totaal burgerlijke staat;Didam;1990;16206.0;
7588;Totaal mannen en vrouwen;Totaal;Totaal burgerlijke staat;Didam;1991;16211.0;
7589;Totaal mannen en vrouwen;Totaal;Totaal burgerlijke staat;Didam;1992;16308.0;
7590;Totaal mannen en vrouwen;Totaal;Totaal burgerlijke staat;Didam;1993;16302.0;
7591;Totaal mannen en vrouwen;Totaal;Totaal burgerlijke staat;Didam;1994;16361.0;
7592;Totaal mannen en vrouwen;Totaal;Totaal burgerlijke staat;Didam;1995;16468.0;16516.0
7593;Totaal mannen en vrouwen;Totaal;Totaal burgerlijke staat;Didam;1996;16564.0;16577.5
7594;Totaal mannen en vrouwen;Totaal;Totaal burgerlijke staat;Didam;1997;16591.0;16587.5
7595;Totaal mannen en vrouwen;Totaal;Totaal burgerlijke staat;Didam;1998;16584.0;16592.0
7596;Totaal mannen en vrouwen;Totaal;Totaal burgerlijke staat;Didam;1999;16600.0;16600.5
7597;Totaal mannen en vrouwen;Totaal;Totaal burgerlijke staat;Didam;2000;16601.0;16602.0
7598;Totaal mannen en vrouwen;Totaal;Totaal burgerlijke staat;Didam;2001;16603.0;16668.0
7599;Totaal mannen en vrouwen;Totaal;Totaal burgerlijke staat;Didam;2002;16733.0;16758.5
7600;Totaal mannen en vrouwen;Totaal;Totaal burgerlijke staat;Didam;2003;16784.0;16867.0
7601;Totaal mannen en vrouwen;Totaal;Totaal burgerlijke staat;Didam;2004;16950.0;16945.5
7602;Totaal mannen en vrouwen;Totaal;Totaal burgerlijke staat;Didam;2005;;
7603;Totaal mannen en vrouwen;Totaal;Totaal burgerlijke staat;Didam;2006;;
7604;Totaal mannen en vrouwen;Totaal;Totaal burgerlijke staat;Didam;2007;;
7605;Totaal mannen en vrouwen;Totaal;Totaal burgerlijke staat;Didam;2008;;
7606;Totaal mannen en vrouwen;Totaal;Totaal burgerlijke staat;Didam;2009;;
7607;Totaal mannen en vrouwen;Totaal;Totaal burgerlijke staat;Didam;2010;;
7608;Totaal mannen en vrouwen;Totaal;Totaal burgerlijke staat;Didam;2011;;
7609;Totaal mannen en vrouwen;Totaal;Totaal burgerlijke staat;Didam;2012;;
7610;Totaal mannen en vrouwen;Totaal;Totaal burgerlijke staat;Didam;2013;;
7611;Totaal mannen en vrouwen;Totaal;Totaal burgerlijke staat;Didam;2014;;
7612;Totaal mannen en vrouwen;Totaal;Totaal burgerlijke staat;Didam;2015;;
7613;Totaal mannen en vrouwen;Totaal;Totaal burgerlijke staat;Didam;2016;;
7614;Totaal mannen en vrouwen;Totaal;Totaal burgerlijke staat;Didam;2017;;
7615;Totaal mannen en vrouwen;Totaal;Totaal burgerlijke staat;Didam;2018;;
7616;Totaal mannen en vrouwen;Totaal;Totaal burgerlijke staat;Didam;2019;;
7617;Totaal mannen en vrouwen;Totaal;Totaal burgerlijke staat;Didam;2020;;
7618;Totaal mannen en vrouwen;Totaal;Totaal burgerlijke staat;Didam;2021;;
7619;Totaal mannen en vrouwen;Totaal;Totaal burgerlijke staat;Didam;2022;;
7620;Totaal mannen en vrouwen;Totaal;Totaal burgerlijke staat;Didam;2023;;
7621;Totaal mannen en vrouwen;Totaal;Totaal burgerlijke staat;Didam;2024;;
7622;Totaal mannen en vrouwen;Totaal;Totaal burgerlijke staat;Diemen;1988;18096.0;
7623;Totaal mannen en vrouwen;Totaal;Totaal burgerlijke staat;Diemen;1989;18083.0;
7624;Totaal mannen en vrouwen;Totaal;Totaal burgerlijke staat;Diemen;1990;18272.0;
7625;Totaal mannen en vrouwen;Totaal;Totaal burgerlijke staat;Diemen;1991;19691.0;
7626;Totaal mannen en vrouwen;Totaal;Totaal burgerlijke staat;Diemen;1992;20365.0;
7627;Totaal mannen en vrouwen;Totaal;Totaal burgerlijke staat;Diemen;1993;20717.0;
7628;Totaal mannen en vrouwen;Totaal;Totaal burgerlijke staat;Diemen;1994;22052.0;
7629;Totaal mannen en vrouwen;Totaal;Totaal burgerlijke staat;Diemen;1995;23078.0;23271.0
7630;Totaal mannen en vrouwen;Totaal;Totaal burgerlijke staat;Diemen;1996;23464.0;23617.5
7631;Totaal mannen en vrouwen;Totaal;Totaal burgerlijke staat;Diemen;1997;23771.0;23805.0
7632;Totaal mannen en vrouwen;Totaal;Totaal burgerlijke staat;Diemen;1998;23839.0;23834.0
7633;Totaal mannen en vrouwen;Totaal;Totaal burgerlijke staat;Diemen;1999;23829.0;23818.0
7634;Totaal mannen en vrouwen;Totaal;Totaal burgerlijke staat;Diemen;2000;23807.0;23821.0
7635;Totaal mannen en vrouwen;Totaal;Totaal burgerlijke staat;Diemen;2001;23835.0;23903.0
7636;Totaal mannen en vrouwen;Totaal;Totaal burgerlijke staat;Diemen;2002;23971.0;24008.5
7637;Totaal mannen en vrouwen;Totaal;Totaal burgerlijke staat;Diemen;2003;24046.0;24047.5
7638;Totaal mannen en vrouwen;Totaal;Totaal burgerlijke staat;Diemen;2004;24049.0;23990.5
7639;Totaal mannen en vrouwen;Totaal;Totaal burgerlijke staat;Diemen;2005;23932.0;23883.0
7640;Totaal mannen en vrouwen;Totaal;Totaal burgerlijke staat;Diemen;2006;23834.0;23861.0
7641;Totaal mannen en vrouwen;Totaal;Totaal burgerlijke staat;Diemen;2007;23888.0;23967.0
7642;Totaal mannen en vrouwen;Totaal;Totaal burgerlijke staat;Diemen;2008;24046.0;24203.5
7643;Totaal mannen en vrouwen;Totaal;Totaal burgerlijke staat;Diemen;2009;24361.0;24523.0
7644;Totaal mannen en vrouwen;Totaal;Totaal burgerlijke staat;Diemen;2010;24685.0;24848.5
7645;Totaal mannen en vrouwen;Totaal;Totaal burgerlijke staat;Diemen;2011;25012.0;24973.5
7646;Totaal mannen en vrouwen;Totaal;Totaal burgerlijke staat;Diemen;2012;24935.0;25076.5
7647;Totaal mannen en vrouwen;Totaal;Totaal burgerlijke staat;Diemen;2013;25218.0;25574.0
7648;Totaal mannen en vrouwen;Totaal;Totaal burgerlijke staat;Diemen;2014;25930.0;26298.0
7649;Totaal mannen en vrouwen;Totaal;Totaal burgerlijke staat;Diemen;2015;26666.0;26753.0
7650;Totaal mannen en vrouwen;Totaal;Totaal burgerlijke staat;Diemen;2016;26840.0;27056.0
7651;Totaal mannen en vrouwen;Totaal;Totaal burgerlijke staat;Diemen;2017;27272.0;27696.5
7652;Totaal mannen en vrouwen;Totaal;Totaal burgerlijke staat;Diemen;2018;28121.0;28658.5
7653;Totaal mannen en vrouwen;Totaal;Totaal burgerlijke staat;Diemen;2019;29196.0;29988.0
7654;Totaal mannen en vrouwen;Totaal;Totaal burgerlijke staat;Diemen;2020;30780.0;31057.0
7655;Totaal mannen en vrouwen;Totaal;Totaal burgerlijke staat;Diemen;2021;31334.0;31578.0
7656;Totaal mannen en vrouwen;Totaal;Totaal burgerlijke staat;Diemen;2022;31822.0;32303.5
7657;Totaal mannen en vrouwen;Totaal;Totaal burgerlijke staat;Diemen;2023;32785.0;32881.0
7658;Totaal mannen en vrouwen;Totaal;Totaal burgerlijke staat;Diemen;2024;32977.0;
7659;Totaal mannen en vrouwen;Totaal;Totaal burgerlijke staat;Diepenheim;1988;2658.0;
7660;Totaal mannen en vrouwen;Totaal;Totaal burgerlijke staat;Diepenheim;1989;2658.0;
7661;Totaal mannen en vrouwen;Totaal;Totaal burgerlijke staat;Diepenheim;1990;2702.0;
7662;Totaal mannen en vrouwen;Totaal;Totaal burgerlijke staat;Diepenheim;1991;2702.0;
7663;Totaal mannen en vrouwen;Totaal;Totaal burgerlijke staat;Diepenheim;1992;2716.0;
7664;Totaal mannen en vrouwen;Totaal;Totaal burgerlijke staat;Diepenheim;1993;2728.0;
7665;Totaal mannen en vrouwen;Totaal;Totaal burgerlijke staat;Diepenheim;1994;2720.0;
7666;Totaal mannen en vrouwen;Totaal;Totaal burgerlijke staat;Diepenheim;1995;2681.0;2725.5
7667;Totaal mannen en vrouwen;Totaal;Totaal burgerlijke staat;Diepenheim;1996;2770.0;2769.0
7668;Totaal mannen en vrouwen;Totaal;Totaal burgerlijke staat;Diepenheim;1997;2768.0;2756.0
7669;Totaal mannen en vrouwen;Totaal;Totaal burgerlijke staat;Diepenheim;1998;2744.0;2748.5
7670;Totaal mannen en vrouwen;Totaal;Totaal burgerlijke staat;Diepenheim;1999;2753.0;2763.0
7671;Totaal mannen en vrouwen;Totaal;Totaal burgerlijke staat;Diepenheim;2000;2773.0;2763.5
7672;Totaal mannen en vrouwen;Totaal;Totaal burgerlijke staat;Diepenheim;2001;;
7673;Totaal mannen en vrouwen;Totaal;Totaal burgerlijke staat;Diepenheim;2002;;
7674;Totaal mannen en vrouwen;Totaal;Totaal burgerlijke staat;Diepenheim;2003;;
7675;Totaal mannen en vrouwen;Totaal;Totaal burgerlijke staat;Diepenheim;2004;;
7676;Totaal mannen en vrouwen;Totaal;Totaal burgerlijke staat;Diepenheim;2005;;
7677;Totaal mannen en vrouwen;Totaal;Totaal burgerlijke staat;Diepenheim;2006;;
7678;Totaal mannen en vrouwen;Totaal;Totaal burgerlijke staat;Diepenheim;2007;;
7679;Totaal mannen en vrouwen;Totaal;Totaal burgerlijke staat;Diepenheim;2008;;
7680;Totaal mannen en vrouwen;Totaal;Totaal burgerlijke staat;Diepenheim;2009;;
7681;Totaal mannen en vrouwen;Totaal;Totaal burgerlijke staat;Diepenheim;2010;;
7682;Totaal mannen en vrouwen;Totaal;Totaal burgerlijke staat;Diepenheim;2011;;
7683;Totaal mannen en vrouwen;Totaal;Totaal burgerlijke staat;Diepenheim;2012;;
7684;Totaal mannen en vrouwen;Totaal;Totaal burgerlijke staat;Diepenheim;2013;;
7685;Totaal mannen en vrouwen;Totaal;Totaal burgerlijke staat;Diepenheim;2014;;
7686;Totaal mannen en vrouwen;Totaal;Totaal burgerlijke staat;Diepenheim;2015;;
7687;Totaal mannen en vrouwen;Totaal;Totaal burgerlijke staat;Diepenheim;2016;;
7688;Totaal mannen en vrouwen;Totaal;Totaal burgerlijke staat;Diepenheim;2017;;
7689;Totaal mannen en vrouwen;Totaal;Totaal burgerlijke staat;Diepenheim;2018;;
7690;Totaal mannen en vrouwen;Totaal;Totaal burgerlijke staat;Diepenheim;2019;;
7691;Totaal mannen en vrouwen;Totaal;Totaal burgerlijke staat;Diepenheim;2020;;
7692;Totaal mannen en vrouwen;Totaal;Totaal burgerlijke staat;Diepenheim;2021;;
7693;Totaal mannen en vrouwen;Totaal;Totaal burgerlijke staat;Diepenheim;2022;;
7694;Totaal mannen en vrouwen;Totaal;Totaal burgerlijke staat;Diepenheim;2023;;
7695;Totaal mannen en vrouwen;Totaal;Totaal burgerlijke staat;Diepenheim;2024;;
7696;Totaal mannen en vrouwen;Totaal;Totaal burgerlijke staat;Diepenveen;1988;10329.0;
7697;Totaal mannen en vrouwen;Totaal;Totaal burgerlijke staat;Diepenveen;1989;10310.0;
7698;Totaal mannen en vrouwen;Totaal;Totaal burgerlijke staat;Diepenveen;1990;10285.0;
7699;Totaal mannen en vrouwen;Totaal;Totaal burgerlijke staat;Diepenveen;1991;10298.0;
7700;Totaal mannen en vrouwen;Totaal;Totaal burgerlijke staat;Diepenveen;1992;10329.0;
7701;Totaal mannen en vrouwen;Totaal;Totaal burgerlijke staat;Diepenveen;1993;10514.0;
7702;Totaal mannen en vrouwen;Totaal;Totaal burgerlijke staat;Diepenveen;1994;10605.0;
7703;Totaal mannen en vrouwen;Totaal;Totaal burgerlijke staat;Diepenveen;1995;10535.0;10539.0
7704;Totaal mannen en vrouwen;Totaal;Totaal burgerlijke staat;Diepenveen;1996;10543.0;10490.0
7705;Totaal mannen en vrouwen;Totaal;Totaal burgerlijke staat;Diepenveen;1997;10437.0;10483.5
7706;Totaal mannen en vrouwen;Totaal;Totaal burgerlijke staat;Diepenveen;1998;10530.0;10579.5
7707;Totaal mannen en vrouwen;Totaal;Totaal burgerlijke staat;Diepenveen;1999;;
7708;Totaal mannen en vrouwen;Totaal;Totaal burgerlijke staat;Diepenveen;2000;;
7709;Totaal mannen en vrouwen;Totaal;Totaal burgerlijke staat;Diepenveen;2001;;
7710;Totaal mannen en vrouwen;Totaal;Totaal burgerlijke staat;Diepenveen;2002;;
7711;Totaal mannen en vrouwen;Totaal;Totaal burgerlijke staat;Diepenveen;2003;;
7712;Totaal mannen en vrouwen;Totaal;Totaal burgerlijke staat;Diepenveen;2004;;
7713;Totaal mannen en vrouwen;Totaal;Totaal burgerlijke staat;Diepenveen;2005;;
7714;Totaal mannen en vrouwen;Totaal;Totaal burgerlijke staat;Diepenveen;2006;;
7715;Totaal mannen en vrouwen;Totaal;Totaal burgerlijke staat;Diepenveen;2007;;
7716;Totaal mannen en vrouwen;Totaal;Totaal burgerlijke staat;Diepenveen;2008;;
7717;Totaal mannen en vrouwen;Totaal;Totaal burgerlijke staat;Diepenveen;2009;;
7718;Totaal mannen en vrouwen;Totaal;Totaal burgerlijke staat;Diepenveen;2010;;
7719;Totaal mannen en vrouwen;Totaal;Totaal burgerlijke staat;Diepenveen;2011;;
7720;Totaal mannen en vrouwen;Totaal;Totaal burgerlijke staat;Diepenveen;2012;;
7721;Totaal mannen en vrouwen;Totaal;Totaal burgerlijke staat;Diepenveen;2013;;
7722;Totaal mannen en vrouwen;Totaal;Totaal burgerlijke staat;Diepenveen;2014;;
7723;Totaal mannen en vrouwen;Totaal;Totaal burgerlijke staat;Diepenveen;2015;;
7724;Totaal mannen en vrouwen;Totaal;Totaal burgerlijke staat;Diepenveen;2016;;
7725;Totaal mannen en vrouwen;Totaal;Totaal burgerlijke staat;Diepenveen;2017;;
7726;Totaal mannen en vrouwen;Totaal;Totaal burgerlijke staat;Diepenveen;2018;;
7727;Totaal mannen en vrouwen;Totaal;Totaal burgerlijke staat;Diepenveen;2019;;
7728;Totaal mannen en vrouwen;Totaal;Totaal burgerlijke staat;Diepenveen;2020;;
7729;Totaal mannen en vrouwen;Totaal;Totaal burgerlijke staat;Diepenveen;2021;;
7730;Totaal mannen en vrouwen;Totaal;Totaal burgerlijke staat;Diepenveen;2022;;
7731;Totaal mannen en vrouwen;Totaal;Totaal burgerlijke staat;Diepenveen;2023;;
7732;Totaal mannen en vrouwen;Totaal;Totaal burgerlijke staat;Diepenveen;2024;;
7733;Totaal mannen en vrouwen;Totaal;Totaal burgerlijke staat;Diessen;1988;3833.0;
7734;Totaal mannen en vrouwen;Totaal;Totaal burgerlijke staat;Diessen;1989;3922.0;
7735;Totaal mannen en vrouwen;Totaal;Totaal burgerlijke staat;Diessen;1990;3980.0;
7736;Totaal mannen en vrouwen;Totaal;Totaal burgerlijke staat;Diessen;1991;4020.0;
7737;Totaal mannen en vrouwen;Totaal;Totaal burgerlijke staat;Diessen;1992;4047.0;
7738;Totaal mannen en vrouwen;Totaal;Totaal burgerlijke staat;Diessen;1993;4079.0;
7739;Totaal mannen en vrouwen;Totaal;Totaal burgerlijke staat;Diessen;1994;4120.0;
7740;Totaal mannen en vrouwen;Totaal;Totaal burgerlijke staat;Diessen;1995;4166.0;4167.0
7741;Totaal mannen en vrouwen;Totaal;Totaal burgerlijke staat;Diessen;1996;4168.0;4196.5
7742;Totaal mannen en vrouwen;Totaal;Totaal burgerlijke staat;Diessen;1997;;
7743;Totaal mannen en vrouwen;Totaal;Totaal burgerlijke staat;Diessen;1998;;
7744;Totaal mannen en vrouwen;Totaal;Totaal burgerlijke staat;Diessen;1999;;
7745;Totaal mannen en vrouwen;Totaal;Totaal burgerlijke staat;Diessen;2000;;
7746;Totaal mannen en vrouwen;Totaal;Totaal burgerlijke staat;Diessen;2001;;
7747;Totaal mannen en vrouwen;Totaal;Totaal burgerlijke staat;Diessen;2002;;
7748;Totaal mannen en vrouwen;Totaal;Totaal burgerlijke staat;Diessen;2003;;
7749;Totaal mannen en vrouwen;Totaal;Totaal burgerlijke staat;Diessen;2004;;
7750;Totaal mannen en vrouwen;Totaal;Totaal burgerlijke staat;Diessen;2005;;
7751;Totaal mannen en vrouwen;Totaal;Totaal burgerlijke staat;Diessen;2006;;
7752;Totaal mannen en vrouwen;Totaal;Totaal burgerlijke staat;Diessen;2007;;
7753;Totaal mannen en vrouwen;Totaal;Totaal burgerlijke staat;Diessen;2008;;
7754;Totaal mannen en vrouwen;Totaal;Totaal burgerlijke staat;Diessen;2009;;
7755;Totaal mannen en vrouwen;Totaal;Totaal burgerlijke staat;Diessen;2010;;
7756;Totaal mannen en vrouwen;Totaal;Totaal burgerlijke staat;Diessen;2011;;
7757;Totaal mannen en vrouwen;Totaal;Totaal burgerlijke staat;Diessen;2012;;
7758;Totaal mannen en vrouwen;Totaal;Totaal burgerlijke staat;Diessen;2013;;
7759;Totaal mannen en vrouwen;Totaal;Totaal burgerlijke staat;Diessen;2014;;
7760;Totaal mannen en vrouwen;Totaal;Totaal burgerlijke staat;Diessen;2015;;
7761;Totaal mannen en vrouwen;Totaal;Totaal burgerlijke staat;Diessen;2016;;
7762;Totaal mannen en vrouwen;Totaal;Totaal burgerlijke staat;Diessen;2017;;
7763;Totaal mannen en vrouwen;Totaal;Totaal burgerlijke staat;Diessen;2018;;
7764;Totaal mannen en vrouwen;Totaal;Totaal burgerlijke staat;Diessen;2019;;
7765;Totaal mannen en vrouwen;Totaal;Totaal burgerlijke staat;Diessen;2020;;
7766;Totaal mannen en vrouwen;Totaal;Totaal burgerlijke staat;Diessen;2021;;
7767;Totaal mannen en vrouwen;Totaal;Totaal burgerlijke staat;Diessen;2022;;
7768;Totaal mannen en vrouwen;Totaal;Totaal burgerlijke staat;Diessen;2023;;
7769;Totaal mannen en vrouwen;Totaal;Totaal burgerlijke staat;Diessen;2024;;
7770;Totaal mannen en vrouwen;Totaal;Totaal burgerlijke staat;Diever;1988;3547.0;
7771;Totaal mannen en vrouwen;Totaal;Totaal burgerlijke staat;Diever;1989;3557.0;
7772;Totaal mannen en vrouwen;Totaal;Totaal burgerlijke staat;Diever;1990;3567.0;
7773;Totaal mannen en vrouwen;Totaal;Totaal burgerlijke staat;Diever;1991;3571.0;
7774;Totaal mannen en vrouwen;Totaal;Totaal burgerlijke staat;Diever;1992;3562.0;
7775;Totaal mannen en vrouwen;Totaal;Totaal burgerlijke staat;Diever;1993;3615.0;
7776;Totaal mannen en vrouwen;Totaal;Totaal burgerlijke staat;Diever;1994;3672.0;
7777;Totaal mannen en vrouwen;Totaal;Totaal burgerlijke staat;Diever;1995;3685.0;3696.5
7778;Totaal mannen en vrouwen;Totaal;Totaal burgerlijke staat;Diever;1996;3708.0;3764.5
7779;Totaal mannen en vrouwen;Totaal;Totaal burgerlijke staat;Diever;1997;3821.0;3827.5
7780;Totaal mannen en vrouwen;Totaal;Totaal burgerlijke staat;Diever;1998;;
7781;Totaal mannen en vrouwen;Totaal;Totaal burgerlijke staat;Diever;1999;;
7782;Totaal mannen en vrouwen;Totaal;Totaal burgerlijke staat;Diever;2000;;
7783;Totaal mannen en vrouwen;Totaal;Totaal burgerlijke staat;Diever;2001;;
7784;Totaal mannen en vrouwen;Totaal;Totaal burgerlijke staat;Diever;2002;;
7785;Totaal mannen en vrouwen;Totaal;Totaal burgerlijke staat;Diever;2003;;
7786;Totaal mannen en vrouwen;Totaal;Totaal burgerlijke staat;Diever;2004;;
7787;Totaal mannen en vrouwen;Totaal;Totaal burgerlijke staat;Diever;2005;;
7788;Totaal mannen en vrouwen;Totaal;Totaal burgerlijke staat;Diever;2006;;
7789;Totaal mannen en vrouwen;Totaal;Totaal burgerlijke staat;Diever;2007;;
7790;Totaal mannen en vrouwen;Totaal;Totaal burgerlijke staat;Diever;2008;;
7791;Totaal mannen en vrouwen;Totaal;Totaal burgerlijke staat;Diever;2009;;
7792;Totaal mannen en vrouwen;Totaal;Totaal burgerlijke staat;Diever;2010;;
7793;Totaal mannen en vrouwen;Totaal;Totaal burgerlijke staat;Diever;2011;;
7794;Totaal mannen en vrouwen;Totaal;Totaal burgerlijke staat;Diever;2012;;
7795;Totaal mannen en vrouwen;Totaal;Totaal burgerlijke staat;Diever;2013;;
7796;Totaal mannen en vrouwen;Totaal;Totaal burgerlijke staat;Diever;2014;;
7797;Totaal mannen en vrouwen;Totaal;Totaal burgerlijke staat;Diever;2015;;
7798;Totaal mannen en vrouwen;Totaal;Totaal burgerlijke staat;Diever;2016;;
7799;Totaal mannen en vrouwen;Totaal;Totaal burgerlijke staat;Diever;2017;;
7800;Totaal mannen en vrouwen;Totaal;Totaal burgerlijke staat;Diever;2018;;
7801;Totaal mannen en vrouwen;Totaal;Totaal burgerlijke staat;Diever;2019;;
7802;Totaal mannen en vrouwen;Totaal;Totaal burgerlijke staat;Diever;2020;;
7803;Totaal mannen en vrouwen;Totaal;Totaal burgerlijke staat;Diever;2021;;
7804;Totaal mannen en vrouwen;Totaal;Totaal burgerlijke staat;Diever;2022;;
7805;Totaal mannen en vrouwen;Totaal;Totaal burgerlijke staat;Diever;2023;;
7806;Totaal mannen en vrouwen;Totaal;Totaal burgerlijke staat;Diever;2024;;
7807;Totaal mannen en vrouwen;Totaal;Totaal burgerlijke staat;Dijk en Waard;1988;;
7808;Totaal mannen en vrouwen;Totaal;Totaal burgerlijke staat;Dijk en Waard;1989;;
7809;Totaal mannen en vrouwen;Totaal;Totaal burgerlijke staat;Dijk en Waard;1990;;
7810;Totaal mannen en vrouwen;Totaal;Totaal burgerlijke staat;Dijk en Waard;1991;;
7811;Totaal mannen en vrouwen;Totaal;Totaal burgerlijke staat;Dijk en Waard;1992;;
7812;Totaal mannen en vrouwen;Totaal;Totaal burgerlijke staat;Dijk en Waard;1993;;
7813;Totaal mannen en vrouwen;Totaal;Totaal burgerlijke staat;Dijk en Waard;1994;;
7814;Totaal mannen en vrouwen;Totaal;Totaal burgerlijke staat;Dijk en Waard;1995;;
7815;Totaal mannen en vrouwen;Totaal;Totaal burgerlijke staat;Dijk en Waard;1996;;
7816;Totaal mannen en vrouwen;Totaal;Totaal burgerlijke staat;Dijk en Waard;1997;;
7817;Totaal mannen en vrouwen;Totaal;Totaal burgerlijke staat;Dijk en Waard;1998;;
7818;Totaal mannen en vrouwen;Totaal;Totaal burgerlijke staat;Dijk en Waard;1999;;
7819;Totaal mannen en vrouwen;Totaal;Totaal burgerlijke staat;Dijk en Waard;2000;;
7820;Totaal mannen en vrouwen;Totaal;Totaal burgerlijke staat;Dijk en Waard;2001;;
7821;Totaal mannen en vrouwen;Totaal;Totaal burgerlijke staat;Dijk en Waard;2002;;
7822;Totaal mannen en vrouwen;Totaal;Totaal burgerlijke staat;Dijk en Waard;2003;;
7823;Totaal mannen en vrouwen;Totaal;Totaal burgerlijke staat;Dijk en Waard;2004;;
7824;Totaal mannen en vrouwen;Totaal;Totaal burgerlijke staat;Dijk en Waard;2005;;
7825;Totaal mannen en vrouwen;Totaal;Totaal burgerlijke staat;Dijk en Waard;2006;;
7826;Totaal mannen en vrouwen;Totaal;Totaal burgerlijke staat;Dijk en Waard;2007;;
7827;Totaal mannen en vrouwen;Totaal;Totaal burgerlijke staat;Dijk en Waard;2008;;
7828;Totaal mannen en vrouwen;Totaal;Totaal burgerlijke staat;Dijk en Waard;2009;;
7829;Totaal mannen en vrouwen;Totaal;Totaal burgerlijke staat;Dijk en Waard;2010;;
7830;Totaal mannen en vrouwen;Totaal;Totaal burgerlijke staat;Dijk en Waard;2011;;
7831;Totaal mannen en vrouwen;Totaal;Totaal burgerlijke staat;Dijk en Waard;2012;;
7832;Totaal mannen en vrouwen;Totaal;Totaal burgerlijke staat;Dijk en Waard;2013;;
7833;Totaal mannen en vrouwen;Totaal;Totaal burgerlijke staat;Dijk en Waard;2014;;
7834;Totaal mannen en vrouwen;Totaal;Totaal burgerlijke staat;Dijk en Waard;2015;;
7835;Totaal mannen en vrouwen;Totaal;Totaal burgerlijke staat;Dijk en Waard;2016;;
7836;Totaal mannen en vrouwen;Totaal;Totaal burgerlijke staat;Dijk en Waard;2017;;
7837;Totaal mannen en vrouwen;Totaal;Totaal burgerlijke staat;Dijk en Waard;2018;;
7838;Totaal mannen en vrouwen;Totaal;Totaal burgerlijke staat;Dijk en Waard;2019;;
7839;Totaal mannen en vrouwen;Totaal;Totaal burgerlijke staat;Dijk en Waard;2020;;
7840;Totaal mannen en vrouwen;Totaal;Totaal burgerlijke staat;Dijk en Waard;2021;;
7841;Totaal mannen en vrouwen;Totaal;Totaal burgerlijke staat;Dijk en Waard;2022;87695.0;88340.0
7842;Totaal mannen en vrouwen;Totaal;Totaal burgerlijke staat;Dijk en Waard;2023;88985.0;89530.5
7843;Totaal mannen en vrouwen;Totaal;Totaal burgerlijke staat;Dijk en Waard;2024;90076.0;
7844;Totaal mannen en vrouwen;Totaal;Totaal burgerlijke staat;Dinkelland;1988;;
7845;Totaal mannen en vrouwen;Totaal;Totaal burgerlijke staat;Dinkelland;1989;;
7846;Totaal mannen en vrouwen;Totaal;Totaal burgerlijke staat;Dinkelland;1990;;
7847;Totaal mannen en vrouwen;Totaal;Totaal burgerlijke staat;Dinkelland;1991;;
7848;Totaal mannen en vrouwen;Totaal;Totaal burgerlijke staat;Dinkelland;1992;;
7849;Totaal mannen en vrouwen;Totaal;Totaal burgerlijke staat;Dinkelland;1993;;
7850;Totaal mannen en vrouwen;Totaal;Totaal burgerlijke staat;Dinkelland;1994;;
7851;Totaal mannen en vrouwen;Totaal;Totaal burgerlijke staat;Dinkelland;1995;;
7852;Totaal mannen en vrouwen;Totaal;Totaal burgerlijke staat;Dinkelland;1996;;
7853;Totaal mannen en vrouwen;Totaal;Totaal burgerlijke staat;Dinkelland;1997;;
7854;Totaal mannen en vrouwen;Totaal;Totaal burgerlijke staat;Dinkelland;1998;;
7855;Totaal mannen en vrouwen;Totaal;Totaal burgerlijke staat;Dinkelland;1999;;
7856;Totaal mannen en vrouwen;Totaal;Totaal burgerlijke staat;Dinkelland;2000;;
7857;Totaal mannen en vrouwen;Totaal;Totaal burgerlijke staat;Dinkelland;2001;;
7858;Totaal mannen en vrouwen;Totaal;Totaal burgerlijke staat;Dinkelland;2002;;
7859;Totaal mannen en vrouwen;Totaal;Totaal burgerlijke staat;Dinkelland;2003;25997.0;26045.5
7860;Totaal mannen en vrouwen;Totaal;Totaal burgerlijke staat;Dinkelland;2004;26094.0;26098.5
7861;Totaal mannen en vrouwen;Totaal;Totaal burgerlijke staat;Dinkelland;2005;26103.0;26097.5
7862;Totaal mannen en vrouwen;Totaal;Totaal burgerlijke staat;Dinkelland;2006;26092.0;26076.5
7863;Totaal mannen en vrouwen;Totaal;Totaal burgerlijke staat;Dinkelland;2007;26061.0;26088.5
7864;Totaal mannen en vrouwen;Totaal;Totaal burgerlijke staat;Dinkelland;2008;26116.0;26091.0
7865;Totaal mannen en vrouwen;Totaal;Totaal burgerlijke staat;Dinkelland;2009;26066.0;26062.0
7866;Totaal mannen en vrouwen;Totaal;Totaal burgerlijke staat;Dinkelland;2010;26058.0;26062.5
7867;Totaal mannen en vrouwen;Totaal;Totaal burgerlijke staat;Dinkelland;2011;26067.0;26070.0
7868;Totaal mannen en vrouwen;Totaal;Totaal burgerlijke staat;Dinkelland;2012;26073.0;26064.5
7869;Totaal mannen en vrouwen;Totaal;Totaal burgerlijke staat;Dinkelland;2013;26056.0;26001.5
7870;Totaal mannen en vrouwen;Totaal;Totaal burgerlijke staat;Dinkelland;2014;25947.0;25937.5
7871;Totaal mannen en vrouwen;Totaal;Totaal burgerlijke staat;Dinkelland;2015;25928.0;26024.0
7872;Totaal mannen en vrouwen;Totaal;Totaal burgerlijke staat;Dinkelland;2016;26120.0;26182.0
7873;Totaal mannen en vrouwen;Totaal;Totaal burgerlijke staat;Dinkelland;2017;26244.0;26267.5
7874;Totaal mannen en vrouwen;Totaal;Totaal burgerlijke staat;Dinkelland;2018;26291.0;26320.5
7875;Totaal mannen en vrouwen;Totaal;Totaal burgerlijke staat;Dinkelland;2019;26350.0;26405.5
7876;Totaal mannen en vrouwen;Totaal;Totaal burgerlijke staat;Dinkelland;2020;26461.0;26533.5
7877;Totaal mannen en vrouwen;Totaal;Totaal burgerlijke staat;Dinkelland;2021;26606.0;26600.0
7878;Totaal mannen en vrouwen;Totaal;Totaal burgerlijke staat;Dinkelland;2022;26594.0;26668.5
7879;Totaal mannen en vrouwen;Totaal;Totaal burgerlijke staat;Dinkelland;2023;26743.0;26741.0
7880;Totaal mannen en vrouwen;Totaal;Totaal burgerlijke staat;Dinkelland;2024;26739.0;
7881;Totaal mannen en vrouwen;Totaal;Totaal burgerlijke staat;Dinteloord en Prinsenland;1988;5524.0;
7882;Totaal mannen en vrouwen;Totaal;Totaal burgerlijke staat;Dinteloord en Prinsenland;1989;5507.0;
7883;Totaal mannen en vrouwen;Totaal;Totaal burgerlijke staat;Dinteloord en Prinsenland;1990;5477.0;
7884;Totaal mannen en vrouwen;Totaal;Totaal burgerlijke staat;Dinteloord en Prinsenland;1991;5444.0;
7885;Totaal mannen en vrouwen;Totaal;Totaal burgerlijke staat;Dinteloord en Prinsenland;1992;5470.0;
7886;Totaal mannen en vrouwen;Totaal;Totaal burgerlijke staat;Dinteloord en Prinsenland;1993;5535.0;
7887;Totaal mannen en vrouwen;Totaal;Totaal burgerlijke staat;Dinteloord en Prinsenland;1994;5603.0;
7888;Totaal mannen en vrouwen;Totaal;Totaal burgerlijke staat;Dinteloord en Prinsenland;1995;5673.0;5717.0
7889;Totaal mannen en vrouwen;Totaal;Totaal burgerlijke staat;Dinteloord en Prinsenland;1996;5761.0;5761.0
7890;Totaal mannen en vrouwen;Totaal;Totaal burgerlijke staat;Dinteloord en Prinsenland;1997;;
7891;Totaal mannen en vrouwen;Totaal;Totaal burgerlijke staat;Dinteloord en Prinsenland;1998;;
7892;Totaal mannen en vrouwen;Totaal;Totaal burgerlijke staat;Dinteloord en Prinsenland;1999;;
7893;Totaal mannen en vrouwen;Totaal;Totaal burgerlijke staat;Dinteloord en Prinsenland;2000;;
7894;Totaal mannen en vrouwen;Totaal;Totaal burgerlijke staat;Dinteloord en Prinsenland;2001;;
7895;Totaal mannen en vrouwen;Totaal;Totaal burgerlijke staat;Dinteloord en Prinsenland;2002;;
7896;Totaal mannen en vrouwen;Totaal;Totaal burgerlijke staat;Dinteloord en Prinsenland;2003;;
7897;Totaal mannen en vrouwen;Totaal;Totaal burgerlijke staat;Dinteloord en Prinsenland;2004;;
7898;Totaal mannen en vrouwen;Totaal;Totaal burgerlijke staat;Dinteloord en Prinsenland;2005;;
7899;Totaal mannen en vrouwen;Totaal;Totaal burgerlijke staat;Dinteloord en Prinsenland;2006;;
7900;Totaal mannen en vrouwen;Totaal;Totaal burgerlijke staat;Dinteloord en Prinsenland;2007;;
7901;Totaal mannen en vrouwen;Totaal;Totaal burgerlijke staat;Dinteloord en Prinsenland;2008;;
7902;Totaal mannen en vrouwen;Totaal;Totaal burgerlijke staat;Dinteloord en Prinsenland;2009;;
7903;Totaal mannen en vrouwen;Totaal;Totaal burgerlijke staat;Dinteloord en Prinsenland;2010;;
7904;Totaal mannen en vrouwen;Totaal;Totaal burgerlijke staat;Dinteloord en Prinsenland;2011;;
7905;Totaal mannen en vrouwen;Totaal;Totaal burgerlijke staat;Dinteloord en Prinsenland;2012;;
7906;Totaal mannen en vrouwen;Totaal;Totaal burgerlijke staat;Dinteloord en Prinsenland;2013;;
7907;Totaal mannen en vrouwen;Totaal;Totaal burgerlijke staat;Dinteloord en Prinsenland;2014;;
7908;Totaal mannen en vrouwen;Totaal;Totaal burgerlijke staat;Dinteloord en Prinsenland;2015;;
7909;Totaal mannen en vrouwen;Totaal;Totaal burgerlijke staat;Dinteloord en Prinsenland;2016;;
7910;Totaal mannen en vrouwen;Totaal;Totaal burgerlijke staat;Dinteloord en Prinsenland;2017;;
7911;Totaal mannen en vrouwen;Totaal;Totaal burgerlijke staat;Dinteloord en Prinsenland;2018;;
7912;Totaal mannen en vrouwen;Totaal;Totaal burgerlijke staat;Dinteloord en Prinsenland;2019;;
7913;Totaal mannen en vrouwen;Totaal;Totaal burgerlijke staat;Dinteloord en Prinsenland;2020;;
7914;Totaal mannen en vrouwen;Totaal;Totaal burgerlijke staat;Dinteloord en Prinsenland;2021;;
7915;Totaal mannen en vrouwen;Totaal;Totaal burgerlijke staat;Dinteloord en Prinsenland;2022;;
7916;Totaal mannen en vrouwen;Totaal;Totaal burgerlijke staat;Dinteloord en Prinsenland;2023;;
7917;Totaal mannen en vrouwen;Totaal;Totaal burgerlijke staat;Dinteloord en Prinsenland;2024;;
7918;Totaal mannen en vrouwen;Totaal;Totaal burgerlijke staat;Dinxperlo;1988;8053.0;
7919;Totaal mannen en vrouwen;Totaal;Totaal burgerlijke staat;Dinxperlo;1989;8133.0;
7920;Totaal mannen en vrouwen;Totaal;Totaal burgerlijke staat;Dinxperlo;1990;8171.0;
7921;Totaal mannen en vrouwen;Totaal;Totaal burgerlijke staat;Dinxperlo;1991;8231.0;
7922;Totaal mannen en vrouwen;Totaal;Totaal burgerlijke staat;Dinxperlo;1992;8336.0;
7923;Totaal mannen en vrouwen;Totaal;Totaal burgerlijke staat;Dinxperlo;1993;8343.0;
7924;Totaal mannen en vrouwen;Totaal;Totaal burgerlijke staat;Dinxperlo;1994;8399.0;
7925;Totaal mannen en vrouwen;Totaal;Totaal burgerlijke staat;Dinxperlo;1995;8515.0;8599.0
7926;Totaal mannen en vrouwen;Totaal;Totaal burgerlijke staat;Dinxperlo;1996;8683.0;8665.0
7927;Totaal mannen en vrouwen;Totaal;Totaal burgerlijke staat;Dinxperlo;1997;8647.0;8657.0
7928;Totaal mannen en vrouwen;Totaal;Totaal burgerlijke staat;Dinxperlo;1998;8667.0;8636.0
7929;Totaal mannen en vrouwen;Totaal;Totaal burgerlijke staat;Dinxperlo;1999;8605.0;8618.0
7930;Totaal mannen en vrouwen;Totaal;Totaal burgerlijke staat;Dinxperlo;2000;8631.0;8598.0
7931;Totaal mannen en vrouwen;Totaal;Totaal burgerlijke staat;Dinxperlo;2001;8565.0;8568.5
7932;Totaal mannen en vrouwen;Totaal;Totaal burgerlijke staat;Dinxperlo;2002;8572.0;8577.0
7933;Totaal mannen en vrouwen;Totaal;Totaal burgerlijke staat;Dinxperlo;2003;8582.0;8575.5
7934;Totaal mannen en vrouwen;Totaal;Totaal burgerlijke staat;Dinxperlo;2004;8569.0;8540.0
7935;Totaal mannen en vrouwen;Totaal;Totaal burgerlijke staat;Dinxperlo;2005;;
7936;Totaal mannen en vrouwen;Totaal;Totaal burgerlijke staat;Dinxperlo;2006;;
7937;Totaal mannen en vrouwen;Totaal;Totaal burgerlijke staat;Dinxperlo;2007;;
7938;Totaal mannen en vrouwen;Totaal;Totaal burgerlijke staat;Dinxperlo;2008;;
7939;Totaal mannen en vrouwen;Totaal;Totaal burgerlijke staat;Dinxperlo;2009;;
7940;Totaal mannen en vrouwen;Totaal;Totaal burgerlijke staat;Dinxperlo;2010;;
7941;Totaal mannen en vrouwen;Totaal;Totaal burgerlijke staat;Dinxperlo;2011;;
7942;Totaal mannen en vrouwen;Totaal;Totaal burgerlijke staat;Dinxperlo;2012;;
7943;Totaal mannen en vrouwen;Totaal;Totaal burgerlijke staat;Dinxperlo;2013;;
7944;Totaal mannen en vrouwen;Totaal;Totaal burgerlijke staat;Dinxperlo;2014;;
7945;Totaal mannen en vrouwen;Totaal;Totaal burgerlijke staat;Dinxperlo;2015;;
7946;Totaal mannen en vrouwen;Totaal;Totaal burgerlijke staat;Dinxperlo;2016;;
7947;Totaal mannen en vrouwen;Totaal;Totaal burgerlijke staat;Dinxperlo;2017;;
7948;Totaal mannen en vrouwen;Totaal;Totaal burgerlijke staat;Dinxperlo;2018;;
7949;Totaal mannen en vrouwen;Totaal;Totaal burgerlijke staat;Dinxperlo;2019;;
7950;Totaal mannen en vrouwen;Totaal;Totaal burgerlijke staat;Dinxperlo;2020;;
7951;Totaal mannen en vrouwen;Totaal;Totaal burgerlijke staat;Dinxperlo;2021;;
7952;Totaal mannen en vrouwen;Totaal;Totaal burgerlijke staat;Dinxperlo;2022;;
7953;Totaal mannen en vrouwen;Totaal;Totaal burgerlijke staat;Dinxperlo;2023;;
7954;Totaal mannen en vrouwen;Totaal;Totaal burgerlijke staat;Dinxperlo;2024;;
7955;Totaal mannen en vrouwen;Totaal;Totaal burgerlijke staat;Dirksland;1988;7269.0;
7956;Totaal mannen en vrouwen;Totaal;Totaal burgerlijke staat;Dirksland;1989;7341.0;
7957;Totaal mannen en vrouwen;Totaal;Totaal burgerlijke staat;Dirksland;1990;7407.0;
7958;Totaal mannen en vrouwen;Totaal;Totaal burgerlijke staat;Dirksland;1991;7400.0;
7959;Totaal mannen en vrouwen;Totaal;Totaal burgerlijke staat;Dirksland;1992;7454.0;
7960;Totaal mannen en vrouwen;Totaal;Totaal burgerlijke staat;Dirksland;1993;7577.0;
7961;Totaal mannen en vrouwen;Totaal;Totaal burgerlijke staat;Dirksland;1994;7609.0;
7962;Totaal mannen en vrouwen;Totaal;Totaal burgerlijke staat;Dirksland;1995;7721.0;7806.0
7963;Totaal mannen en vrouwen;Totaal;Totaal burgerlijke staat;Dirksland;1996;7891.0;7875.5
7964;Totaal mannen en vrouwen;Totaal;Totaal burgerlijke staat;Dirksland;1997;7860.0;7914.0
7965;Totaal mannen en vrouwen;Totaal;Totaal burgerlijke staat;Dirksland;1998;7968.0;8055.0
7966;Totaal mannen en vrouwen;Totaal;Totaal burgerlijke staat;Dirksland;1999;8142.0;8156.5
7967;Totaal mannen en vrouwen;Totaal;Totaal burgerlijke staat;Dirksland;2000;8171.0;8185.0
7968;Totaal mannen en vrouwen;Totaal;Totaal burgerlijke staat;Dirksland;2001;8199.0;8231.0
7969;Totaal mannen en vrouwen;Totaal;Totaal burgerlijke staat;Dirksland;2002;8263.0;8259.5
7970;Totaal mannen en vrouwen;Totaal;Totaal burgerlijke staat;Dirksland;2003;8256.0;8262.5
7971;Totaal mannen en vrouwen;Totaal;Totaal burgerlijke staat;Dirksland;2004;8269.0;8283.5
7972;Totaal mannen en vrouwen;Totaal;Totaal burgerlijke staat;Dirksland;2005;8298.0;8307.0
7973;Totaal mannen en vrouwen;Totaal;Totaal burgerlijke staat;Dirksland;2006;8316.0;8318.5
7974;Totaal mannen en vrouwen;Totaal;Totaal burgerlijke staat;Dirksland;2007;8321.0;8322.5
7975;Totaal mannen en vrouwen;Totaal;Totaal burgerlijke staat;Dirksland;2008;8324.0;8335.5
7976;Totaal mannen en vrouwen;Totaal;Totaal burgerlijke staat;Dirksland;2009;8347.0;8393.0
7977;Totaal mannen en vrouwen;Totaal;Totaal burgerlijke staat;Dirksland;2010;8439.0;8423.5
7978;Totaal mannen en vrouwen;Totaal;Totaal burgerlijke staat;Dirksland;2011;8408.0;8442.0
7979;Totaal mannen en vrouwen;Totaal;Totaal burgerlijke staat;Dirksland;2012;8476.0;8501.0
7980;Totaal mannen en vrouwen;Totaal;Totaal burgerlijke staat;Dirksland;2013;;
7981;Totaal mannen en vrouwen;Totaal;Totaal burgerlijke staat;Dirksland;2014;;
7982;Totaal mannen en vrouwen;Totaal;Totaal burgerlijke staat;Dirksland;2015;;
7983;Totaal mannen en vrouwen;Totaal;Totaal burgerlijke staat;Dirksland;2016;;
7984;Totaal mannen en vrouwen;Totaal;Totaal burgerlijke staat;Dirksland;2017;;
7985;Totaal mannen en vrouwen;Totaal;Totaal burgerlijke staat;Dirksland;2018;;
7986;Totaal mannen en vrouwen;Totaal;Totaal burgerlijke staat;Dirksland;2019;;
7987;Totaal mannen en vrouwen;Totaal;Totaal burgerlijke staat;Dirksland;2020;;
7988;Totaal mannen en vrouwen;Totaal;Totaal burgerlijke staat;Dirksland;2021;;
7989;Totaal mannen en vrouwen;Totaal;Totaal burgerlijke staat;Dirksland;2022;;
7990;Totaal mannen en vrouwen;Totaal;Totaal burgerlijke staat;Dirksland;2023;;
7991;Totaal mannen en vrouwen;Totaal;Totaal burgerlijke staat;Dirksland;2024;;
7992;Totaal mannen en vrouwen;Totaal;Totaal burgerlijke staat;Dodewaard;1988;4011.0;
7993;Totaal mannen en vrouwen;Totaal;Totaal burgerlijke staat;Dodewaard;1989;4010.0;
7994;Totaal mannen en vrouwen;Totaal;Totaal burgerlijke staat;Dodewaard;1990;4027.0;
7995;Totaal mannen en vrouwen;Totaal;Totaal burgerlijke staat;Dodewaard;1991;4010.0;
7996;Totaal mannen en vrouwen;Totaal;Totaal burgerlijke staat;Dodewaard;1992;4000.0;
7997;Totaal mannen en vrouwen;Totaal;Totaal burgerlijke staat;Dodewaard;1993;4035.0;
7998;Totaal mannen en vrouwen;Totaal;Totaal burgerlijke staat;Dodewaard;1994;4051.0;
7999;Totaal mannen en vrouwen;Totaal;Totaal burgerlijke staat;Dodewaard;1995;4123.0;4143.0
8000;Totaal mannen en vrouwen;Totaal;Totaal burgerlijke staat;Dodewaard;1996;4163.0;4157.0
8001;Totaal mannen en vrouwen;Totaal;Totaal burgerlijke staat;Dodewaard;1997;4151.0;4228.5
8002;Totaal mannen en vrouwen;Totaal;Totaal burgerlijke staat;Dodewaard;1998;4306.0;4354.0
8003;Totaal mannen en vrouwen;Totaal;Totaal burgerlijke staat;Dodewaard;1999;4402.0;4423.5
8004;Totaal mannen en vrouwen;Totaal;Totaal burgerlijke staat;Dodewaard;2000;4445.0;4486.5
8005;Totaal mannen en vrouwen;Totaal;Totaal burgerlijke staat;Dodewaard;2001;4528.0;4519.5
8006;Totaal mannen en vrouwen;Totaal;Totaal burgerlijke staat;Dodewaard;2002;;
8007;Totaal mannen en vrouwen;Totaal;Totaal burgerlijke staat;Dodewaard;2003;;
8008;Totaal mannen en vrouwen;Totaal;Totaal burgerlijke staat;Dodewaard;2004;;
8009;Totaal mannen en vrouwen;Totaal;Totaal burgerlijke staat;Dodewaard;2005;;
8010;Totaal mannen en vrouwen;Totaal;Totaal burgerlijke staat;Dodewaard;2006;;
8011;Totaal mannen en vrouwen;Totaal;Totaal burgerlijke staat;Dodewaard;2007;;
8012;Totaal mannen en vrouwen;Totaal;Totaal burgerlijke staat;Dodewaard;2008;;
8013;Totaal mannen en vrouwen;Totaal;Totaal burgerlijke staat;Dodewaard;2009;;
8014;Totaal mannen en vrouwen;Totaal;Totaal burgerlijke staat;Dodewaard;2010;;
8015;Totaal mannen en vrouwen;Totaal;Totaal burgerlijke staat;Dodewaard;2011;;
8016;Totaal mannen en vrouwen;Totaal;Totaal burgerlijke staat;Dodewaard;2012;;
8017;Totaal mannen en vrouwen;Totaal;Totaal burgerlijke staat;Dodewaard;2013;;
8018;Totaal mannen en vrouwen;Totaal;Totaal burgerlijke staat;Dodewaard;2014;;
8019;Totaal mannen en vrouwen;Totaal;Totaal burgerlijke staat;Dodewaard;2015;;
8020;Totaal mannen en vrouwen;Totaal;Totaal burgerlijke staat;Dodewaard;2016;;
8021;Totaal mannen en vrouwen;Totaal;Totaal burgerlijke staat;Dodewaard;2017;;
8022;Totaal mannen en vrouwen;Totaal;Totaal burgerlijke staat;Dodewaard;2018;;
8023;Totaal mannen en vrouwen;Totaal;Totaal burgerlijke staat;Dodewaard;2019;;
8024;Totaal mannen en vrouwen;Totaal;Totaal burgerlijke staat;Dodewaard;2020;;
8025;Totaal mannen en vrouwen;Totaal;Totaal burgerlijke staat;Dodewaard;2021;;
8026;Totaal mannen en vrouwen;Totaal;Totaal burgerlijke staat;Dodewaard;2022;;
8027;Totaal mannen en vrouwen;Totaal;Totaal burgerlijke staat;Dodewaard;2023;;
8028;Totaal mannen en vrouwen;Totaal;Totaal burgerlijke staat;Dodewaard;2024;;
8029;Totaal mannen en vrouwen;Totaal;Totaal burgerlijke staat;Doesburg;1988;10518.0;
8030;Totaal mannen en vrouwen;Totaal;Totaal burgerlijke staat;Doesburg;1989;10578.0;
8031;Totaal mannen en vrouwen;Totaal;Totaal burgerlijke staat;Doesburg;1990;10591.0;
8032;Totaal mannen en vrouwen;Totaal;Totaal burgerlijke staat;Doesburg;1991;10589.0;
8033;Totaal mannen en vrouwen;Totaal;Totaal burgerlijke staat;Doesburg;1992;10665.0;
8034;Totaal mannen en vrouwen;Totaal;Totaal burgerlijke staat;Doesburg;1993;10746.0;
8035;Totaal mannen en vrouwen;Totaal;Totaal burgerlijke staat;Doesburg;1994;10793.0;
8036;Totaal mannen en vrouwen;Totaal;Totaal burgerlijke staat;Doesburg;1995;10771.0;10814.0
8037;Totaal mannen en vrouwen;Totaal;Totaal burgerlijke staat;Doesburg;1996;10857.0;10882.5
8038;Totaal mannen en vrouwen;Totaal;Totaal burgerlijke staat;Doesburg;1997;10908.0;11000.0
8039;Totaal mannen en vrouwen;Totaal;Totaal burgerlijke staat;Doesburg;1998;11092.0;11231.0
8040;Totaal mannen en vrouwen;Totaal;Totaal burgerlijke staat;Doesburg;1999;11370.0;11402.0
8041;Totaal mannen en vrouwen;Totaal;Totaal burgerlijke staat;Doesburg;2000;11434.0;11476.0
8042;Totaal mannen en vrouwen;Totaal;Totaal burgerlijke staat;Doesburg;2001;11518.0;11497.0
8043;Totaal mannen en vrouwen;Totaal;Totaal burgerlijke staat;Doesburg;2002;11476.0;11444.0
8044;Totaal mannen en vrouwen;Totaal;Totaal burgerlijke staat;Doesburg;2003;11412.0;11429.0
8045;Totaal mannen en vrouwen;Totaal;Totaal burgerlijke staat;Doesburg;2004;11446.0;11413.5
8046;Totaal mannen en vrouwen;Totaal;Totaal burgerlijke staat;Doesburg;2005;11381.0;11460.0
8047;Totaal mannen en vrouwen;Totaal;Totaal burgerlijke staat;Doesburg;2006;11539.0;11566.0
8048;Totaal mannen en vrouwen;Totaal;Totaal burgerlijke staat;Doesburg;2007;11593.0;11580.0
8049;Totaal mannen en vrouwen;Totaal;Totaal burgerlijke staat;Doesburg;2008;11567.0;11535.0
8050;Totaal mannen en vrouwen;Totaal;Totaal burgerlijke staat;Doesburg;2009;11503.0;11551.5
8051;Totaal mannen en vrouwen;Totaal;Totaal burgerlijke staat;Doesburg;2010;11600.0;11618.0
8052;Totaal mannen en vrouwen;Totaal;Totaal burgerlijke staat;Doesburg;2011;11636.0;11617.0
8053;Totaal mannen en vrouwen;Totaal;Totaal burgerlijke staat;Doesburg;2012;11598.0;11568.5
8054;Totaal mannen en vrouwen;Totaal;Totaal burgerlijke staat;Doesburg;2013;11539.0;11488.0
8055;Totaal mannen en vrouwen;Totaal;Totaal burgerlijke staat;Doesburg;2014;11437.0;11396.0
8056;Totaal mannen en vrouwen;Totaal;Totaal burgerlijke staat;Doesburg;2015;11355.0;11345.5
8057;Totaal mannen en vrouwen;Totaal;Totaal burgerlijke staat;Doesburg;2016;11336.0;11338.5
8058;Totaal mannen en vrouwen;Totaal;Totaal burgerlijke staat;Doesburg;2017;11341.0;11334.5
8059;Totaal mannen en vrouwen;Totaal;Totaal burgerlijke staat;Doesburg;2018;11328.0;11238.0
8060;Totaal mannen en vrouwen;Totaal;Totaal burgerlijke staat;Doesburg;2019;11148.0;11112.5
8061;Totaal mannen en vrouwen;Totaal;Totaal burgerlijke staat;Doesburg;2020;11077.0;11070.5
8062;Totaal mannen en vrouwen;Totaal;Totaal burgerlijke staat;Doesburg;2021;11064.0;11050.0
8063;Totaal mannen en vrouwen;Totaal;Totaal burgerlijke staat;Doesburg;2022;11036.0;11058.5
8064;Totaal mannen en vrouwen;Totaal;Totaal burgerlijke staat;Doesburg;2023;11081.0;11080.0
8065;Totaal mannen en vrouwen;Totaal;Totaal burgerlijke staat;Doesburg;2024;11079.0;
8066;Totaal mannen en vrouwen;Totaal;Totaal burgerlijke staat;Doetinchem;1988;40922.0;
8067;Totaal mannen en vrouwen;Totaal;Totaal burgerlijke staat;Doetinchem;1989;41260.0;
8068;Totaal mannen en vrouwen;Totaal;Totaal burgerlijke staat;Doetinchem;1990;41647.0;
8069;Totaal mannen en vrouwen;Totaal;Totaal burgerlijke staat;Doetinchem;1991;42060.0;
8070;Totaal mannen en vrouwen;Totaal;Totaal burgerlijke staat;Doetinchem;1992;42673.0;
8071;Totaal mannen en vrouwen;Totaal;Totaal burgerlijke staat;Doetinchem;1993;43317.0;
8072;Totaal mannen en vrouwen;Totaal;Totaal burgerlijke staat;Doetinchem;1994;43641.0;
8073;Totaal mannen en vrouwen;Totaal;Totaal burgerlijke staat;Doetinchem;1995;43968.0;44009.0
8074;Totaal mannen en vrouwen;Totaal;Totaal burgerlijke staat;Doetinchem;1996;44050.0;44300.5
8075;Totaal mannen en vrouwen;Totaal;Totaal burgerlijke staat;Doetinchem;1997;44551.0;44930.5
8076;Totaal mannen en vrouwen;Totaal;Totaal burgerlijke staat;Doetinchem;1998;45310.0;45778.0
8077;Totaal mannen en vrouwen;Totaal;Totaal burgerlijke staat;Doetinchem;1999;46246.0;46606.5
8078;Totaal mannen en vrouwen;Totaal;Totaal burgerlijke staat;Doetinchem;2000;46967.0;47354.5
8079;Totaal mannen en vrouwen;Totaal;Totaal burgerlijke staat;Doetinchem;2001;47742.0;48221.5
8080;Totaal mannen en vrouwen;Totaal;Totaal burgerlijke staat;Doetinchem;2002;48701.0;48900.0
8081;Totaal mannen en vrouwen;Totaal;Totaal burgerlijke staat;Doetinchem;2003;49099.0;49301.0
8082;Totaal mannen en vrouwen;Totaal;Totaal burgerlijke staat;Doetinchem;2004;49503.0;49627.5
8083;Totaal mannen en vrouwen;Totaal;Totaal burgerlijke staat;Doetinchem;2005;56754.0;56754.5
8084;Totaal mannen en vrouwen;Totaal;Totaal burgerlijke staat;Doetinchem;2006;56755.0;56496.5
8085;Totaal mannen en vrouwen;Totaal;Totaal burgerlijke staat;Doetinchem;2007;56238.0;56245.5
8086;Totaal mannen en vrouwen;Totaal;Totaal burgerlijke staat;Doetinchem;2008;56253.0;56194.5
8087;Totaal mannen en vrouwen;Totaal;Totaal burgerlijke staat;Doetinchem;2009;56136.0;56122.0
8088;Totaal mannen en vrouwen;Totaal;Totaal burgerlijke staat;Doetinchem;2010;56108.0;56072.5
8089;Totaal mannen en vrouwen;Totaal;Totaal burgerlijke staat;Doetinchem;2011;56037.0;56144.5
8090;Totaal mannen en vrouwen;Totaal;Totaal burgerlijke staat;Doetinchem;2012;56252.0;56333.0
8091;Totaal mannen en vrouwen;Totaal;Totaal burgerlijke staat;Doetinchem;2013;56414.0;56379.0
8092;Totaal mannen en vrouwen;Totaal;Totaal burgerlijke staat;Doetinchem;2014;56344.0;56414.0
8093;Totaal mannen en vrouwen;Totaal;Totaal burgerlijke staat;Doetinchem;2015;56484.0;56655.5
8094;Totaal mannen en vrouwen;Totaal;Totaal burgerlijke staat;Doetinchem;2016;56827.0;56947.5
8095;Totaal mannen en vrouwen;Totaal;Totaal burgerlijke staat;Doetinchem;2017;57068.0;57225.0
8096;Totaal mannen en vrouwen;Totaal;Totaal burgerlijke staat;Doetinchem;2018;57382.0;57468.5
8097;Totaal mannen en vrouwen;Totaal;Totaal burgerlijke staat;Doetinchem;2019;57555.0;57778.0
8098;Totaal mannen en vrouwen;Totaal;Totaal burgerlijke staat;Doetinchem;2020;58001.0;58135.5
8099;Totaal mannen en vrouwen;Totaal;Totaal burgerlijke staat;Doetinchem;2021;58270.0;58408.0
8100;Totaal mannen en vrouwen;Totaal;Totaal burgerlijke staat;Doetinchem;2022;58546.0;58870.5
8101;Totaal mannen en vrouwen;Totaal;Totaal burgerlijke staat;Doetinchem;2023;59195.0;59409.0
8102;Totaal mannen en vrouwen;Totaal;Totaal burgerlijke staat;Doetinchem;2024;59623.0;
8103;Totaal mannen en vrouwen;Totaal;Totaal burgerlijke staat;Domburg;1988;3920.0;
8104;Totaal mannen en vrouwen;Totaal;Totaal burgerlijke staat;Domburg;1989;3977.0;
8105;Totaal mannen en vrouwen;Totaal;Totaal burgerlijke staat;Domburg;1990;3971.0;
8106;Totaal mannen en vrouwen;Totaal;Totaal burgerlijke staat;Domburg;1991;4021.0;
8107;Totaal mannen en vrouwen;Totaal;Totaal burgerlijke staat;Domburg;1992;3971.0;
8108;Totaal mannen en vrouwen;Totaal;Totaal burgerlijke staat;Domburg;1993;3943.0;
8109;Totaal mannen en vrouwen;Totaal;Totaal burgerlijke staat;Domburg;1994;3971.0;
8110;Totaal mannen en vrouwen;Totaal;Totaal burgerlijke staat;Domburg;1995;3943.0;3924.0
8111;Totaal mannen en vrouwen;Totaal;Totaal burgerlijke staat;Domburg;1996;3905.0;3922.0
8112;Totaal mannen en vrouwen;Totaal;Totaal burgerlijke staat;Domburg;1997;;
8113;Totaal mannen en vrouwen;Totaal;Totaal burgerlijke staat;Domburg;1998;;
8114;Totaal mannen en vrouwen;Totaal;Totaal burgerlijke staat;Domburg;1999;;
8115;Totaal mannen en vrouwen;Totaal;Totaal burgerlijke staat;Domburg;2000;;
8116;Totaal mannen en vrouwen;Totaal;Totaal burgerlijke staat;Domburg;2001;;
8117;Totaal mannen en vrouwen;Totaal;Totaal burgerlijke staat;Domburg;2002;;
8118;Totaal mannen en vrouwen;Totaal;Totaal burgerlijke staat;Domburg;2003;;
8119;Totaal mannen en vrouwen;Totaal;Totaal burgerlijke staat;Domburg;2004;;
8120;Totaal mannen en vrouwen;Totaal;Totaal burgerlijke staat;Domburg;2005;;
8121;Totaal mannen en vrouwen;Totaal;Totaal burgerlijke staat;Domburg;2006;;
8122;Totaal mannen en vrouwen;Totaal;Totaal burgerlijke staat;Domburg;2007;;
8123;Totaal mannen en vrouwen;Totaal;Totaal burgerlijke staat;Domburg;2008;;
8124;Totaal mannen en vrouwen;Totaal;Totaal burgerlijke staat;Domburg;2009;;
8125;Totaal mannen en vrouwen;Totaal;Totaal burgerlijke staat;Domburg;2010;;
8126;Totaal mannen en vrouwen;Totaal;Totaal burgerlijke staat;Domburg;2011;;
8127;Totaal mannen en vrouwen;Totaal;Totaal burgerlijke staat;Domburg;2012;;
8128;Totaal mannen en vrouwen;Totaal;Totaal burgerlijke staat;Domburg;2013;;
8129;Totaal mannen en vrouwen;Totaal;Totaal burgerlijke staat;Domburg;2014;;
8130;Totaal mannen en vrouwen;Totaal;Totaal burgerlijke staat;Domburg;2015;;
8131;Totaal mannen en vrouwen;Totaal;Totaal burgerlijke staat;Domburg;2016;;
8132;Totaal mannen en vrouwen;Totaal;Totaal burgerlijke staat;Domburg;2017;;
8133;Totaal mannen en vrouwen;Totaal;Totaal burgerlijke staat;Domburg;2018;;
8134;Totaal mannen en vrouwen;Totaal;Totaal burgerlijke staat;Domburg;2019;;
8135;Totaal mannen en vrouwen;Totaal;Totaal burgerlijke staat;Domburg;2020;;
8136;Totaal mannen en vrouwen;Totaal;Totaal burgerlijke staat;Domburg;2021;;
8137;Totaal mannen en vrouwen;Totaal;Totaal burgerlijke staat;Domburg;2022;;
8138;Totaal mannen en vrouwen;Totaal;Totaal burgerlijke staat;Domburg;2023;;
8139;Totaal mannen en vrouwen;Totaal;Totaal burgerlijke staat;Domburg;2024;;
8140;Totaal mannen en vrouwen;Totaal;Totaal burgerlijke staat;Dongen;1988;21005.0;
8141;Totaal mannen en vrouwen;Totaal;Totaal burgerlijke staat;Dongen;1989;21124.0;
8142;Totaal mannen en vrouwen;Totaal;Totaal burgerlijke staat;Dongen;1990;21244.0;
8143;Totaal mannen en vrouwen;Totaal;Totaal burgerlijke staat;Dongen;1991;21214.0;
8144;Totaal mannen en vrouwen;Totaal;Totaal burgerlijke staat;Dongen;1992;21212.0;
8145;Totaal mannen en vrouwen;Totaal;Totaal burgerlijke staat;Dongen;1993;21387.0;
8146;Totaal mannen en vrouwen;Totaal;Totaal burgerlijke staat;Dongen;1994;21479.0;
8147;Totaal mannen en vrouwen;Totaal;Totaal burgerlijke staat;Dongen;1995;21537.0;21594.0
8148;Totaal mannen en vrouwen;Totaal;Totaal burgerlijke staat;Dongen;1996;21651.0;21765.5
8149;Totaal mannen en vrouwen;Totaal;Totaal burgerlijke staat;Dongen;1997;24118.0;24206.5
8150;Totaal mannen en vrouwen;Totaal;Totaal burgerlijke staat;Dongen;1998;24295.0;24454.0
8151;Totaal mannen en vrouwen;Totaal;Totaal burgerlijke staat;Dongen;1999;24613.0;24712.5
8152;Totaal mannen en vrouwen;Totaal;Totaal burgerlijke staat;Dongen;2000;24812.0;24834.0
8153;Totaal mannen en vrouwen;Totaal;Totaal burgerlijke staat;Dongen;2001;24856.0;24999.5
8154;Totaal mannen en vrouwen;Totaal;Totaal burgerlijke staat;Dongen;2002;25143.0;25145.5
8155;Totaal mannen en vrouwen;Totaal;Totaal burgerlijke staat;Dongen;2003;25148.0;25227.0
8156;Totaal mannen en vrouwen;Totaal;Totaal burgerlijke staat;Dongen;2004;25306.0;25419.5
8157;Totaal mannen en vrouwen;Totaal;Totaal burgerlijke staat;Dongen;2005;25533.0;25545.5
8158;Totaal mannen en vrouwen;Totaal;Totaal burgerlijke staat;Dongen;2006;25558.0;25516.5
8159;Totaal mannen en vrouwen;Totaal;Totaal burgerlijke staat;Dongen;2007;25475.0;25458.5
8160;Totaal mannen en vrouwen;Totaal;Totaal burgerlijke staat;Dongen;2008;25442.0;25426.5
8161;Totaal mannen en vrouwen;Totaal;Totaal burgerlijke staat;Dongen;2009;25411.0;25236.0
8162;Totaal mannen en vrouwen;Totaal;Totaal burgerlijke staat;Dongen;2010;25061.0;25081.0
8163;Totaal mannen en vrouwen;Totaal;Totaal burgerlijke staat;Dongen;2011;25101.0;25153.0
8164;Totaal mannen en vrouwen;Totaal;Totaal burgerlijke staat;Dongen;2012;25205.0;25293.5
8165;Totaal mannen en vrouwen;Totaal;Totaal burgerlijke staat;Dongen;2013;25382.0;25370.0
8166;Totaal mannen en vrouwen;Totaal;Totaal burgerlijke staat;Dongen;2014;25358.0;25376.5
8167;Totaal mannen en vrouwen;Totaal;Totaal burgerlijke staat;Dongen;2015;25395.0;25404.0
8168;Totaal mannen en vrouwen;Totaal;Totaal burgerlijke staat;Dongen;2016;25413.0;25461.0
8169;Totaal mannen en vrouwen;Totaal;Totaal burgerlijke staat;Dongen;2017;25509.0;25643.0
8170;Totaal mannen en vrouwen;Totaal;Totaal burgerlijke staat;Dongen;2018;25777.0;25914.0
8171;Totaal mannen en vrouwen;Totaal;Totaal burgerlijke staat;Dongen;2019;26051.0;26136.5
8172;Totaal mannen en vrouwen;Totaal;Totaal burgerlijke staat;Dongen;2020;26222.0;26295.0
8173;Totaal mannen en vrouwen;Totaal;Totaal burgerlijke staat;Dongen;2021;26368.0;26425.5
8174;Totaal mannen en vrouwen;Totaal;Totaal burgerlijke staat;Dongen;2022;26483.0;26841.5
8175;Totaal mannen en vrouwen;Totaal;Totaal burgerlijke staat;Dongen;2023;27200.0;27147.5
8176;Totaal mannen en vrouwen;Totaal;Totaal burgerlijke staat;Dongen;2024;27095.0;
8177;Totaal mannen en vrouwen;Totaal;Totaal burgerlijke staat;Dongeradeel;1988;24654.0;
8178;Totaal mannen en vrouwen;Totaal;Totaal burgerlijke staat;Dongeradeel;1989;24572.0;
8179;Totaal mannen en vrouwen;Totaal;Totaal burgerlijke staat;Dongeradeel;1990;24430.0;
8180;Totaal mannen en vrouwen;Totaal;Totaal burgerlijke staat;Dongeradeel;1991;24288.0;
8181;Totaal mannen en vrouwen;Totaal;Totaal burgerlijke staat;Dongeradeel;1992;24232.0;
8182;Totaal mannen en vrouwen;Totaal;Totaal burgerlijke staat;Dongeradeel;1993;24322.0;
8183;Totaal mannen en vrouwen;Totaal;Totaal burgerlijke staat;Dongeradeel;1994;24335.0;
8184;Totaal mannen en vrouwen;Totaal;Totaal burgerlijke staat;Dongeradeel;1995;24381.0;24348.0
8185;Totaal mannen en vrouwen;Totaal;Totaal burgerlijke staat;Dongeradeel;1996;24315.0;24383.0
8186;Totaal mannen en vrouwen;Totaal;Totaal burgerlijke staat;Dongeradeel;1997;24451.0;24410.0
8187;Totaal mannen en vrouwen;Totaal;Totaal burgerlijke staat;Dongeradeel;1998;24369.0;24370.5
8188;Totaal mannen en vrouwen;Totaal;Totaal burgerlijke staat;Dongeradeel;1999;24372.0;24313.5
8189;Totaal mannen en vrouwen;Totaal;Totaal burgerlijke staat;Dongeradeel;2000;24255.0;24490.5
8190;Totaal mannen en vrouwen;Totaal;Totaal burgerlijke staat;Dongeradeel;2001;24726.0;24839.5
8191;Totaal mannen en vrouwen;Totaal;Totaal burgerlijke staat;Dongeradeel;2002;24953.0;24957.0
8192;Totaal mannen en vrouwen;Totaal;Totaal burgerlijke staat;Dongeradeel;2003;24961.0;24984.5
8193;Totaal mannen en vrouwen;Totaal;Totaal burgerlijke staat;Dongeradeel;2004;25008.0;25062.0
8194;Totaal mannen en vrouwen;Totaal;Totaal burgerlijke staat;Dongeradeel;2005;25116.0;25075.0
8195;Totaal mannen en vrouwen;Totaal;Totaal burgerlijke staat;Dongeradeel;2006;25034.0;24945.5
8196;Totaal mannen en vrouwen;Totaal;Totaal burgerlijke staat;Dongeradeel;2007;24857.0;24775.5
8197;Totaal mannen en vrouwen;Totaal;Totaal burgerlijke staat;Dongeradeel;2008;24694.0;24652.0
8198;Totaal mannen en vrouwen;Totaal;Totaal burgerlijke staat;Dongeradeel;2009;24610.0;24509.5
8199;Totaal mannen en vrouwen;Totaal;Totaal burgerlijke staat;Dongeradeel;2010;24409.0;24350.5
8200;Totaal mannen en vrouwen;Totaal;Totaal burgerlijke staat;Dongeradeel;2011;24292.0;24288.0
8201;Totaal mannen en vrouwen;Totaal;Totaal burgerlijke staat;Dongeradeel;2012;24284.0;24252.5
8202;Totaal mannen en vrouwen;Totaal;Totaal burgerlijke staat;Dongeradeel;2013;24221.0;24190.5
8203;Totaal mannen en vrouwen;Totaal;Totaal burgerlijke staat;Dongeradeel;2014;24160.0;24071.5
8204;Totaal mannen en vrouwen;Totaal;Totaal burgerlijke staat;Dongeradeel;2015;23983.0;23957.5
8205;Totaal mannen en vrouwen;Totaal;Totaal burgerlijke staat;Dongeradeel;2016;23932.0;23916.5
8206;Totaal mannen en vrouwen;Totaal;Totaal burgerlijke staat;Dongeradeel;2017;23901.0;23845.0
8207;Totaal mannen en vrouwen;Totaal;Totaal burgerlijke staat;Dongeradeel;2018;23789.0;23817.0
8208;Totaal mannen en vrouwen;Totaal;Totaal burgerlijke staat;Dongeradeel;2019;;
8209;Totaal mannen en vrouwen;Totaal;Totaal burgerlijke staat;Dongeradeel;2020;;
8210;Totaal mannen en vrouwen;Totaal;Totaal burgerlijke staat;Dongeradeel;2021;;
8211;Totaal mannen en vrouwen;Totaal;Totaal burgerlijke staat;Dongeradeel;2022;;
8212;Totaal mannen en vrouwen;Totaal;Totaal burgerlijke staat;Dongeradeel;2023;;
8213;Totaal mannen en vrouwen;Totaal;Totaal burgerlijke staat;Dongeradeel;2024;;
8214;Totaal mannen en vrouwen;Totaal;Totaal burgerlijke staat;Doorn;1988;10433.0;
8215;Totaal mannen en vrouwen;Totaal;Totaal burgerlijke staat;Doorn;1989;10419.0;
8216;Totaal mannen en vrouwen;Totaal;Totaal burgerlijke staat;Doorn;1990;10388.0;
8217;Totaal mannen en vrouwen;Totaal;Totaal burgerlijke staat;Doorn;1991;10439.0;
8218;Totaal mannen en vrouwen;Totaal;Totaal burgerlijke staat;Doorn;1992;10459.0;
8219;Totaal mannen en vrouwen;Totaal;Totaal burgerlijke staat;Doorn;1993;10320.0;
8220;Totaal mannen en vrouwen;Totaal;Totaal burgerlijke staat;Doorn;1994;10353.0;
8221;Totaal mannen en vrouwen;Totaal;Totaal burgerlijke staat;Doorn;1995;10321.0;10273.0
8222;Totaal mannen en vrouwen;Totaal;Totaal burgerlijke staat;Doorn;1996;10225.0;10171.0
8223;Totaal mannen en vrouwen;Totaal;Totaal burgerlijke staat;Doorn;1997;10117.0;10098.5
8224;Totaal mannen en vrouwen;Totaal;Totaal burgerlijke staat;Doorn;1998;10080.0;10049.0
8225;Totaal mannen en vrouwen;Totaal;Totaal burgerlijke staat;Doorn;1999;10018.0;9993.0
8226;Totaal mannen en vrouwen;Totaal;Totaal burgerlijke staat;Doorn;2000;9968.0;10046.0
8227;Totaal mannen en vrouwen;Totaal;Totaal burgerlijke staat;Doorn;2001;10124.0;10164.5
8228;Totaal mannen en vrouwen;Totaal;Totaal burgerlijke staat;Doorn;2002;10205.0;10199.5
8229;Totaal mannen en vrouwen;Totaal;Totaal burgerlijke staat;Doorn;2003;10194.0;10228.0
8230;Totaal mannen en vrouwen;Totaal;Totaal burgerlijke staat;Doorn;2004;10262.0;10272.0
8231;Totaal mannen en vrouwen;Totaal;Totaal burgerlijke staat;Doorn;2005;10282.0;10135.5
8232;Totaal mannen en vrouwen;Totaal;Totaal burgerlijke staat;Doorn;2006;;
8233;Totaal mannen en vrouwen;Totaal;Totaal burgerlijke staat;Doorn;2007;;
8234;Totaal mannen en vrouwen;Totaal;Totaal burgerlijke staat;Doorn;2008;;
8235;Totaal mannen en vrouwen;Totaal;Totaal burgerlijke staat;Doorn;2009;;
8236;Totaal mannen en vrouwen;Totaal;Totaal burgerlijke staat;Doorn;2010;;
8237;Totaal mannen en vrouwen;Totaal;Totaal burgerlijke staat;Doorn;2011;;
8238;Totaal mannen en vrouwen;Totaal;Totaal burgerlijke staat;Doorn;2012;;
8239;Totaal mannen en vrouwen;Totaal;Totaal burgerlijke staat;Doorn;2013;;
8240;Totaal mannen en vrouwen;Totaal;Totaal burgerlijke staat;Doorn;2014;;
8241;Totaal mannen en vrouwen;Totaal;Totaal burgerlijke staat;Doorn;2015;;
8242;Totaal mannen en vrouwen;Totaal;Totaal burgerlijke staat;Doorn;2016;;
8243;Totaal mannen en vrouwen;Totaal;Totaal burgerlijke staat;Doorn;2017;;
8244;Totaal mannen en vrouwen;Totaal;Totaal burgerlijke staat;Doorn;2018;;
8245;Totaal mannen en vrouwen;Totaal;Totaal burgerlijke staat;Doorn;2019;;
8246;Totaal mannen en vrouwen;Totaal;Totaal burgerlijke staat;Doorn;2020;;
8247;Totaal mannen en vrouwen;Totaal;Totaal burgerlijke staat;Doorn;2021;;
8248;Totaal mannen en vrouwen;Totaal;Totaal burgerlijke staat;Doorn;2022;;
8249;Totaal mannen en vrouwen;Totaal;Totaal burgerlijke staat;Doorn;2023;;
8250;Totaal mannen en vrouwen;Totaal;Totaal burgerlijke staat;Doorn;2024;;
8251;Totaal mannen en vrouwen;Totaal;Totaal burgerlijke staat;Dordrecht;1988;107871.0;
8252;Totaal mannen en vrouwen;Totaal;Totaal burgerlijke staat;Dordrecht;1989;108519.0;
8253;Totaal mannen en vrouwen;Totaal;Totaal burgerlijke staat;Dordrecht;1990;109285.0;
8254;Totaal mannen en vrouwen;Totaal;Totaal burgerlijke staat;Dordrecht;1991;110473.0;
8255;Totaal mannen en vrouwen;Totaal;Totaal burgerlijke staat;Dordrecht;1992;111791.0;
8256;Totaal mannen en vrouwen;Totaal;Totaal burgerlijke staat;Dordrecht;1993;112687.0;
8257;Totaal mannen en vrouwen;Totaal;Totaal burgerlijke staat;Dordrecht;1994;113394.0;
8258;Totaal mannen en vrouwen;Totaal;Totaal burgerlijke staat;Dordrecht;1995;114089.0;115142.5
8259;Totaal mannen en vrouwen;Totaal;Totaal burgerlijke staat;Dordrecht;1996;116196.0;116727.0
8260;Totaal mannen en vrouwen;Totaal;Totaal burgerlijke staat;Dordrecht;1997;117258.0;117688.0
8261;Totaal mannen en vrouwen;Totaal;Totaal burgerlijke staat;Dordrecht;1998;118118.0;118790.0
8262;Totaal mannen en vrouwen;Totaal;Totaal burgerlijke staat;Dordrecht;1999;119462.0;119641.5
8263;Totaal mannen en vrouwen;Totaal;Totaal burgerlijke staat;Dordrecht;2000;119821.0;119921.0
8264;Totaal mannen en vrouwen;Totaal;Totaal burgerlijke staat;Dordrecht;2001;120021.0;120121.5
8265;Totaal mannen en vrouwen;Totaal;Totaal burgerlijke staat;Dordrecht;2002;120222.0;120132.5
8266;Totaal mannen en vrouwen;Totaal;Totaal burgerlijke staat;Dordrecht;2003;120043.0;119846.0
8267;Totaal mannen en vrouwen;Totaal;Totaal burgerlijke staat;Dordrecht;2004;119649.0;119456.0
8268;Totaal mannen en vrouwen;Totaal;Totaal burgerlijke staat;Dordrecht;2005;119263.0;119042.0
8269;Totaal mannen en vrouwen;Totaal;Totaal burgerlijke staat;Dordrecht;2006;118821.0;118681.0
8270;Totaal mannen en vrouwen;Totaal;Totaal burgerlijke staat;Dordrecht;2007;118541.0;118361.5
8271;Totaal mannen en vrouwen;Totaal;Totaal burgerlijke staat;Dordrecht;2008;118182.0;118295.0
8272;Totaal mannen en vrouwen;Totaal;Totaal burgerlijke staat;Dordrecht;2009;118408.0;118444.0
8273;Totaal mannen en vrouwen;Totaal;Totaal burgerlijke staat;Dordrecht;2010;118480.0;118645.0
8274;Totaal mannen en vrouwen;Totaal;Totaal burgerlijke staat;Dordrecht;2011;118810.0;118836.0
8275;Totaal mannen en vrouwen;Totaal;Totaal burgerlijke staat;Dordrecht;2012;118862.0;118664.0
8276;Totaal mannen en vrouwen;Totaal;Totaal burgerlijke staat;Dordrecht;2013;118466.0;118578.5
8277;Totaal mannen en vrouwen;Totaal;Totaal burgerlijke staat;Dordrecht;2014;118691.0;118795.0
8278;Totaal mannen en vrouwen;Totaal;Totaal burgerlijke staat;Dordrecht;2015;118899.0;118850.0
8279;Totaal mannen en vrouwen;Totaal;Totaal burgerlijke staat;Dordrecht;2016;118801.0;118766.0
8280;Totaal mannen en vrouwen;Totaal;Totaal burgerlijke staat;Dordrecht;2017;118731.0;118578.5
8281;Totaal mannen en vrouwen;Totaal;Totaal burgerlijke staat;Dordrecht;2018;118426.0;118540.0
8282;Totaal mannen en vrouwen;Totaal;Totaal burgerlijke staat;Dordrecht;2019;118654.0;118969.0
8283;Totaal mannen en vrouwen;Totaal;Totaal burgerlijke staat;Dordrecht;2020;119284.0;119199.5
8284;Totaal mannen en vrouwen;Totaal;Totaal burgerlijke staat;Dordrecht;2021;119115.0;119326.0
8285;Totaal mannen en vrouwen;Totaal;Totaal burgerlijke staat;Dordrecht;2022;119537.0;120485.5
8286;Totaal mannen en vrouwen;Totaal;Totaal burgerlijke staat;Dordrecht;2023;121434.0;121752.0
8287;Totaal mannen en vrouwen;Totaal;Totaal burgerlijke staat;Dordrecht;2024;122070.0;
8288;Totaal mannen en vrouwen;Totaal;Totaal burgerlijke staat;Drechterland;1988;8834.0;
8289;Totaal mannen en vrouwen;Totaal;Totaal burgerlijke staat;Drechterland;1989;8790.0;
8290;Totaal mannen en vrouwen;Totaal;Totaal burgerlijke staat;Drechterland;1990;8817.0;
8291;Totaal mannen en vrouwen;Totaal;Totaal burgerlijke staat;Drechterland;1991;8782.0;
8292;Totaal mannen en vrouwen;Totaal;Totaal burgerlijke staat;Drechterland;1992;8902.0;
8293;Totaal mannen en vrouwen;Totaal;Totaal burgerlijke staat;Drechterland;1993;8965.0;
8294;Totaal mannen en vrouwen;Totaal;Totaal burgerlijke staat;Drechterland;1994;8934.0;
8295;Totaal mannen en vrouwen;Totaal;Totaal burgerlijke staat;Drechterland;1995;9003.0;9126.5
8296;Totaal mannen en vrouwen;Totaal;Totaal burgerlijke staat;Drechterland;1996;9250.0;9342.5
8297;Totaal mannen en vrouwen;Totaal;Totaal burgerlijke staat;Drechterland;1997;9435.0;9509.0
8298;Totaal mannen en vrouwen;Totaal;Totaal burgerlijke staat;Drechterland;1998;9583.0;9669.5
8299;Totaal mannen en vrouwen;Totaal;Totaal burgerlijke staat;Drechterland;1999;9756.0;9817.0
8300;Totaal mannen en vrouwen;Totaal;Totaal burgerlijke staat;Drechterland;2000;9878.0;9963.5
8301;Totaal mannen en vrouwen;Totaal;Totaal burgerlijke staat;Drechterland;2001;10049.0;10063.5
8302;Totaal mannen en vrouwen;Totaal;Totaal burgerlijke staat;Drechterland;2002;10078.0;10136.0
8303;Totaal mannen en vrouwen;Totaal;Totaal burgerlijke staat;Drechterland;2003;10194.0;10286.0
8304;Totaal mannen en vrouwen;Totaal;Totaal burgerlijke staat;Drechterland;2004;10378.0;10441.5
8305;Totaal mannen en vrouwen;Totaal;Totaal burgerlijke staat;Drechterland;2005;10505.0;10606.0
8306;Totaal mannen en vrouwen;Totaal;Totaal burgerlijke staat;Drechterland;2006;18539.0;18567.5
8307;Totaal mannen en vrouwen;Totaal;Totaal burgerlijke staat;Drechterland;2007;18596.0;18707.0
8308;Totaal mannen en vrouwen;Totaal;Totaal burgerlijke staat;Drechterland;2008;18818.0;18954.5
8309;Totaal mannen en vrouwen;Totaal;Totaal burgerlijke staat;Drechterland;2009;19091.0;19191.0
8310;Totaal mannen en vrouwen;Totaal;Totaal burgerlijke staat;Drechterland;2010;19291.0;19313.0
8311;Totaal mannen en vrouwen;Totaal;Totaal burgerlijke staat;Drechterland;2011;19335.0;19317.5
8312;Totaal mannen en vrouwen;Totaal;Totaal burgerlijke staat;Drechterland;2012;19300.0;19299.0
8313;Totaal mannen en vrouwen;Totaal;Totaal burgerlijke staat;Drechterland;2013;19298.0;19274.0
8314;Totaal mannen en vrouwen;Totaal;Totaal burgerlijke staat;Drechterland;2014;19250.0;19272.0
8315;Totaal mannen en vrouwen;Totaal;Totaal burgerlijke staat;Drechterland;2015;19294.0;19347.0
8316;Totaal mannen en vrouwen;Totaal;Totaal burgerlijke staat;Drechterland;2016;19400.0;19392.0
8317;Totaal mannen en vrouwen;Totaal;Totaal burgerlijke staat;Drechterland;2017;19384.0;19412.0
8318;Totaal mannen en vrouwen;Totaal;Totaal burgerlijke staat;Drechterland;2018;19440.0;19518.5
8319;Totaal mannen en vrouwen;Totaal;Totaal burgerlijke staat;Drechterland;2019;19597.0;19658.0
8320;Totaal mannen en vrouwen;Totaal;Totaal burgerlijke staat;Drechterland;2020;19719.0;19778.5
8321;Totaal mannen en vrouwen;Totaal;Totaal burgerlijke staat;Drechterland;2021;19838.0;19910.5
8322;Totaal mannen en vrouwen;Totaal;Totaal burgerlijke staat;Drechterland;2022;19983.0;20184.0
8323;Totaal mannen en vrouwen;Totaal;Totaal burgerlijke staat;Drechterland;2023;20385.0;20440.5
8324;Totaal mannen en vrouwen;Totaal;Totaal burgerlijke staat;Drechterland;2024;20496.0;
8325;Totaal mannen en vrouwen;Totaal;Totaal burgerlijke staat;Driebergen-Rijsenburg;1988;18122.0;
8326;Totaal mannen en vrouwen;Totaal;Totaal burgerlijke staat;Driebergen-Rijsenburg;1989;18294.0;
8327;Totaal mannen en vrouwen;Totaal;Totaal burgerlijke staat;Driebergen-Rijsenburg;1990;18426.0;
8328;Totaal mannen en vrouwen;Totaal;Totaal burgerlijke staat;Driebergen-Rijsenburg;1991;18463.0;
8329;Totaal mannen en vrouwen;Totaal;Totaal burgerlijke staat;Driebergen-Rijsenburg;1992;18432.0;
8330;Totaal mannen en vrouwen;Totaal;Totaal burgerlijke staat;Driebergen-Rijsenburg;1993;18501.0;
8331;Totaal mannen en vrouwen;Totaal;Totaal burgerlijke staat;Driebergen-Rijsenburg;1994;18504.0;
8332;Totaal mannen en vrouwen;Totaal;Totaal burgerlijke staat;Driebergen-Rijsenburg;1995;18554.0;18487.0
8333;Totaal mannen en vrouwen;Totaal;Totaal burgerlijke staat;Driebergen-Rijsenburg;1996;18420.0;18418.5
8334;Totaal mannen en vrouwen;Totaal;Totaal burgerlijke staat;Driebergen-Rijsenburg;1997;18417.0;18452.0
8335;Totaal mannen en vrouwen;Totaal;Totaal burgerlijke staat;Driebergen-Rijsenburg;1998;18487.0;18416.0
8336;Totaal mannen en vrouwen;Totaal;Totaal burgerlijke staat;Driebergen-Rijsenburg;1999;18345.0;18339.0
8337;Totaal mannen en vrouwen;Totaal;Totaal burgerlijke staat;Driebergen-Rijsenburg;2000;18333.0;18330.0
8338;Totaal mannen en vrouwen;Totaal;Totaal burgerlijke staat;Driebergen-Rijsenburg;2001;18327.0;18382.5
8339;Totaal mannen en vrouwen;Totaal;Totaal burgerlijke staat;Driebergen-Rijsenburg;2002;18438.0;18506.5
8340;Totaal mannen en vrouwen;Totaal;Totaal burgerlijke staat;Driebergen-Rijsenburg;2003;18575.0;18569.5
8341;Totaal mannen en vrouwen;Totaal;Totaal burgerlijke staat;Driebergen-Rijsenburg;2004;18564.0;18569.5
8342;Totaal mannen en vrouwen;Totaal;Totaal burgerlijke staat;Driebergen-Rijsenburg;2005;18575.0;18595.0
8343;Totaal mannen en vrouwen;Totaal;Totaal burgerlijke staat;Driebergen-Rijsenburg;2006;;
8344;Totaal mannen en vrouwen;Totaal;Totaal burgerlijke staat;Driebergen-Rijsenburg;2007;;
8345;Totaal mannen en vrouwen;Totaal;Totaal burgerlijke staat;Driebergen-Rijsenburg;2008;;
8346;Totaal mannen en vrouwen;Totaal;Totaal burgerlijke staat;Driebergen-Rijsenburg;2009;;
8347;Totaal mannen en vrouwen;Totaal;Totaal burgerlijke staat;Driebergen-Rijsenburg;2010;;
8348;Totaal mannen en vrouwen;Totaal;Totaal burgerlijke staat;Driebergen-Rijsenburg;2011;;
8349;Totaal mannen en vrouwen;Totaal;Totaal burgerlijke staat;Driebergen-Rijsenburg;2012;;
8350;Totaal mannen en vrouwen;Totaal;Totaal burgerlijke staat;Driebergen-Rijsenburg;2013;;
8351;Totaal mannen en vrouwen;Totaal;Totaal burgerlijke staat;Driebergen-Rijsenburg;2014;;
8352;Totaal mannen en vrouwen;Totaal;Totaal burgerlijke staat;Driebergen-Rijsenburg;2015;;
8353;Totaal mannen en vrouwen;Totaal;Totaal burgerlijke staat;Driebergen-Rijsenburg;2016;;
8354;Totaal mannen en vrouwen;Totaal;Totaal burgerlijke staat;Driebergen-Rijsenburg;2017;;
8355;Totaal mannen en vrouwen;Totaal;Totaal burgerlijke staat;Driebergen-Rijsenburg;2018;;
8356;Totaal mannen en vrouwen;Totaal;Totaal burgerlijke staat;Driebergen-Rijsenburg;2019;;
8357;Totaal mannen en vrouwen;Totaal;Totaal burgerlijke staat;Driebergen-Rijsenburg;2020;;
8358;Totaal mannen en vrouwen;Totaal;Totaal burgerlijke staat;Driebergen-Rijsenburg;2021;;
8359;Totaal mannen en vrouwen;Totaal;Totaal burgerlijke staat;Driebergen-Rijsenburg;2022;;
8360;Totaal mannen en vrouwen;Totaal;Totaal burgerlijke staat;Driebergen-Rijsenburg;2023;;
8361;Totaal mannen en vrouwen;Totaal;Totaal burgerlijke staat;Driebergen-Rijsenburg;2024;;
8362;Totaal mannen en vrouwen;Totaal;Totaal burgerlijke staat;Driebruggen;1988;4458.0;
8363;Totaal mannen en vrouwen;Totaal;Totaal burgerlijke staat;Driebruggen;1989;;
8364;Totaal mannen en vrouwen;Totaal;Totaal burgerlijke staat;Driebruggen;1990;;
8365;Totaal mannen en vrouwen;Totaal;Totaal burgerlijke staat;Driebruggen;1991;;
8366;Totaal mannen en vrouwen;Totaal;Totaal burgerlijke staat;Driebruggen;1992;;
8367;Totaal mannen en vrouwen;Totaal;Totaal burgerlijke staat;Driebruggen;1993;;
8368;Totaal mannen en vrouwen;Totaal;Totaal burgerlijke staat;Driebruggen;1994;;
8369;Totaal mannen en vrouwen;Totaal;Totaal burgerlijke staat;Driebruggen;1995;;
8370;Totaal mannen en vrouwen;Totaal;Totaal burgerlijke staat;Driebruggen;1996;;
8371;Totaal mannen en vrouwen;Totaal;Totaal burgerlijke staat;Driebruggen;1997;;
8372;Totaal mannen en vrouwen;Totaal;Totaal burgerlijke staat;Driebruggen;1998;;
8373;Totaal mannen en vrouwen;Totaal;Totaal burgerlijke staat;Driebruggen;1999;;
8374;Totaal mannen en vrouwen;Totaal;Totaal burgerlijke staat;Driebruggen;2000;;
8375;Totaal mannen en vrouwen;Totaal;Totaal burgerlijke staat;Driebruggen;2001;;
8376;Totaal mannen en vrouwen;Totaal;Totaal burgerlijke staat;Driebruggen;2002;;
8377;Totaal mannen en vrouwen;Totaal;Totaal burgerlijke staat;Driebruggen;2003;;
8378;Totaal mannen en vrouwen;Totaal;Totaal burgerlijke staat;Driebruggen;2004;;
8379;Totaal mannen en vrouwen;Totaal;Totaal burgerlijke staat;Driebruggen;2005;;
8380;Totaal mannen en vrouwen;Totaal;Totaal burgerlijke staat;Driebruggen;2006;;
8381;Totaal mannen en vrouwen;Totaal;Totaal burgerlijke staat;Driebruggen;2007;;
8382;Totaal mannen en vrouwen;Totaal;Totaal burgerlijke staat;Driebruggen;2008;;
8383;Totaal mannen en vrouwen;Totaal;Totaal burgerlijke staat;Driebruggen;2009;;
8384;Totaal mannen en vrouwen;Totaal;Totaal burgerlijke staat;Driebruggen;2010;;
8385;Totaal mannen en vrouwen;Totaal;Totaal burgerlijke staat;Driebruggen;2011;;
8386;Totaal mannen en vrouwen;Totaal;Totaal burgerlijke staat;Driebruggen;2012;;
8387;Totaal mannen en vrouwen;Totaal;Totaal burgerlijke staat;Driebruggen;2013;;
8388;Totaal mannen en vrouwen;Totaal;Totaal burgerlijke staat;Driebruggen;2014;;
8389;Totaal mannen en vrouwen;Totaal;Totaal burgerlijke staat;Driebruggen;2015;;
8390;Totaal mannen en vrouwen;Totaal;Totaal burgerlijke staat;Driebruggen;2016;;
8391;Totaal mannen en vrouwen;Totaal;Totaal burgerlijke staat;Driebruggen;2017;;
8392;Totaal mannen en vrouwen;Totaal;Totaal burgerlijke staat;Driebruggen;2018;;
8393;Totaal mannen en vrouwen;Totaal;Totaal burgerlijke staat;Driebruggen;2019;;
8394;Totaal mannen en vrouwen;Totaal;Totaal burgerlijke staat;Driebruggen;2020;;
8395;Totaal mannen en vrouwen;Totaal;Totaal burgerlijke staat;Driebruggen;2021;;
8396;Totaal mannen en vrouwen;Totaal;Totaal burgerlijke staat;Driebruggen;2022;;
8397;Totaal mannen en vrouwen;Totaal;Totaal burgerlijke staat;Driebruggen;2023;;
8398;Totaal mannen en vrouwen;Totaal;Totaal burgerlijke staat;Driebruggen;2024;;
8399;Totaal mannen en vrouwen;Totaal;Totaal burgerlijke staat;Drimmelen;1988;;
8400;Totaal mannen en vrouwen;Totaal;Totaal burgerlijke staat;Drimmelen;1989;;
8401;Totaal mannen en vrouwen;Totaal;Totaal burgerlijke staat;Drimmelen;1990;;
8402;Totaal mannen en vrouwen;Totaal;Totaal burgerlijke staat;Drimmelen;1991;;
8403;Totaal mannen en vrouwen;Totaal;Totaal burgerlijke staat;Drimmelen;1992;;
8404;Totaal mannen en vrouwen;Totaal;Totaal burgerlijke staat;Drimmelen;1993;;
8405;Totaal mannen en vrouwen;Totaal;Totaal burgerlijke staat;Drimmelen;1994;;
8406;Totaal mannen en vrouwen;Totaal;Totaal burgerlijke staat;Drimmelen;1995;;
8407;Totaal mannen en vrouwen;Totaal;Totaal burgerlijke staat;Drimmelen;1996;;
8408;Totaal mannen en vrouwen;Totaal;Totaal burgerlijke staat;Drimmelen;1997;;
8409;Totaal mannen en vrouwen;Totaal;Totaal burgerlijke staat;Drimmelen;1998;;
8410;Totaal mannen en vrouwen;Totaal;Totaal burgerlijke staat;Drimmelen;1999;26582.0;26612.5
8411;Totaal mannen en vrouwen;Totaal;Totaal burgerlijke staat;Drimmelen;2000;26643.0;26633.5
8412;Totaal mannen en vrouwen;Totaal;Totaal burgerlijke staat;Drimmelen;2001;26624.0;26698.0
8413;Totaal mannen en vrouwen;Totaal;Totaal burgerlijke staat;Drimmelen;2002;26772.0;26759.5
8414;Totaal mannen en vrouwen;Totaal;Totaal burgerlijke staat;Drimmelen;2003;26747.0;26705.0
8415;Totaal mannen en vrouwen;Totaal;Totaal burgerlijke staat;Drimmelen;2004;26663.0;26660.5
8416;Totaal mannen en vrouwen;Totaal;Totaal burgerlijke staat;Drimmelen;2005;26658.0;26653.5
8417;Totaal mannen en vrouwen;Totaal;Totaal burgerlijke staat;Drimmelen;2006;26649.0;26612.0
8418;Totaal mannen en vrouwen;Totaal;Totaal burgerlijke staat;Drimmelen;2007;26575.0;26599.0
8419;Totaal mannen en vrouwen;Totaal;Totaal burgerlijke staat;Drimmelen;2008;26623.0;26623.5
8420;Totaal mannen en vrouwen;Totaal;Totaal burgerlijke staat;Drimmelen;2009;26624.0;26607.5
8421;Totaal mannen en vrouwen;Totaal;Totaal burgerlijke staat;Drimmelen;2010;26591.0;26534.0
8422;Totaal mannen en vrouwen;Totaal;Totaal burgerlijke staat;Drimmelen;2011;26477.0;26570.5
8423;Totaal mannen en vrouwen;Totaal;Totaal burgerlijke staat;Drimmelen;2012;26664.0;26700.5
8424;Totaal mannen en vrouwen;Totaal;Totaal burgerlijke staat;Drimmelen;2013;26737.0;26716.0
8425;Totaal mannen en vrouwen;Totaal;Totaal burgerlijke staat;Drimmelen;2014;26695.0;26699.0
8426;Totaal mannen en vrouwen;Totaal;Totaal burgerlijke staat;Drimmelen;2015;26703.0;26759.0
8427;Totaal mannen en vrouwen;Totaal;Totaal burgerlijke staat;Drimmelen;2016;26815.0;26842.0
8428;Totaal mannen en vrouwen;Totaal;Totaal burgerlijke staat;Drimmelen;2017;26869.0;26966.0
8429;Totaal mannen en vrouwen;Totaal;Totaal burgerlijke staat;Drimmelen;2018;27063.0;27106.5
8430;Totaal mannen en vrouwen;Totaal;Totaal burgerlijke staat;Drimmelen;2019;27150.0;27211.0
8431;Totaal mannen en vrouwen;Totaal;Totaal burgerlijke staat;Drimmelen;2020;27272.0;27298.5
8432;Totaal mannen en vrouwen;Totaal;Totaal burgerlijke staat;Drimmelen;2021;27325.0;27400.5
8433;Totaal mannen en vrouwen;Totaal;Totaal burgerlijke staat;Drimmelen;2022;27476.0;27735.0
8434;Totaal mannen en vrouwen;Totaal;Totaal burgerlijke staat;Drimmelen;2023;27994.0;28093.0
8435;Totaal mannen en vrouwen;Totaal;Totaal burgerlijke staat;Drimmelen;2024;28192.0;
8436;Totaal mannen en vrouwen;Totaal;Totaal burgerlijke staat;Dronten;1988;23517.0;
8437;Totaal mannen en vrouwen;Totaal;Totaal burgerlijke staat;Dronten;1989;24281.0;
8438;Totaal mannen en vrouwen;Totaal;Totaal burgerlijke staat;Dronten;1990;24733.0;
8439;Totaal mannen en vrouwen;Totaal;Totaal burgerlijke staat;Dronten;1991;25577.0;
8440;Totaal mannen en vrouwen;Totaal;Totaal burgerlijke staat;Dronten;1992;26724.0;
8441;Totaal mannen en vrouwen;Totaal;Totaal burgerlijke staat;Dronten;1993;27893.0;
8442;Totaal mannen en vrouwen;Totaal;Totaal burgerlijke staat;Dronten;1994;28754.0;
8443;Totaal mannen en vrouwen;Totaal;Totaal burgerlijke staat;Dronten;1995;29744.0;30330.5
8444;Totaal mannen en vrouwen;Totaal;Totaal burgerlijke staat;Dronten;1996;30917.0;31378.5
8445;Totaal mannen en vrouwen;Totaal;Totaal burgerlijke staat;Dronten;1997;31840.0;32644.0
8446;Totaal mannen en vrouwen;Totaal;Totaal burgerlijke staat;Dronten;1998;33448.0;34018.0
8447;Totaal mannen en vrouwen;Totaal;Totaal burgerlijke staat;Dronten;1999;34588.0;34916.0
8448;Totaal mannen en vrouwen;Totaal;Totaal burgerlijke staat;Dronten;2000;35244.0;35417.5
8449;Totaal mannen en vrouwen;Totaal;Totaal burgerlijke staat;Dronten;2001;35591.0;35980.0
8450;Totaal mannen en vrouwen;Totaal;Totaal burgerlijke staat;Dronten;2002;36369.0;36750.5
8451;Totaal mannen en vrouwen;Totaal;Totaal burgerlijke staat;Dronten;2003;37132.0;37450.0
8452;Totaal mannen en vrouwen;Totaal;Totaal burgerlijke staat;Dronten;2004;37768.0;37889.0
8453;Totaal mannen en vrouwen;Totaal;Totaal burgerlijke staat;Dronten;2005;38010.0;38067.5
8454;Totaal mannen en vrouwen;Totaal;Totaal burgerlijke staat;Dronten;2006;38125.0;38153.5
8455;Totaal mannen en vrouwen;Totaal;Totaal burgerlijke staat;Dronten;2007;38182.0;38355.0
8456;Totaal mannen en vrouwen;Totaal;Totaal burgerlijke staat;Dronten;2008;38528.0;38867.0
8457;Totaal mannen en vrouwen;Totaal;Totaal burgerlijke staat;Dronten;2009;39206.0;39496.5
8458;Totaal mannen en vrouwen;Totaal;Totaal burgerlijke staat;Dronten;2010;39787.0;39975.5
8459;Totaal mannen en vrouwen;Totaal;Totaal burgerlijke staat;Dronten;2011;40164.0;40317.0
8460;Totaal mannen en vrouwen;Totaal;Totaal burgerlijke staat;Dronten;2012;40470.0;40574.5
8461;Totaal mannen en vrouwen;Totaal;Totaal burgerlijke staat;Dronten;2013;40679.0;40546.0
8462;Totaal mannen en vrouwen;Totaal;Totaal burgerlijke staat;Dronten;2014;40413.0;40388.0
8463;Totaal mannen en vrouwen;Totaal;Totaal burgerlijke staat;Dronten;2015;40363.0;40477.5
8464;Totaal mannen en vrouwen;Totaal;Totaal burgerlijke staat;Dronten;2016;40592.0;40669.0
8465;Totaal mannen en vrouwen;Totaal;Totaal burgerlijke staat;Dronten;2017;40746.0;40740.5
8466;Totaal mannen en vrouwen;Totaal;Totaal burgerlijke staat;Dronten;2018;40735.0;40775.0
8467;Totaal mannen en vrouwen;Totaal;Totaal burgerlijke staat;Dronten;2019;40815.0;41185.0
8468;Totaal mannen en vrouwen;Totaal;Totaal burgerlijke staat;Dronten;2020;41555.0;41783.0
8469;Totaal mannen en vrouwen;Totaal;Totaal burgerlijke staat;Dronten;2021;42011.0;42438.0
8470;Totaal mannen en vrouwen;Totaal;Totaal burgerlijke staat;Dronten;2022;42865.0;43229.0
8471;Totaal mannen en vrouwen;Totaal;Totaal burgerlijke staat;Dronten;2023;43593.0;43973.5
8472;Totaal mannen en vrouwen;Totaal;Totaal burgerlijke staat;Dronten;2024;44354.0;
8473;Totaal mannen en vrouwen;Totaal;Totaal burgerlijke staat;Drunen;1988;17508.0;
8474;Totaal mannen en vrouwen;Totaal;Totaal burgerlijke staat;Drunen;1989;17858.0;
8475;Totaal mannen en vrouwen;Totaal;Totaal burgerlijke staat;Drunen;1990;18100.0;
8476;Totaal mannen en vrouwen;Totaal;Totaal burgerlijke staat;Drunen;1991;18355.0;
8477;Totaal mannen en vrouwen;Totaal;Totaal burgerlijke staat;Drunen;1992;18462.0;
8478;Totaal mannen en vrouwen;Totaal;Totaal burgerlijke staat;Drunen;1993;18536.0;
8479;Totaal mannen en vrouwen;Totaal;Totaal burgerlijke staat;Drunen;1994;18722.0;
8480;Totaal mannen en vrouwen;Totaal;Totaal burgerlijke staat;Drunen;1995;18990.0;19001.5
8481;Totaal mannen en vrouwen;Totaal;Totaal burgerlijke staat;Drunen;1996;19013.0;19129.5
8482;Totaal mannen en vrouwen;Totaal;Totaal burgerlijke staat;Drunen;1997;;
8483;Totaal mannen en vrouwen;Totaal;Totaal burgerlijke staat;Drunen;1998;;
8484;Totaal mannen en vrouwen;Totaal;Totaal burgerlijke staat;Drunen;1999;;
8485;Totaal mannen en vrouwen;Totaal;Totaal burgerlijke staat;Drunen;2000;;
8486;Totaal mannen en vrouwen;Totaal;Totaal burgerlijke staat;Drunen;2001;;
8487;Totaal mannen en vrouwen;Totaal;Totaal burgerlijke staat;Drunen;2002;;
8488;Totaal mannen en vrouwen;Totaal;Totaal burgerlijke staat;Drunen;2003;;
8489;Totaal mannen en vrouwen;Totaal;Totaal burgerlijke staat;Drunen;2004;;
8490;Totaal mannen en vrouwen;Totaal;Totaal burgerlijke staat;Drunen;2005;;
8491;Totaal mannen en vrouwen;Totaal;Totaal burgerlijke staat;Drunen;2006;;
8492;Totaal mannen en vrouwen;Totaal;Totaal burgerlijke staat;Drunen;2007;;
8493;Totaal mannen en vrouwen;Totaal;Totaal burgerlijke staat;Drunen;2008;;
8494;Totaal mannen en vrouwen;Totaal;Totaal burgerlijke staat;Drunen;2009;;
8495;Totaal mannen en vrouwen;Totaal;Totaal burgerlijke staat;Drunen;2010;;
8496;Totaal mannen en vrouwen;Totaal;Totaal burgerlijke staat;Drunen;2011;;
8497;Totaal mannen en vrouwen;Totaal;Totaal burgerlijke staat;Drunen;2012;;
8498;Totaal mannen en vrouwen;Totaal;Totaal burgerlijke staat;Drunen;2013;;
8499;Totaal mannen en vrouwen;Totaal;Totaal burgerlijke staat;Drunen;2014;;
8500;Totaal mannen en vrouwen;Totaal;Totaal burgerlijke staat;Drunen;2015;;
8501;Totaal mannen en vrouwen;Totaal;Totaal burgerlijke staat;Drunen;2016;;
8502;Totaal mannen en vrouwen;Totaal;Totaal burgerlijke staat;Drunen;2017;;
8503;Totaal mannen en vrouwen;Totaal;Totaal burgerlijke staat;Drunen;2018;;
8504;Totaal mannen en vrouwen;Totaal;Totaal burgerlijke staat;Drunen;2019;;
8505;Totaal mannen en vrouwen;Totaal;Totaal burgerlijke staat;Drunen;2020;;
8506;Totaal mannen en vrouwen;Totaal;Totaal burgerlijke staat;Drunen;2021;;
8507;Totaal mannen en vrouwen;Totaal;Totaal burgerlijke staat;Drunen;2022;;
8508;Totaal mannen en vrouwen;Totaal;Totaal burgerlijke staat;Drunen;2023;;
8509;Totaal mannen en vrouwen;Totaal;Totaal burgerlijke staat;Drunen;2024;;
8510;Totaal mannen en vrouwen;Totaal;Totaal burgerlijke staat;Druten;1988;14486.0;
8511;Totaal mannen en vrouwen;Totaal;Totaal burgerlijke staat;Druten;1989;14630.0;
8512;Totaal mannen en vrouwen;Totaal;Totaal burgerlijke staat;Druten;1990;14815.0;
8513;Totaal mannen en vrouwen;Totaal;Totaal burgerlijke staat;Druten;1991;15083.0;
8514;Totaal mannen en vrouwen;Totaal;Totaal burgerlijke staat;Druten;1992;15286.0;
8515;Totaal mannen en vrouwen;Totaal;Totaal burgerlijke staat;Druten;1993;15380.0;
8516;Totaal mannen en vrouwen;Totaal;Totaal burgerlijke staat;Druten;1994;15521.0;
8517;Totaal mannen en vrouwen;Totaal;Totaal burgerlijke staat;Druten;1995;15884.0;15865.5
8518;Totaal mannen en vrouwen;Totaal;Totaal burgerlijke staat;Druten;1996;15847.0;15882.0
8519;Totaal mannen en vrouwen;Totaal;Totaal burgerlijke staat;Druten;1997;15917.0;16069.5
8520;Totaal mannen en vrouwen;Totaal;Totaal burgerlijke staat;Druten;1998;16222.0;16324.0
8521;Totaal mannen en vrouwen;Totaal;Totaal burgerlijke staat;Druten;1999;16426.0;16588.5
8522;Totaal mannen en vrouwen;Totaal;Totaal burgerlijke staat;Druten;2000;16751.0;16902.5
8523;Totaal mannen en vrouwen;Totaal;Totaal burgerlijke staat;Druten;2001;17054.0;17257.5
8524;Totaal mannen en vrouwen;Totaal;Totaal burgerlijke staat;Druten;2002;17461.0;17515.5
8525;Totaal mannen en vrouwen;Totaal;Totaal burgerlijke staat;Druten;2003;17570.0;17678.0
8526;Totaal mannen en vrouwen;Totaal;Totaal burgerlijke staat;Druten;2004;17786.0;17837.5
8527;Totaal mannen en vrouwen;Totaal;Totaal burgerlijke staat;Druten;2005;17889.0;17955.5
8528;Totaal mannen en vrouwen;Totaal;Totaal burgerlijke staat;Druten;2006;18022.0;18068.0
8529;Totaal mannen en vrouwen;Totaal;Totaal burgerlijke staat;Druten;2007;18114.0;18098.0
8530;Totaal mannen en vrouwen;Totaal;Totaal burgerlijke staat;Druten;2008;18082.0;18092.0
8531;Totaal mannen en vrouwen;Totaal;Totaal burgerlijke staat;Druten;2009;18102.0;18093.0
8532;Totaal mannen en vrouwen;Totaal;Totaal burgerlijke staat;Druten;2010;18084.0;18090.5
8533;Totaal mannen en vrouwen;Totaal;Totaal burgerlijke staat;Druten;2011;18097.0;18145.0
8534;Totaal mannen en vrouwen;Totaal;Totaal burgerlijke staat;Druten;2012;18193.0;18198.0
8535;Totaal mannen en vrouwen;Totaal;Totaal burgerlijke staat;Druten;2013;18203.0;18206.5
8536;Totaal mannen en vrouwen;Totaal;Totaal burgerlijke staat;Druten;2014;18210.0;18252.0
8537;Totaal mannen en vrouwen;Totaal;Totaal burgerlijke staat;Druten;2015;18294.0;18350.5
8538;Totaal mannen en vrouwen;Totaal;Totaal burgerlijke staat;Druten;2016;18407.0;18485.0
8539;Totaal mannen en vrouwen;Totaal;Totaal burgerlijke staat;Druten;2017;18563.0;18632.0
8540;Totaal mannen en vrouwen;Totaal;Totaal burgerlijke staat;Druten;2018;18701.0;18749.0
8541;Totaal mannen en vrouwen;Totaal;Totaal burgerlijke staat;Druten;2019;18797.0;18861.5
8542;Totaal mannen en vrouwen;Totaal;Totaal burgerlijke staat;Druten;2020;18926.0;18958.5
8543;Totaal mannen en vrouwen;Totaal;Totaal burgerlijke staat;Druten;2021;18991.0;19084.5
8544;Totaal mannen en vrouwen;Totaal;Totaal burgerlijke staat;Druten;2022;19178.0;19341.5
8545;Totaal mannen en vrouwen;Totaal;Totaal burgerlijke staat;Druten;2023;19505.0;19547.5
8546;Totaal mannen en vrouwen;Totaal;Totaal burgerlijke staat;Druten;2024;19590.0;
8547;Totaal mannen en vrouwen;Totaal;Totaal burgerlijke staat;Duiveland;1988;5432.0;
8548;Totaal mannen en vrouwen;Totaal;Totaal burgerlijke staat;Duiveland;1989;5435.0;
8549;Totaal mannen en vrouwen;Totaal;Totaal burgerlijke staat;Duiveland;1990;5485.0;
8550;Totaal mannen en vrouwen;Totaal;Totaal burgerlijke staat;Duiveland;1991;5488.0;
8551;Totaal mannen en vrouwen;Totaal;Totaal burgerlijke staat;Duiveland;1992;5549.0;
8552;Totaal mannen en vrouwen;Totaal;Totaal burgerlijke staat;Duiveland;1993;5586.0;
8553;Totaal mannen en vrouwen;Totaal;Totaal burgerlijke staat;Duiveland;1994;5736.0;
8554;Totaal mannen en vrouwen;Totaal;Totaal burgerlijke staat;Duiveland;1995;5787.0;5794.5
8555;Totaal mannen en vrouwen;Totaal;Totaal burgerlijke staat;Duiveland;1996;5802.0;5806.5
8556;Totaal mannen en vrouwen;Totaal;Totaal burgerlijke staat;Duiveland;1997;;
8557;Totaal mannen en vrouwen;Totaal;Totaal burgerlijke staat;Duiveland;1998;;
8558;Totaal mannen en vrouwen;Totaal;Totaal burgerlijke staat;Duiveland;1999;;
8559;Totaal mannen en vrouwen;Totaal;Totaal burgerlijke staat;Duiveland;2000;;
8560;Totaal mannen en vrouwen;Totaal;Totaal burgerlijke staat;Duiveland;2001;;
8561;Totaal mannen en vrouwen;Totaal;Totaal burgerlijke staat;Duiveland;2002;;
8562;Totaal mannen en vrouwen;Totaal;Totaal burgerlijke staat;Duiveland;2003;;
8563;Totaal mannen en vrouwen;Totaal;Totaal burgerlijke staat;Duiveland;2004;;
8564;Totaal mannen en vrouwen;Totaal;Totaal burgerlijke staat;Duiveland;2005;;
8565;Totaal mannen en vrouwen;Totaal;Totaal burgerlijke staat;Duiveland;2006;;
8566;Totaal mannen en vrouwen;Totaal;Totaal burgerlijke staat;Duiveland;2007;;
8567;Totaal mannen en vrouwen;Totaal;Totaal burgerlijke staat;Duiveland;2008;;
8568;Totaal mannen en vrouwen;Totaal;Totaal burgerlijke staat;Duiveland;2009;;
8569;Totaal mannen en vrouwen;Totaal;Totaal burgerlijke staat;Duiveland;2010;;
8570;Totaal mannen en vrouwen;Totaal;Totaal burgerlijke staat;Duiveland;2011;;
8571;Totaal mannen en vrouwen;Totaal;Totaal burgerlijke staat;Duiveland;2012;;
8572;Totaal mannen en vrouwen;Totaal;Totaal burgerlijke staat;Duiveland;2013;;
8573;Totaal mannen en vrouwen;Totaal;Totaal burgerlijke staat;Duiveland;2014;;
8574;Totaal mannen en vrouwen;Totaal;Totaal burgerlijke staat;Duiveland;2015;;
8575;Totaal mannen en vrouwen;Totaal;Totaal burgerlijke staat;Duiveland;2016;;
8576;Totaal mannen en vrouwen;Totaal;Totaal burgerlijke staat;Duiveland;2017;;
8577;Totaal mannen en vrouwen;Totaal;Totaal burgerlijke staat;Duiveland;2018;;
8578;Totaal mannen en vrouwen;Totaal;Totaal burgerlijke staat;Duiveland;2019;;
8579;Totaal mannen en vrouwen;Totaal;Totaal burgerlijke staat;Duiveland;2020;;
8580;Totaal mannen en vrouwen;Totaal;Totaal burgerlijke staat;Duiveland;2021;;
8581;Totaal mannen en vrouwen;Totaal;Totaal burgerlijke staat;Duiveland;2022;;
8582;Totaal mannen en vrouwen;Totaal;Totaal burgerlijke staat;Duiveland;2023;;
8583;Totaal mannen en vrouwen;Totaal;Totaal burgerlijke staat;Duiveland;2024;;
8584;Totaal mannen en vrouwen;Totaal;Totaal burgerlijke staat;Duiven;1988;13181.0;
8585;Totaal mannen en vrouwen;Totaal;Totaal burgerlijke staat;Duiven;1989;13971.0;
8586;Totaal mannen en vrouwen;Totaal;Totaal burgerlijke staat;Duiven;1990;14801.0;
8587;Totaal mannen en vrouwen;Totaal;Totaal burgerlijke staat;Duiven;1991;15882.0;
8588;Totaal mannen en vrouwen;Totaal;Totaal burgerlijke staat;Duiven;1992;17436.0;
8589;Totaal mannen en vrouwen;Totaal;Totaal burgerlijke staat;Duiven;1993;19583.0;
8590;Totaal mannen en vrouwen;Totaal;Totaal burgerlijke staat;Duiven;1994;22395.0;
8591;Totaal mannen en vrouwen;Totaal;Totaal burgerlijke staat;Duiven;1995;23505.0;23729.5
8592;Totaal mannen en vrouwen;Totaal;Totaal burgerlijke staat;Duiven;1996;23954.0;24122.0
8593;Totaal mannen en vrouwen;Totaal;Totaal burgerlijke staat;Duiven;1997;24290.0;24397.0
8594;Totaal mannen en vrouwen;Totaal;Totaal burgerlijke staat;Duiven;1998;24504.0;24556.5
8595;Totaal mannen en vrouwen;Totaal;Totaal burgerlijke staat;Duiven;1999;24609.0;24895.5
8596;Totaal mannen en vrouwen;Totaal;Totaal burgerlijke staat;Duiven;2000;25182.0;25466.5
8597;Totaal mannen en vrouwen;Totaal;Totaal burgerlijke staat;Duiven;2001;25751.0;25901.0
8598;Totaal mannen en vrouwen;Totaal;Totaal burgerlijke staat;Duiven;2002;26051.0;26107.0
8599;Totaal mannen en vrouwen;Totaal;Totaal burgerlijke staat;Duiven;2003;26163.0;25987.5
8600;Totaal mannen en vrouwen;Totaal;Totaal burgerlijke staat;Duiven;2004;25812.0;25763.0
8601;Totaal mannen en vrouwen;Totaal;Totaal burgerlijke staat;Duiven;2005;25714.0;25645.5
8602;Totaal mannen en vrouwen;Totaal;Totaal burgerlijke staat;Duiven;2006;25577.0;25591.0
8603;Totaal mannen en vrouwen;Totaal;Totaal burgerlijke staat;Duiven;2007;25605.0;25582.5
8604;Totaal mannen en vrouwen;Totaal;Totaal burgerlijke staat;Duiven;2008;25560.0;25535.0
8605;Totaal mannen en vrouwen;Totaal;Totaal burgerlijke staat;Duiven;2009;25510.0;25551.5
8606;Totaal mannen en vrouwen;Totaal;Totaal burgerlijke staat;Duiven;2010;25593.0;25571.5
8607;Totaal mannen en vrouwen;Totaal;Totaal burgerlijke staat;Duiven;2011;25550.0;25537.5
8608;Totaal mannen en vrouwen;Totaal;Totaal burgerlijke staat;Duiven;2012;25525.0;25539.5
8609;Totaal mannen en vrouwen;Totaal;Totaal burgerlijke staat;Duiven;2013;25554.0;25581.5
8610;Totaal mannen en vrouwen;Totaal;Totaal burgerlijke staat;Duiven;2014;25609.0;25578.5
8611;Totaal mannen en vrouwen;Totaal;Totaal burgerlijke staat;Duiven;2015;25548.0;25490.5
8612;Totaal mannen en vrouwen;Totaal;Totaal burgerlijke staat;Duiven;2016;25433.0;25415.5
8613;Totaal mannen en vrouwen;Totaal;Totaal burgerlijke staat;Duiven;2017;25398.0;25418.0
8614;Totaal mannen en vrouwen;Totaal;Totaal burgerlijke staat;Duiven;2018;25438.0;25385.0
8615;Totaal mannen en vrouwen;Totaal;Totaal burgerlijke staat;Duiven;2019;25332.0;25229.0
8616;Totaal mannen en vrouwen;Totaal;Totaal burgerlijke staat;Duiven;2020;25126.0;25096.0
8617;Totaal mannen en vrouwen;Totaal;Totaal burgerlijke staat;Duiven;2021;25066.0;25006.0
8618;Totaal mannen en vrouwen;Totaal;Totaal burgerlijke staat;Duiven;2022;24946.0;24941.5
8619;Totaal mannen en vrouwen;Totaal;Totaal burgerlijke staat;Duiven;2023;24937.0;24904.5
8620;Totaal mannen en vrouwen;Totaal;Totaal burgerlijke staat;Duiven;2024;24872.0;
8621;Totaal mannen en vrouwen;Totaal;Totaal burgerlijke staat;Den Dungen;1988;4165.0;
8622;Totaal mannen en vrouwen;Totaal;Totaal burgerlijke staat;Den Dungen;1989;4189.0;
8623;Totaal mannen en vrouwen;Totaal;Totaal burgerlijke staat;Den Dungen;1990;4244.0;
8624;Totaal mannen en vrouwen;Totaal;Totaal burgerlijke staat;Den Dungen;1991;4297.0;
8625;Totaal mannen en vrouwen;Totaal;Totaal burgerlijke staat;Den Dungen;1992;4305.0;
8626;Totaal mannen en vrouwen;Totaal;Totaal burgerlijke staat;Den Dungen;1993;4278.0;
8627;Totaal mannen en vrouwen;Totaal;Totaal burgerlijke staat;Den Dungen;1994;4240.0;
8628;Totaal mannen en vrouwen;Totaal;Totaal burgerlijke staat;Den Dungen;1995;4263.0;4272.0
8629;Totaal mannen en vrouwen;Totaal;Totaal burgerlijke staat;Den Dungen;1996;;
8630;Totaal mannen en vrouwen;Totaal;Totaal burgerlijke staat;Den Dungen;1997;;
8631;Totaal mannen en vrouwen;Totaal;Totaal burgerlijke staat;Den Dungen;1998;;
8632;Totaal mannen en vrouwen;Totaal;Totaal burgerlijke staat;Den Dungen;1999;;
8633;Totaal mannen en vrouwen;Totaal;Totaal burgerlijke staat;Den Dungen;2000;;
8634;Totaal mannen en vrouwen;Totaal;Totaal burgerlijke staat;Den Dungen;2001;;
8635;Totaal mannen en vrouwen;Totaal;Totaal burgerlijke staat;Den Dungen;2002;;
8636;Totaal mannen en vrouwen;Totaal;Totaal burgerlijke staat;Den Dungen;2003;;
8637;Totaal mannen en vrouwen;Totaal;Totaal burgerlijke staat;Den Dungen;2004;;
8638;Totaal mannen en vrouwen;Totaal;Totaal burgerlijke staat;Den Dungen;2005;;
8639;Totaal mannen en vrouwen;Totaal;Totaal burgerlijke staat;Den Dungen;2006;;
8640;Totaal mannen en vrouwen;Totaal;Totaal burgerlijke staat;Den Dungen;2007;;
8641;Totaal mannen en vrouwen;Totaal;Totaal burgerlijke staat;Den Dungen;2008;;
8642;Totaal mannen en vrouwen;Totaal;Totaal burgerlijke staat;Den Dungen;2009;;
8643;Totaal mannen en vrouwen;Totaal;Totaal burgerlijke staat;Den Dungen;2010;;
8644;Totaal mannen en vrouwen;Totaal;Totaal burgerlijke staat;Den Dungen;2011;;
8645;Totaal mannen en vrouwen;Totaal;Totaal burgerlijke staat;Den Dungen;2012;;
8646;Totaal mannen en vrouwen;Totaal;Totaal burgerlijke staat;Den Dungen;2013;;
8647;Totaal mannen en vrouwen;Totaal;Totaal burgerlijke staat;Den Dungen;2014;;
8648;Totaal mannen en vrouwen;Totaal;Totaal burgerlijke staat;Den Dungen;2015;;
8649;Totaal mannen en vrouwen;Totaal;Totaal burgerlijke staat;Den Dungen;2016;;
8650;Totaal mannen en vrouwen;Totaal;Totaal burgerlijke staat;Den Dungen;2017;;
8651;Totaal mannen en vrouwen;Totaal;Totaal burgerlijke staat;Den Dungen;2018;;
8652;Totaal mannen en vrouwen;Totaal;Totaal burgerlijke staat;Den Dungen;2019;;
8653;Totaal mannen en vrouwen;Totaal;Totaal burgerlijke staat;Den Dungen;2020;;
8654;Totaal mannen en vrouwen;Totaal;Totaal burgerlijke staat;Den Dungen;2021;;
8655;Totaal mannen en vrouwen;Totaal;Totaal burgerlijke staat;Den Dungen;2022;;
8656;Totaal mannen en vrouwen;Totaal;Totaal burgerlijke staat;Den Dungen;2023;;
8657;Totaal mannen en vrouwen;Totaal;Totaal burgerlijke staat;Den Dungen;2024;;
8658;Totaal mannen en vrouwen;Totaal;Totaal burgerlijke staat;Dussen;1988;6038.0;
8659;Totaal mannen en vrouwen;Totaal;Totaal burgerlijke staat;Dussen;1989;6043.0;
8660;Totaal mannen en vrouwen;Totaal;Totaal burgerlijke staat;Dussen;1990;6091.0;
8661;Totaal mannen en vrouwen;Totaal;Totaal burgerlijke staat;Dussen;1991;6127.0;
8662;Totaal mannen en vrouwen;Totaal;Totaal burgerlijke staat;Dussen;1992;6116.0;
8663;Totaal mannen en vrouwen;Totaal;Totaal burgerlijke staat;Dussen;1993;6169.0;
8664;Totaal mannen en vrouwen;Totaal;Totaal burgerlijke staat;Dussen;1994;6205.0;
8665;Totaal mannen en vrouwen;Totaal;Totaal burgerlijke staat;Dussen;1995;6217.0;6189.0
8666;Totaal mannen en vrouwen;Totaal;Totaal burgerlijke staat;Dussen;1996;6161.0;6169.5
8667;Totaal mannen en vrouwen;Totaal;Totaal burgerlijke staat;Dussen;1997;;
8668;Totaal mannen en vrouwen;Totaal;Totaal burgerlijke staat;Dussen;1998;;
8669;Totaal mannen en vrouwen;Totaal;Totaal burgerlijke staat;Dussen;1999;;
8670;Totaal mannen en vrouwen;Totaal;Totaal burgerlijke staat;Dussen;2000;;
8671;Totaal mannen en vrouwen;Totaal;Totaal burgerlijke staat;Dussen;2001;;
8672;Totaal mannen en vrouwen;Totaal;Totaal burgerlijke staat;Dussen;2002;;
8673;Totaal mannen en vrouwen;Totaal;Totaal burgerlijke staat;Dussen;2003;;
8674;Totaal mannen en vrouwen;Totaal;Totaal burgerlijke staat;Dussen;2004;;
8675;Totaal mannen en vrouwen;Totaal;Totaal burgerlijke staat;Dussen;2005;;
8676;Totaal mannen en vrouwen;Totaal;Totaal burgerlijke staat;Dussen;2006;;
8677;Totaal mannen en vrouwen;Totaal;Totaal burgerlijke staat;Dussen;2007;;
8678;Totaal mannen en vrouwen;Totaal;Totaal burgerlijke staat;Dussen;2008;;
8679;Totaal mannen en vrouwen;Totaal;Totaal burgerlijke staat;Dussen;2009;;
8680;Totaal mannen en vrouwen;Totaal;Totaal burgerlijke staat;Dussen;2010;;
8681;Totaal mannen en vrouwen;Totaal;Totaal burgerlijke staat;Dussen;2011;;
8682;Totaal mannen en vrouwen;Totaal;Totaal burgerlijke staat;Dussen;2012;;
8683;Totaal mannen en vrouwen;Totaal;Totaal burgerlijke staat;Dussen;2013;;
8684;Totaal mannen en vrouwen;Totaal;Totaal burgerlijke staat;Dussen;2014;;
8685;Totaal mannen en vrouwen;Totaal;Totaal burgerlijke staat;Dussen;2015;;
8686;Totaal mannen en vrouwen;Totaal;Totaal burgerlijke staat;Dussen;2016;;
8687;Totaal mannen en vrouwen;Totaal;Totaal burgerlijke staat;Dussen;2017;;
8688;Totaal mannen en vrouwen;Totaal;Totaal burgerlijke staat;Dussen;2018;;
8689;Totaal mannen en vrouwen;Totaal;Totaal burgerlijke staat;Dussen;2019;;
8690;Totaal mannen en vrouwen;Totaal;Totaal burgerlijke staat;Dussen;2020;;
8691;Totaal mannen en vrouwen;Totaal;Totaal burgerlijke staat;Dussen;2021;;
8692;Totaal mannen en vrouwen;Totaal;Totaal burgerlijke staat;Dussen;2022;;
8693;Totaal mannen en vrouwen;Totaal;Totaal burgerlijke staat;Dussen;2023;;
8694;Totaal mannen en vrouwen;Totaal;Totaal burgerlijke staat;Dussen;2024;;
8695;Totaal mannen en vrouwen;Totaal;Totaal burgerlijke staat;Dwingeloo;1988;3712.0;
8696;Totaal mannen en vrouwen;Totaal;Totaal burgerlijke staat;Dwingeloo;1989;3726.0;
8697;Totaal mannen en vrouwen;Totaal;Totaal burgerlijke staat;Dwingeloo;1990;3748.0;
8698;Totaal mannen en vrouwen;Totaal;Totaal burgerlijke staat;Dwingeloo;1991;3792.0;
8699;Totaal mannen en vrouwen;Totaal;Totaal burgerlijke staat;Dwingeloo;1992;3780.0;
8700;Totaal mannen en vrouwen;Totaal;Totaal burgerlijke staat;Dwingeloo;1993;3826.0;
8701;Totaal mannen en vrouwen;Totaal;Totaal burgerlijke staat;Dwingeloo;1994;3856.0;
8702;Totaal mannen en vrouwen;Totaal;Totaal burgerlijke staat;Dwingeloo;1995;3900.0;3938.0
8703;Totaal mannen en vrouwen;Totaal;Totaal burgerlijke staat;Dwingeloo;1996;3976.0;3988.0
8704;Totaal mannen en vrouwen;Totaal;Totaal burgerlijke staat;Dwingeloo;1997;4000.0;4021.0
8705;Totaal mannen en vrouwen;Totaal;Totaal burgerlijke staat;Dwingeloo;1998;;
8706;Totaal mannen en vrouwen;Totaal;Totaal burgerlijke staat;Dwingeloo;1999;;
8707;Totaal mannen en vrouwen;Totaal;Totaal burgerlijke staat;Dwingeloo;2000;;
8708;Totaal mannen en vrouwen;Totaal;Totaal burgerlijke staat;Dwingeloo;2001;;
8709;Totaal mannen en vrouwen;Totaal;Totaal burgerlijke staat;Dwingeloo;2002;;
8710;Totaal mannen en vrouwen;Totaal;Totaal burgerlijke staat;Dwingeloo;2003;;
8711;Totaal mannen en vrouwen;Totaal;Totaal burgerlijke staat;Dwingeloo;2004;;
8712;Totaal mannen en vrouwen;Totaal;Totaal burgerlijke staat;Dwingeloo;2005;;
8713;Totaal mannen en vrouwen;Totaal;Totaal burgerlijke staat;Dwingeloo;2006;;
8714;Totaal mannen en vrouwen;Totaal;Totaal burgerlijke staat;Dwingeloo;2007;;
8715;Totaal mannen en vrouwen;Totaal;Totaal burgerlijke staat;Dwingeloo;2008;;
8716;Totaal mannen en vrouwen;Totaal;Totaal burgerlijke staat;Dwingeloo;2009;;
8717;Totaal mannen en vrouwen;Totaal;Totaal burgerlijke staat;Dwingeloo;2010;;
8718;Totaal mannen en vrouwen;Totaal;Totaal burgerlijke staat;Dwingeloo;2011;;
8719;Totaal mannen en vrouwen;Totaal;Totaal burgerlijke staat;Dwingeloo;2012;;
8720;Totaal mannen en vrouwen;Totaal;Totaal burgerlijke staat;Dwingeloo;2013;;
8721;Totaal mannen en vrouwen;Totaal;Totaal burgerlijke staat;Dwingeloo;2014;;
8722;Totaal mannen en vrouwen;Totaal;Totaal burgerlijke staat;Dwingeloo;2015;;
8723;Totaal mannen en vrouwen;Totaal;Totaal burgerlijke staat;Dwingeloo;2016;;
8724;Totaal mannen en vrouwen;Totaal;Totaal burgerlijke staat;Dwingeloo;2017;;
8725;Totaal mannen en vrouwen;Totaal;Totaal burgerlijke staat;Dwingeloo;2018;;
8726;Totaal mannen en vrouwen;Totaal;Totaal burgerlijke staat;Dwingeloo;2019;;
8727;Totaal mannen en vrouwen;Totaal;Totaal burgerlijke staat;Dwingeloo;2020;;
8728;Totaal mannen en vrouwen;Totaal;Totaal burgerlijke staat;Dwingeloo;2021;;
8729;Totaal mannen en vrouwen;Totaal;Totaal burgerlijke staat;Dwingeloo;2022;;
8730;Totaal mannen en vrouwen;Totaal;Totaal burgerlijke staat;Dwingeloo;2023;;
8731;Totaal mannen en vrouwen;Totaal;Totaal burgerlijke staat;Dwingeloo;2024;;
8732;Totaal mannen en vrouwen;Totaal;Totaal burgerlijke staat;Echt;1988;16852.0;
8733;Totaal mannen en vrouwen;Totaal;Totaal burgerlijke staat;Echt;1989;16927.0;
8734;Totaal mannen en vrouwen;Totaal;Totaal burgerlijke staat;Echt;1990;17007.0;
8735;Totaal mannen en vrouwen;Totaal;Totaal burgerlijke staat;Echt;1991;18064.0;
8736;Totaal mannen en vrouwen;Totaal;Totaal burgerlijke staat;Echt;1992;18215.0;
8737;Totaal mannen en vrouwen;Totaal;Totaal burgerlijke staat;Echt;1993;18388.0;
8738;Totaal mannen en vrouwen;Totaal;Totaal burgerlijke staat;Echt;1994;18608.0;
8739;Totaal mannen en vrouwen;Totaal;Totaal burgerlijke staat;Echt;1995;18708.0;18755.5
8740;Totaal mannen en vrouwen;Totaal;Totaal burgerlijke staat;Echt;1996;18803.0;18820.0
8741;Totaal mannen en vrouwen;Totaal;Totaal burgerlijke staat;Echt;1997;18837.0;18921.0
8742;Totaal mannen en vrouwen;Totaal;Totaal burgerlijke staat;Echt;1998;19039.0;19023.5
8743;Totaal mannen en vrouwen;Totaal;Totaal burgerlijke staat;Echt;1999;19008.0;19017.0
8744;Totaal mannen en vrouwen;Totaal;Totaal burgerlijke staat;Echt;2000;19026.0;19131.5
8745;Totaal mannen en vrouwen;Totaal;Totaal burgerlijke staat;Echt;2001;19237.0;19194.5
8746;Totaal mannen en vrouwen;Totaal;Totaal burgerlijke staat;Echt;2002;19152.0;19149.5
8747;Totaal mannen en vrouwen;Totaal;Totaal burgerlijke staat;Echt;2003;;
8748;Totaal mannen en vrouwen;Totaal;Totaal burgerlijke staat;Echt;2004;;
8749;Totaal mannen en vrouwen;Totaal;Totaal burgerlijke staat;Echt;2005;;
8750;Totaal mannen en vrouwen;Totaal;Totaal burgerlijke staat;Echt;2006;;
8751;Totaal mannen en vrouwen;Totaal;Totaal burgerlijke staat;Echt;2007;;
8752;Totaal mannen en vrouwen;Totaal;Totaal burgerlijke staat;Echt;2008;;
8753;Totaal mannen en vrouwen;Totaal;Totaal burgerlijke staat;Echt;2009;;
8754;Totaal mannen en vrouwen;Totaal;Totaal burgerlijke staat;Echt;2010;;
8755;Totaal mannen en vrouwen;Totaal;Totaal burgerlijke staat;Echt;2011;;
8756;Totaal mannen en vrouwen;Totaal;Totaal burgerlijke staat;Echt;2012;;
8757;Totaal mannen en vrouwen;Totaal;Totaal burgerlijke staat;Echt;2013;;
8758;Totaal mannen en vrouwen;Totaal;Totaal burgerlijke staat;Echt;2014;;
8759;Totaal mannen en vrouwen;Totaal;Totaal burgerlijke staat;Echt;2015;;
8760;Totaal mannen en vrouwen;Totaal;Totaal burgerlijke staat;Echt;2016;;
8761;Totaal mannen en vrouwen;Totaal;Totaal burgerlijke staat;Echt;2017;;
8762;Totaal mannen en vrouwen;Totaal;Totaal burgerlijke staat;Echt;2018;;
8763;Totaal mannen en vrouwen;Totaal;Totaal burgerlijke staat;Echt;2019;;
8764;Totaal mannen en vrouwen;Totaal;Totaal burgerlijke staat;Echt;2020;;
8765;Totaal mannen en vrouwen;Totaal;Totaal burgerlijke staat;Echt;2021;;
8766;Totaal mannen en vrouwen;Totaal;Totaal burgerlijke staat;Echt;2022;;
8767;Totaal mannen en vrouwen;Totaal;Totaal burgerlijke staat;Echt;2023;;
8768;Totaal mannen en vrouwen;Totaal;Totaal burgerlijke staat;Echt;2024;;
8769;Totaal mannen en vrouwen;Totaal;Totaal burgerlijke staat;Echteld;1988;6442.0;
8770;Totaal mannen en vrouwen;Totaal;Totaal burgerlijke staat;Echteld;1989;6496.0;
8771;Totaal mannen en vrouwen;Totaal;Totaal burgerlijke staat;Echteld;1990;6521.0;
8772;Totaal mannen en vrouwen;Totaal;Totaal burgerlijke staat;Echteld;1991;6557.0;
8773;Totaal mannen en vrouwen;Totaal;Totaal burgerlijke staat;Echteld;1992;6610.0;
8774;Totaal mannen en vrouwen;Totaal;Totaal burgerlijke staat;Echteld;1993;6685.0;
8775;Totaal mannen en vrouwen;Totaal;Totaal burgerlijke staat;Echteld;1994;6770.0;
8776;Totaal mannen en vrouwen;Totaal;Totaal burgerlijke staat;Echteld;1995;6788.0;6738.0
8777;Totaal mannen en vrouwen;Totaal;Totaal burgerlijke staat;Echteld;1996;6688.0;6692.5
8778;Totaal mannen en vrouwen;Totaal;Totaal burgerlijke staat;Echteld;1997;6697.0;6693.0
8779;Totaal mannen en vrouwen;Totaal;Totaal burgerlijke staat;Echteld;1998;6689.0;6710.0
8780;Totaal mannen en vrouwen;Totaal;Totaal burgerlijke staat;Echteld;1999;6731.0;6718.0
8781;Totaal mannen en vrouwen;Totaal;Totaal burgerlijke staat;Echteld;2000;6705.0;6726.0
8782;Totaal mannen en vrouwen;Totaal;Totaal burgerlijke staat;Echteld;2001;6747.0;6749.5
8783;Totaal mannen en vrouwen;Totaal;Totaal burgerlijke staat;Echteld;2002;;
8784;Totaal mannen en vrouwen;Totaal;Totaal burgerlijke staat;Echteld;2003;;
8785;Totaal mannen en vrouwen;Totaal;Totaal burgerlijke staat;Echteld;2004;;
8786;Totaal mannen en vrouwen;Totaal;Totaal burgerlijke staat;Echteld;2005;;
8787;Totaal mannen en vrouwen;Totaal;Totaal burgerlijke staat;Echteld;2006;;
8788;Totaal mannen en vrouwen;Totaal;Totaal burgerlijke staat;Echteld;2007;;
8789;Totaal mannen en vrouwen;Totaal;Totaal burgerlijke staat;Echteld;2008;;
8790;Totaal mannen en vrouwen;Totaal;Totaal burgerlijke staat;Echteld;2009;;
8791;Totaal mannen en vrouwen;Totaal;Totaal burgerlijke staat;Echteld;2010;;
8792;Totaal mannen en vrouwen;Totaal;Totaal burgerlijke staat;Echteld;2011;;
8793;Totaal mannen en vrouwen;Totaal;Totaal burgerlijke staat;Echteld;2012;;
8794;Totaal mannen en vrouwen;Totaal;Totaal burgerlijke staat;Echteld;2013;;
8795;Totaal mannen en vrouwen;Totaal;Totaal burgerlijke staat;Echteld;2014;;
8796;Totaal mannen en vrouwen;Totaal;Totaal burgerlijke staat;Echteld;2015;;
8797;Totaal mannen en vrouwen;Totaal;Totaal burgerlijke staat;Echteld;2016;;
8798;Totaal mannen en vrouwen;Totaal;Totaal burgerlijke staat;Echteld;2017;;
8799;Totaal mannen en vrouwen;Totaal;Totaal burgerlijke staat;Echteld;2018;;
8800;Totaal mannen en vrouwen;Totaal;Totaal burgerlijke staat;Echteld;2019;;
8801;Totaal mannen en vrouwen;Totaal;Totaal burgerlijke staat;Echteld;2020;;
8802;Totaal mannen en vrouwen;Totaal;Totaal burgerlijke staat;Echteld;2021;;
8803;Totaal mannen en vrouwen;Totaal;Totaal burgerlijke staat;Echteld;2022;;
8804;Totaal mannen en vrouwen;Totaal;Totaal burgerlijke staat;Echteld;2023;;
8805;Totaal mannen en vrouwen;Totaal;Totaal burgerlijke staat;Echteld;2024;;
8806;Totaal mannen en vrouwen;Totaal;Totaal burgerlijke staat;Echt-Susteren;1988;;
8807;Totaal mannen en vrouwen;Totaal;Totaal burgerlijke staat;Echt-Susteren;1989;;
8808;Totaal mannen en vrouwen;Totaal;Totaal burgerlijke staat;Echt-Susteren;1990;;
8809;Totaal mannen en vrouwen;Totaal;Totaal burgerlijke staat;Echt-Susteren;1991;;
8810;Totaal mannen en vrouwen;Totaal;Totaal burgerlijke staat;Echt-Susteren;1992;;
8811;Totaal mannen en vrouwen;Totaal;Totaal burgerlijke staat;Echt-Susteren;1993;;
8812;Totaal mannen en vrouwen;Totaal;Totaal burgerlijke staat;Echt-Susteren;1994;;
8813;Totaal mannen en vrouwen;Totaal;Totaal burgerlijke staat;Echt-Susteren;1995;;
8814;Totaal mannen en vrouwen;Totaal;Totaal burgerlijke staat;Echt-Susteren;1996;;
8815;Totaal mannen en vrouwen;Totaal;Totaal burgerlijke staat;Echt-Susteren;1997;;
8816;Totaal mannen en vrouwen;Totaal;Totaal burgerlijke staat;Echt-Susteren;1998;;
8817;Totaal mannen en vrouwen;Totaal;Totaal burgerlijke staat;Echt-Susteren;1999;;
8818;Totaal mannen en vrouwen;Totaal;Totaal burgerlijke staat;Echt-Susteren;2000;;
8819;Totaal mannen en vrouwen;Totaal;Totaal burgerlijke staat;Echt-Susteren;2001;;
8820;Totaal mannen en vrouwen;Totaal;Totaal burgerlijke staat;Echt-Susteren;2002;;
8821;Totaal mannen en vrouwen;Totaal;Totaal burgerlijke staat;Echt-Susteren;2003;32107.0;32150.5
8822;Totaal mannen en vrouwen;Totaal;Totaal burgerlijke staat;Echt-Susteren;2004;32194.0;32258.0
8823;Totaal mannen en vrouwen;Totaal;Totaal burgerlijke staat;Echt-Susteren;2005;32322.0;32301.0
8824;Totaal mannen en vrouwen;Totaal;Totaal burgerlijke staat;Echt-Susteren;2006;32295.0;32320.0
8825;Totaal mannen en vrouwen;Totaal;Totaal burgerlijke staat;Echt-Susteren;2007;32345.0;32258.5
8826;Totaal mannen en vrouwen;Totaal;Totaal burgerlijke staat;Echt-Susteren;2008;32172.0;32110.5
8827;Totaal mannen en vrouwen;Totaal;Totaal burgerlijke staat;Echt-Susteren;2009;32049.0;32165.5
8828;Totaal mannen en vrouwen;Totaal;Totaal burgerlijke staat;Echt-Susteren;2010;32282.0;32273.0
8829;Totaal mannen en vrouwen;Totaal;Totaal burgerlijke staat;Echt-Susteren;2011;32264.0;32214.5
8830;Totaal mannen en vrouwen;Totaal;Totaal burgerlijke staat;Echt-Susteren;2012;32165.0;32118.5
8831;Totaal mannen en vrouwen;Totaal;Totaal burgerlijke staat;Echt-Susteren;2013;32072.0;32024.0
8832;Totaal mannen en vrouwen;Totaal;Totaal burgerlijke staat;Echt-Susteren;2014;31976.0;31961.5
8833;Totaal mannen en vrouwen;Totaal;Totaal burgerlijke staat;Echt-Susteren;2015;31947.0;31945.0
8834;Totaal mannen en vrouwen;Totaal;Totaal burgerlijke staat;Echt-Susteren;2016;31943.0;31879.0
8835;Totaal mannen en vrouwen;Totaal;Totaal burgerlijke staat;Echt-Susteren;2017;31815.0;31783.0
8836;Totaal mannen en vrouwen;Totaal;Totaal burgerlijke staat;Echt-Susteren;2018;31751.0;31694.5
8837;Totaal mannen en vrouwen;Totaal;Totaal burgerlijke staat;Echt-Susteren;2019;31638.0;31624.0
8838;Totaal mannen en vrouwen;Totaal;Totaal burgerlijke staat;Echt-Susteren;2020;31610.0;31680.5
8839;Totaal mannen en vrouwen;Totaal;Totaal burgerlijke staat;Echt-Susteren;2021;31751.0;31741.0
8840;Totaal mannen en vrouwen;Totaal;Totaal burgerlijke staat;Echt-Susteren;2022;31731.0;31849.0
8841;Totaal mannen en vrouwen;Totaal;Totaal burgerlijke staat;Echt-Susteren;2023;31967.0;32004.0
8842;Totaal mannen en vrouwen;Totaal;Totaal burgerlijke staat;Echt-Susteren;2024;32041.0;
8843;Totaal mannen en vrouwen;Totaal;Totaal burgerlijke staat;Edam-Volendam;1988;24406.0;
8844;Totaal mannen en vrouwen;Totaal;Totaal burgerlijke staat;Edam-Volendam;1989;24572.0;
8845;Totaal mannen en vrouwen;Totaal;Totaal burgerlijke staat;Edam-Volendam;1990;24766.0;
8846;Totaal mannen en vrouwen;Totaal;Totaal burgerlijke staat;Edam-Volendam;1991;24839.0;
8847;Totaal mannen en vrouwen;Totaal;Totaal burgerlijke staat;Edam-Volendam;1992;24968.0;
8848;Totaal mannen en vrouwen;Totaal;Totaal burgerlijke staat;Edam-Volendam;1993;25242.0;
8849;Totaal mannen en vrouwen;Totaal;Totaal burgerlijke staat;Edam-Volendam;1994;25640.0;
8850;Totaal mannen en vrouwen;Totaal;Totaal burgerlijke staat;Edam-Volendam;1995;25990.0;26122.5
8851;Totaal mannen en vrouwen;Totaal;Totaal burgerlijke staat;Edam-Volendam;1996;26255.0;26380.0
8852;Totaal mannen en vrouwen;Totaal;Totaal burgerlijke staat;Edam-Volendam;1997;26505.0;26672.5
8853;Totaal mannen en vrouwen;Totaal;Totaal burgerlijke staat;Edam-Volendam;1998;26840.0;26988.0
8854;Totaal mannen en vrouwen;Totaal;Totaal burgerlijke staat;Edam-Volendam;1999;27136.0;27298.0
8855;Totaal mannen en vrouwen;Totaal;Totaal burgerlijke staat;Edam-Volendam;2000;27460.0;27573.5
8856;Totaal mannen en vrouwen;Totaal;Totaal burgerlijke staat;Edam-Volendam;2001;27687.0;27760.0
8857;Totaal mannen en vrouwen;Totaal;Totaal burgerlijke staat;Edam-Volendam;2002;27833.0;27948.0
8858;Totaal mannen en vrouwen;Totaal;Totaal burgerlijke staat;Edam-Volendam;2003;28063.0;28128.5
8859;Totaal mannen en vrouwen;Totaal;Totaal burgerlijke staat;Edam-Volendam;2004;28194.0;28263.5
8860;Totaal mannen en vrouwen;Totaal;Totaal burgerlijke staat;Edam-Volendam;2005;28333.0;28396.0
8861;Totaal mannen en vrouwen;Totaal;Totaal burgerlijke staat;Edam-Volendam;2006;28459.0;28476.5
8862;Totaal mannen en vrouwen;Totaal;Totaal burgerlijke staat;Edam-Volendam;2007;28494.0;28471.0
8863;Totaal mannen en vrouwen;Totaal;Totaal burgerlijke staat;Edam-Volendam;2008;28448.0;28465.5
8864;Totaal mannen en vrouwen;Totaal;Totaal burgerlijke staat;Edam-Volendam;2009;28483.0;28494.5
8865;Totaal mannen en vrouwen;Totaal;Totaal burgerlijke staat;Edam-Volendam;2010;28506.0;28544.5
8866;Totaal mannen en vrouwen;Totaal;Totaal burgerlijke staat;Edam-Volendam;2011;28583.0;28641.5
8867;Totaal mannen en vrouwen;Totaal;Totaal burgerlijke staat;Edam-Volendam;2012;28700.0;28727.0
8868;Totaal mannen en vrouwen;Totaal;Totaal burgerlijke staat;Edam-Volendam;2013;28754.0;28837.0
8869;Totaal mannen en vrouwen;Totaal;Totaal burgerlijke staat;Edam-Volendam;2014;28920.0;29003.5
8870;Totaal mannen en vrouwen;Totaal;Totaal burgerlijke staat;Edam-Volendam;2015;29087.0;29155.5
8871;Totaal mannen en vrouwen;Totaal;Totaal burgerlijke staat;Edam-Volendam;2016;35465.0;35632.5
8872;Totaal mannen en vrouwen;Totaal;Totaal burgerlijke staat;Edam-Volendam;2017;35800.0;35876.5
8873;Totaal mannen en vrouwen;Totaal;Totaal burgerlijke staat;Edam-Volendam;2018;35953.0;36026.0
8874;Totaal mannen en vrouwen;Totaal;Totaal burgerlijke staat;Edam-Volendam;2019;36099.0;36148.0
8875;Totaal mannen en vrouwen;Totaal;Totaal burgerlijke staat;Edam-Volendam;2020;36197.0;36232.5
8876;Totaal mannen en vrouwen;Totaal;Totaal burgerlijke staat;Edam-Volendam;2021;36268.0;36369.5
8877;Totaal mannen en vrouwen;Totaal;Totaal burgerlijke staat;Edam-Volendam;2022;36471.0;36615.5
8878;Totaal mannen en vrouwen;Totaal;Totaal burgerlijke staat;Edam-Volendam;2023;36760.0;36838.5
8879;Totaal mannen en vrouwen;Totaal;Totaal burgerlijke staat;Edam-Volendam;2024;36917.0;
8880;Totaal mannen en vrouwen;Totaal;Totaal burgerlijke staat;Ede;1988;91246.0;
8881;Totaal mannen en vrouwen;Totaal;Totaal burgerlijke staat;Ede;1989;92293.0;
8882;Totaal mannen en vrouwen;Totaal;Totaal burgerlijke staat;Ede;1990;93377.0;
8883;Totaal mannen en vrouwen;Totaal;Totaal burgerlijke staat;Ede;1991;94754.0;
8884;Totaal mannen en vrouwen;Totaal;Totaal burgerlijke staat;Ede;1992;96044.0;
8885;Totaal mannen en vrouwen;Totaal;Totaal burgerlijke staat;Ede;1993;97230.0;
8886;Totaal mannen en vrouwen;Totaal;Totaal burgerlijke staat;Ede;1994;98220.0;
8887;Totaal mannen en vrouwen;Totaal;Totaal burgerlijke staat;Ede;1995;99158.0;99542.5
8888;Totaal mannen en vrouwen;Totaal;Totaal burgerlijke staat;Ede;1996;99927.0;100427.0
8889;Totaal mannen en vrouwen;Totaal;Totaal burgerlijke staat;Ede;1997;100927.0;101226.5
8890;Totaal mannen en vrouwen;Totaal;Totaal burgerlijke staat;Ede;1998;101319.0;101430.5
8891;Totaal mannen en vrouwen;Totaal;Totaal burgerlijke staat;Ede;1999;101542.0;101621.0
8892;Totaal mannen en vrouwen;Totaal;Totaal burgerlijke staat;Ede;2000;101700.0;102052.5
8893;Totaal mannen en vrouwen;Totaal;Totaal burgerlijke staat;Ede;2001;102405.0;103056.5
8894;Totaal mannen en vrouwen;Totaal;Totaal burgerlijke staat;Ede;2002;103708.0;104239.5
8895;Totaal mannen en vrouwen;Totaal;Totaal burgerlijke staat;Ede;2003;104771.0;105133.0
8896;Totaal mannen en vrouwen;Totaal;Totaal burgerlijke staat;Ede;2004;105495.0;105955.5
8897;Totaal mannen en vrouwen;Totaal;Totaal burgerlijke staat;Ede;2005;106416.0;106732.0
8898;Totaal mannen en vrouwen;Totaal;Totaal burgerlijke staat;Ede;2006;107048.0;107274.0
8899;Totaal mannen en vrouwen;Totaal;Totaal burgerlijke staat;Ede;2007;107500.0;107593.0
8900;Totaal mannen en vrouwen;Totaal;Totaal burgerlijke staat;Ede;2008;107686.0;107654.5
8901;Totaal mannen en vrouwen;Totaal;Totaal burgerlijke staat;Ede;2009;107623.0;107689.5
8902;Totaal mannen en vrouwen;Totaal;Totaal burgerlijke staat;Ede;2010;107756.0;108020.5
8903;Totaal mannen en vrouwen;Totaal;Totaal burgerlijke staat;Ede;2011;108285.0;108524.0
8904;Totaal mannen en vrouwen;Totaal;Totaal burgerlijke staat;Ede;2012;108763.0;109293.0
8905;Totaal mannen en vrouwen;Totaal;Totaal burgerlijke staat;Ede;2013;109823.0;110239.5
8906;Totaal mannen en vrouwen;Totaal;Totaal burgerlijke staat;Ede;2014;110656.0;111115.5
8907;Totaal mannen en vrouwen;Totaal;Totaal burgerlijke staat;Ede;2015;111575.0;112001.0
8908;Totaal mannen en vrouwen;Totaal;Totaal burgerlijke staat;Ede;2016;112427.0;112924.0
8909;Totaal mannen en vrouwen;Totaal;Totaal burgerlijke staat;Ede;2017;113421.0;114051.5
8910;Totaal mannen en vrouwen;Totaal;Totaal burgerlijke staat;Ede;2018;114682.0;115196.0
8911;Totaal mannen en vrouwen;Totaal;Totaal burgerlijke staat;Ede;2019;115710.0;116437.5
8912;Totaal mannen en vrouwen;Totaal;Totaal burgerlijke staat;Ede;2020;117165.0;117847.5
8913;Totaal mannen en vrouwen;Totaal;Totaal burgerlijke staat;Ede;2021;118530.0;119258.0
8914;Totaal mannen en vrouwen;Totaal;Totaal burgerlijke staat;Ede;2022;119986.0;120999.0
8915;Totaal mannen en vrouwen;Totaal;Totaal burgerlijke staat;Ede;2023;122012.0;122772.0
8916;Totaal mannen en vrouwen;Totaal;Totaal burgerlijke staat;Ede;2024;123532.0;
8917;Totaal mannen en vrouwen;Totaal;Totaal burgerlijke staat;Eelde;1988;10404.0;
8918;Totaal mannen en vrouwen;Totaal;Totaal burgerlijke staat;Eelde;1989;10444.0;
8919;Totaal mannen en vrouwen;Totaal;Totaal burgerlijke staat;Eelde;1990;10392.0;
8920;Totaal mannen en vrouwen;Totaal;Totaal burgerlijke staat;Eelde;1991;10467.0;
8921;Totaal mannen en vrouwen;Totaal;Totaal burgerlijke staat;Eelde;1992;10502.0;
8922;Totaal mannen en vrouwen;Totaal;Totaal burgerlijke staat;Eelde;1993;10674.0;
8923;Totaal mannen en vrouwen;Totaal;Totaal burgerlijke staat;Eelde;1994;10732.0;
8924;Totaal mannen en vrouwen;Totaal;Totaal burgerlijke staat;Eelde;1995;10772.0;10754.5
8925;Totaal mannen en vrouwen;Totaal;Totaal burgerlijke staat;Eelde;1996;10737.0;10751.0
8926;Totaal mannen en vrouwen;Totaal;Totaal burgerlijke staat;Eelde;1997;10765.0;10780.0
8927;Totaal mannen en vrouwen;Totaal;Totaal burgerlijke staat;Eelde;1998;;
8928;Totaal mannen en vrouwen;Totaal;Totaal burgerlijke staat;Eelde;1999;;
8929;Totaal mannen en vrouwen;Totaal;Totaal burgerlijke staat;Eelde;2000;;
8930;Totaal mannen en vrouwen;Totaal;Totaal burgerlijke staat;Eelde;2001;;
8931;Totaal mannen en vrouwen;Totaal;Totaal burgerlijke staat;Eelde;2002;;
8932;Totaal mannen en vrouwen;Totaal;Totaal burgerlijke staat;Eelde;2003;;
8933;Totaal mannen en vrouwen;Totaal;Totaal burgerlijke staat;Eelde;2004;;
8934;Totaal mannen en vrouwen;Totaal;Totaal burgerlijke staat;Eelde;2005;;
8935;Totaal mannen en vrouwen;Totaal;Totaal burgerlijke staat;Eelde;2006;;
8936;Totaal mannen en vrouwen;Totaal;Totaal burgerlijke staat;Eelde;2007;;
8937;Totaal mannen en vrouwen;Totaal;Totaal burgerlijke staat;Eelde;2008;;
8938;Totaal mannen en vrouwen;Totaal;Totaal burgerlijke staat;Eelde;2009;;
8939;Totaal mannen en vrouwen;Totaal;Totaal burgerlijke staat;Eelde;2010;;
8940;Totaal mannen en vrouwen;Totaal;Totaal burgerlijke staat;Eelde;2011;;
8941;Totaal mannen en vrouwen;Totaal;Totaal burgerlijke staat;Eelde;2012;;
8942;Totaal mannen en vrouwen;Totaal;Totaal burgerlijke staat;Eelde;2013;;
8943;Totaal mannen en vrouwen;Totaal;Totaal burgerlijke staat;Eelde;2014;;
8944;Totaal mannen en vrouwen;Totaal;Totaal burgerlijke staat;Eelde;2015;;
8945;Totaal mannen en vrouwen;Totaal;Totaal burgerlijke staat;Eelde;2016;;
8946;Totaal mannen en vrouwen;Totaal;Totaal burgerlijke staat;Eelde;2017;;
8947;Totaal mannen en vrouwen;Totaal;Totaal burgerlijke staat;Eelde;2018;;
8948;Totaal mannen en vrouwen;Totaal;Totaal burgerlijke staat;Eelde;2019;;
8949;Totaal mannen en vrouwen;Totaal;Totaal burgerlijke staat;Eelde;2020;;
8950;Totaal mannen en vrouwen;Totaal;Totaal burgerlijke staat;Eelde;2021;;
8951;Totaal mannen en vrouwen;Totaal;Totaal burgerlijke staat;Eelde;2022;;
8952;Totaal mannen en vrouwen;Totaal;Totaal burgerlijke staat;Eelde;2023;;
8953;Totaal mannen en vrouwen;Totaal;Totaal burgerlijke staat;Eelde;2024;;
8954;Totaal mannen en vrouwen;Totaal;Totaal burgerlijke staat;Eemnes;1988;7282.0;
8955;Totaal mannen en vrouwen;Totaal;Totaal burgerlijke staat;Eemnes;1989;7394.0;
8956;Totaal mannen en vrouwen;Totaal;Totaal burgerlijke staat;Eemnes;1990;7513.0;
8957;Totaal mannen en vrouwen;Totaal;Totaal burgerlijke staat;Eemnes;1991;7636.0;
8958;Totaal mannen en vrouwen;Totaal;Totaal burgerlijke staat;Eemnes;1992;7718.0;
8959;Totaal mannen en vrouwen;Totaal;Totaal burgerlijke staat;Eemnes;1993;7856.0;
8960;Totaal mannen en vrouwen;Totaal;Totaal burgerlijke staat;Eemnes;1994;8027.0;
8961;Totaal mannen en vrouwen;Totaal;Totaal burgerlijke staat;Eemnes;1995;8117.0;8152.5
8962;Totaal mannen en vrouwen;Totaal;Totaal burgerlijke staat;Eemnes;1996;8188.0;8210.0
8963;Totaal mannen en vrouwen;Totaal;Totaal burgerlijke staat;Eemnes;1997;8232.0;8264.5
8964;Totaal mannen en vrouwen;Totaal;Totaal burgerlijke staat;Eemnes;1998;8297.0;8339.0
8965;Totaal mannen en vrouwen;Totaal;Totaal burgerlijke staat;Eemnes;1999;8381.0;8500.0
8966;Totaal mannen en vrouwen;Totaal;Totaal burgerlijke staat;Eemnes;2000;8619.0;8639.5
8967;Totaal mannen en vrouwen;Totaal;Totaal burgerlijke staat;Eemnes;2001;8660.0;8634.5
8968;Totaal mannen en vrouwen;Totaal;Totaal burgerlijke staat;Eemnes;2002;8609.0;8619.5
8969;Totaal mannen en vrouwen;Totaal;Totaal burgerlijke staat;Eemnes;2003;8630.0;8650.0
8970;Totaal mannen en vrouwen;Totaal;Totaal burgerlijke staat;Eemnes;2004;8670.0;8727.5
8971;Totaal mannen en vrouwen;Totaal;Totaal burgerlijke staat;Eemnes;2005;8785.0;8822.0
8972;Totaal mannen en vrouwen;Totaal;Totaal burgerlijke staat;Eemnes;2006;8859.0;8875.0
8973;Totaal mannen en vrouwen;Totaal;Totaal burgerlijke staat;Eemnes;2007;8891.0;8927.5
8974;Totaal mannen en vrouwen;Totaal;Totaal burgerlijke staat;Eemnes;2008;8964.0;8922.0
8975;Totaal mannen en vrouwen;Totaal;Totaal burgerlijke staat;Eemnes;2009;8880.0;8858.5
8976;Totaal mannen en vrouwen;Totaal;Totaal burgerlijke staat;Eemnes;2010;8837.0;8841.0
8977;Totaal mannen en vrouwen;Totaal;Totaal burgerlijke staat;Eemnes;2011;8845.0;8834.5
8978;Totaal mannen en vrouwen;Totaal;Totaal burgerlijke staat;Eemnes;2012;8824.0;8809.5
8979;Totaal mannen en vrouwen;Totaal;Totaal burgerlijke staat;Eemnes;2013;8795.0;8787.0
8980;Totaal mannen en vrouwen;Totaal;Totaal burgerlijke staat;Eemnes;2014;8779.0;8793.0
8981;Totaal mannen en vrouwen;Totaal;Totaal burgerlijke staat;Eemnes;2015;8807.0;8842.0
8982;Totaal mannen en vrouwen;Totaal;Totaal burgerlijke staat;Eemnes;2016;8877.0;8938.0
8983;Totaal mannen en vrouwen;Totaal;Totaal burgerlijke staat;Eemnes;2017;8999.0;9055.5
8984;Totaal mannen en vrouwen;Totaal;Totaal burgerlijke staat;Eemnes;2018;9112.0;9112.5
8985;Totaal mannen en vrouwen;Totaal;Totaal burgerlijke staat;Eemnes;2019;9113.0;9180.0
8986;Totaal mannen en vrouwen;Totaal;Totaal burgerlijke staat;Eemnes;2020;9247.0;9304.5
8987;Totaal mannen en vrouwen;Totaal;Totaal burgerlijke staat;Eemnes;2021;9362.0;9406.0
8988;Totaal mannen en vrouwen;Totaal;Totaal burgerlijke staat;Eemnes;2022;9450.0;9524.0
8989;Totaal mannen en vrouwen;Totaal;Totaal burgerlijke staat;Eemnes;2023;9598.0;9676.5
8990;Totaal mannen en vrouwen;Totaal;Totaal burgerlijke staat;Eemnes;2024;9755.0;
8991;Totaal mannen en vrouwen;Totaal;Totaal burgerlijke staat;Eemsdelta;1988;;
8992;Totaal mannen en vrouwen;Totaal;Totaal burgerlijke staat;Eemsdelta;1989;;
8993;Totaal mannen en vrouwen;Totaal;Totaal burgerlijke staat;Eemsdelta;1990;;
8994;Totaal mannen en vrouwen;Totaal;Totaal burgerlijke staat;Eemsdelta;1991;;
8995;Totaal mannen en vrouwen;Totaal;Totaal burgerlijke staat;Eemsdelta;1992;;
8996;Totaal mannen en vrouwen;Totaal;Totaal burgerlijke staat;Eemsdelta;1993;;
8997;Totaal mannen en vrouwen;Totaal;Totaal burgerlijke staat;Eemsdelta;1994;;
8998;Totaal mannen en vrouwen;Totaal;Totaal burgerlijke staat;Eemsdelta;1995;;
8999;Totaal mannen en vrouwen;Totaal;Totaal burgerlijke staat;Eemsdelta;1996;;
9000;Totaal mannen en vrouwen;Totaal;Totaal burgerlijke staat;Eemsdelta;1997;;
9001;Totaal mannen en vrouwen;Totaal;Totaal burgerlijke staat;Eemsdelta;1998;;
9002;Totaal mannen en vrouwen;Totaal;Totaal burgerlijke staat;Eemsdelta;1999;;
9003;Totaal mannen en vrouwen;Totaal;Totaal burgerlijke staat;Eemsdelta;2000;;
9004;Totaal mannen en vrouwen;Totaal;Totaal burgerlijke staat;Eemsdelta;2001;;
9005;Totaal mannen en vrouwen;Totaal;Totaal burgerlijke staat;Eemsdelta;2002;;
9006;Totaal mannen en vrouwen;Totaal;Totaal burgerlijke staat;Eemsdelta;2003;;
9007;Totaal mannen en vrouwen;Totaal;Totaal burgerlijke staat;Eemsdelta;2004;;
9008;Totaal mannen en vrouwen;Totaal;Totaal burgerlijke staat;Eemsdelta;2005;;
9009;Totaal mannen en vrouwen;Totaal;Totaal burgerlijke staat;Eemsdelta;2006;;
9010;Totaal mannen en vrouwen;Totaal;Totaal burgerlijke staat;Eemsdelta;2007;;
9011;Totaal mannen en vrouwen;Totaal;Totaal burgerlijke staat;Eemsdelta;2008;;
9012;Totaal mannen en vrouwen;Totaal;Totaal burgerlijke staat;Eemsdelta;2009;;
9013;Totaal mannen en vrouwen;Totaal;Totaal burgerlijke staat;Eemsdelta;2010;;
9014;Totaal mannen en vrouwen;Totaal;Totaal burgerlijke staat;Eemsdelta;2011;;
9015;Totaal mannen en vrouwen;Totaal;Totaal burgerlijke staat;Eemsdelta;2012;;
9016;Totaal mannen en vrouwen;Totaal;Totaal burgerlijke staat;Eemsdelta;2013;;
9017;Totaal mannen en vrouwen;Totaal;Totaal burgerlijke staat;Eemsdelta;2014;;
9018;Totaal mannen en vrouwen;Totaal;Totaal burgerlijke staat;Eemsdelta;2015;;
9019;Totaal mannen en vrouwen;Totaal;Totaal burgerlijke staat;Eemsdelta;2016;;
9020;Totaal mannen en vrouwen;Totaal;Totaal burgerlijke staat;Eemsdelta;2017;;
9021;Totaal mannen en vrouwen;Totaal;Totaal burgerlijke staat;Eemsdelta;2018;;
9022;Totaal mannen en vrouwen;Totaal;Totaal burgerlijke staat;Eemsdelta;2019;;
9023;Totaal mannen en vrouwen;Totaal;Totaal burgerlijke staat;Eemsdelta;2020;;
9024;Totaal mannen en vrouwen;Totaal;Totaal burgerlijke staat;Eemsdelta;2021;45587.0;45488.0
9025;Totaal mannen en vrouwen;Totaal;Totaal burgerlijke staat;Eemsdelta;2022;45389.0;45391.5
9026;Totaal mannen en vrouwen;Totaal;Totaal burgerlijke staat;Eemsdelta;2023;45394.0;45250.0
9027;Totaal mannen en vrouwen;Totaal;Totaal burgerlijke staat;Eemsdelta;2024;45106.0;
9028;Totaal mannen en vrouwen;Totaal;Totaal burgerlijke staat;Eemsmond;1988;;
9029;Totaal mannen en vrouwen;Totaal;Totaal burgerlijke staat;Eemsmond;1989;;
9030;Totaal mannen en vrouwen;Totaal;Totaal burgerlijke staat;Eemsmond;1990;;
9031;Totaal mannen en vrouwen;Totaal;Totaal burgerlijke staat;Eemsmond;1991;;
9032;Totaal mannen en vrouwen;Totaal;Totaal burgerlijke staat;Eemsmond;1992;16184.0;
9033;Totaal mannen en vrouwen;Totaal;Totaal burgerlijke staat;Eemsmond;1993;16119.0;
9034;Totaal mannen en vrouwen;Totaal;Totaal burgerlijke staat;Eemsmond;1994;16149.0;
9035;Totaal mannen en vrouwen;Totaal;Totaal burgerlijke staat;Eemsmond;1995;16236.0;16236.5
9036;Totaal mannen en vrouwen;Totaal;Totaal burgerlijke staat;Eemsmond;1996;16237.0;16232.5
9037;Totaal mannen en vrouwen;Totaal;Totaal burgerlijke staat;Eemsmond;1997;16228.0;16272.0
9038;Totaal mannen en vrouwen;Totaal;Totaal burgerlijke staat;Eemsmond;1998;16316.0;16342.0
9039;Totaal mannen en vrouwen;Totaal;Totaal burgerlijke staat;Eemsmond;1999;16368.0;16400.0
9040;Totaal mannen en vrouwen;Totaal;Totaal burgerlijke staat;Eemsmond;2000;16432.0;16579.5
9041;Totaal mannen en vrouwen;Totaal;Totaal burgerlijke staat;Eemsmond;2001;16727.0;16887.5
9042;Totaal mannen en vrouwen;Totaal;Totaal burgerlijke staat;Eemsmond;2002;17048.0;17122.0
9043;Totaal mannen en vrouwen;Totaal;Totaal burgerlijke staat;Eemsmond;2003;17196.0;17061.5
9044;Totaal mannen en vrouwen;Totaal;Totaal burgerlijke staat;Eemsmond;2004;16927.0;16836.0
9045;Totaal mannen en vrouwen;Totaal;Totaal burgerlijke staat;Eemsmond;2005;16745.0;16720.0
9046;Totaal mannen en vrouwen;Totaal;Totaal burgerlijke staat;Eemsmond;2006;16695.0;16702.5
9047;Totaal mannen en vrouwen;Totaal;Totaal burgerlijke staat;Eemsmond;2007;16710.0;16626.0
9048;Totaal mannen en vrouwen;Totaal;Totaal burgerlijke staat;Eemsmond;2008;16542.0;16514.5
9049;Totaal mannen en vrouwen;Totaal;Totaal burgerlijke staat;Eemsmond;2009;16487.0;16456.5
9050;Totaal mannen en vrouwen;Totaal;Totaal burgerlijke staat;Eemsmond;2010;16426.0;16391.5
9051;Totaal mannen en vrouwen;Totaal;Totaal burgerlijke staat;Eemsmond;2011;16357.0;16296.0
9052;Totaal mannen en vrouwen;Totaal;Totaal burgerlijke staat;Eemsmond;2012;16235.0;16159.0
9053;Totaal mannen en vrouwen;Totaal;Totaal burgerlijke staat;Eemsmond;2013;16083.0;16005.5
9054;Totaal mannen en vrouwen;Totaal;Totaal burgerlijke staat;Eemsmond;2014;15928.0;15849.0
9055;Totaal mannen en vrouwen;Totaal;Totaal burgerlijke staat;Eemsmond;2015;15770.0;15792.5
9056;Totaal mannen en vrouwen;Totaal;Totaal burgerlijke staat;Eemsmond;2016;15815.0;15735.5
9057;Totaal mannen en vrouwen;Totaal;Totaal burgerlijke staat;Eemsmond;2017;15656.0;15604.5
9058;Totaal mannen en vrouwen;Totaal;Totaal burgerlijke staat;Eemsmond;2018;15553.0;15482.0
9059;Totaal mannen en vrouwen;Totaal;Totaal burgerlijke staat;Eemsmond;2019;;
9060;Totaal mannen en vrouwen;Totaal;Totaal burgerlijke staat;Eemsmond;2020;;
9061;Totaal mannen en vrouwen;Totaal;Totaal burgerlijke staat;Eemsmond;2021;;
9062;Totaal mannen en vrouwen;Totaal;Totaal burgerlijke staat;Eemsmond;2022;;
9063;Totaal mannen en vrouwen;Totaal;Totaal burgerlijke staat;Eemsmond;2023;;
9064;Totaal mannen en vrouwen;Totaal;Totaal burgerlijke staat;Eemsmond;2024;;
9065;Totaal mannen en vrouwen;Totaal;Totaal burgerlijke staat;Eenrum;1988;2417.0;
9066;Totaal mannen en vrouwen;Totaal;Totaal burgerlijke staat;Eenrum;1989;2385.0;
9067;Totaal mannen en vrouwen;Totaal;Totaal burgerlijke staat;Eenrum;1990;;
9068;Totaal mannen en vrouwen;Totaal;Totaal burgerlijke staat;Eenrum;1991;;
9069;Totaal mannen en vrouwen;Totaal;Totaal burgerlijke staat;Eenrum;1992;;
9070;Totaal mannen en vrouwen;Totaal;Totaal burgerlijke staat;Eenrum;1993;;
9071;Totaal mannen en vrouwen;Totaal;Totaal burgerlijke staat;Eenrum;1994;;
9072;Totaal mannen en vrouwen;Totaal;Totaal burgerlijke staat;Eenrum;1995;;
9073;Totaal mannen en vrouwen;Totaal;Totaal burgerlijke staat;Eenrum;1996;;
9074;Totaal mannen en vrouwen;Totaal;Totaal burgerlijke staat;Eenrum;1997;;
9075;Totaal mannen en vrouwen;Totaal;Totaal burgerlijke staat;Eenrum;1998;;
9076;Totaal mannen en vrouwen;Totaal;Totaal burgerlijke staat;Eenrum;1999;;
9077;Totaal mannen en vrouwen;Totaal;Totaal burgerlijke staat;Eenrum;2000;;
9078;Totaal mannen en vrouwen;Totaal;Totaal burgerlijke staat;Eenrum;2001;;
9079;Totaal mannen en vrouwen;Totaal;Totaal burgerlijke staat;Eenrum;2002;;
9080;Totaal mannen en vrouwen;Totaal;Totaal burgerlijke staat;Eenrum;2003;;
9081;Totaal mannen en vrouwen;Totaal;Totaal burgerlijke staat;Eenrum;2004;;
9082;Totaal mannen en vrouwen;Totaal;Totaal burgerlijke staat;Eenrum;2005;;
9083;Totaal mannen en vrouwen;Totaal;Totaal burgerlijke staat;Eenrum;2006;;
9084;Totaal mannen en vrouwen;Totaal;Totaal burgerlijke staat;Eenrum;2007;;
9085;Totaal mannen en vrouwen;Totaal;Totaal burgerlijke staat;Eenrum;2008;;
9086;Totaal mannen en vrouwen;Totaal;Totaal burgerlijke staat;Eenrum;2009;;
9087;Totaal mannen en vrouwen;Totaal;Totaal burgerlijke staat;Eenrum;2010;;
9088;Totaal mannen en vrouwen;Totaal;Totaal burgerlijke staat;Eenrum;2011;;
9089;Totaal mannen en vrouwen;Totaal;Totaal burgerlijke staat;Eenrum;2012;;
9090;Totaal mannen en vrouwen;Totaal;Totaal burgerlijke staat;Eenrum;2013;;
9091;Totaal mannen en vrouwen;Totaal;Totaal burgerlijke staat;Eenrum;2014;;
9092;Totaal mannen en vrouwen;Totaal;Totaal burgerlijke staat;Eenrum;2015;;
9093;Totaal mannen en vrouwen;Totaal;Totaal burgerlijke staat;Eenrum;2016;;
9094;Totaal mannen en vrouwen;Totaal;Totaal burgerlijke staat;Eenrum;2017;;
9095;Totaal mannen en vrouwen;Totaal;Totaal burgerlijke staat;Eenrum;2018;;
9096;Totaal mannen en vrouwen;Totaal;Totaal burgerlijke staat;Eenrum;2019;;
9097;Totaal mannen en vrouwen;Totaal;Totaal burgerlijke staat;Eenrum;2020;;
9098;Totaal mannen en vrouwen;Totaal;Totaal burgerlijke staat;Eenrum;2021;;
9099;Totaal mannen en vrouwen;Totaal;Totaal burgerlijke staat;Eenrum;2022;;
9100;Totaal mannen en vrouwen;Totaal;Totaal burgerlijke staat;Eenrum;2023;;
9101;Totaal mannen en vrouwen;Totaal;Totaal burgerlijke staat;Eenrum;2024;;
9102;Totaal mannen en vrouwen;Totaal;Totaal burgerlijke staat;Eersel;1988;12241.0;
9103;Totaal mannen en vrouwen;Totaal;Totaal burgerlijke staat;Eersel;1989;12350.0;
9104;Totaal mannen en vrouwen;Totaal;Totaal burgerlijke staat;Eersel;1990;12328.0;
9105;Totaal mannen en vrouwen;Totaal;Totaal burgerlijke staat;Eersel;1991;12428.0;
9106;Totaal mannen en vrouwen;Totaal;Totaal burgerlijke staat;Eersel;1992;12489.0;
9107;Totaal mannen en vrouwen;Totaal;Totaal burgerlijke staat;Eersel;1993;12471.0;
9108;Totaal mannen en vrouwen;Totaal;Totaal burgerlijke staat;Eersel;1994;12516.0;
9109;Totaal mannen en vrouwen;Totaal;Totaal burgerlijke staat;Eersel;1995;12672.0;12720.0
9110;Totaal mannen en vrouwen;Totaal;Totaal burgerlijke staat;Eersel;1996;12768.0;12802.0
9111;Totaal mannen en vrouwen;Totaal;Totaal burgerlijke staat;Eersel;1997;18236.0;18259.0
9112;Totaal mannen en vrouwen;Totaal;Totaal burgerlijke staat;Eersel;1998;18282.0;18253.0
9113;Totaal mannen en vrouwen;Totaal;Totaal burgerlijke staat;Eersel;1999;18224.0;18262.5
9114;Totaal mannen en vrouwen;Totaal;Totaal burgerlijke staat;Eersel;2000;18301.0;18308.0
9115;Totaal mannen en vrouwen;Totaal;Totaal burgerlijke staat;Eersel;2001;18315.0;18350.5
9116;Totaal mannen en vrouwen;Totaal;Totaal burgerlijke staat;Eersel;2002;18386.0;18387.5
9117;Totaal mannen en vrouwen;Totaal;Totaal burgerlijke staat;Eersel;2003;18389.0;18337.5
9118;Totaal mannen en vrouwen;Totaal;Totaal burgerlijke staat;Eersel;2004;18286.0;18290.5
9119;Totaal mannen en vrouwen;Totaal;Totaal burgerlijke staat;Eersel;2005;18295.0;18239.0
9120;Totaal mannen en vrouwen;Totaal;Totaal burgerlijke staat;Eersel;2006;18183.0;18112.0
9121;Totaal mannen en vrouwen;Totaal;Totaal burgerlijke staat;Eersel;2007;18041.0;18056.5
9122;Totaal mannen en vrouwen;Totaal;Totaal burgerlijke staat;Eersel;2008;18072.0;18088.0
9123;Totaal mannen en vrouwen;Totaal;Totaal burgerlijke staat;Eersel;2009;18104.0;18130.5
9124;Totaal mannen en vrouwen;Totaal;Totaal burgerlijke staat;Eersel;2010;18157.0;18161.5
9125;Totaal mannen en vrouwen;Totaal;Totaal burgerlijke staat;Eersel;2011;18166.0;18166.0
9126;Totaal mannen en vrouwen;Totaal;Totaal burgerlijke staat;Eersel;2012;18166.0;18181.0
9127;Totaal mannen en vrouwen;Totaal;Totaal burgerlijke staat;Eersel;2013;18196.0;18189.5
9128;Totaal mannen en vrouwen;Totaal;Totaal burgerlijke staat;Eersel;2014;18183.0;18265.0
9129;Totaal mannen en vrouwen;Totaal;Totaal burgerlijke staat;Eersel;2015;18347.0;18449.0
9130;Totaal mannen en vrouwen;Totaal;Totaal burgerlijke staat;Eersel;2016;18551.0;18552.5
9131;Totaal mannen en vrouwen;Totaal;Totaal burgerlijke staat;Eersel;2017;18554.0;18666.0
9132;Totaal mannen en vrouwen;Totaal;Totaal burgerlijke staat;Eersel;2018;18778.0;18944.0
9133;Totaal mannen en vrouwen;Totaal;Totaal burgerlijke staat;Eersel;2019;19110.0;19211.5
9134;Totaal mannen en vrouwen;Totaal;Totaal burgerlijke staat;Eersel;2020;19313.0;19420.5
9135;Totaal mannen en vrouwen;Totaal;Totaal burgerlijke staat;Eersel;2021;19528.0;19675.5
9136;Totaal mannen en vrouwen;Totaal;Totaal burgerlijke staat;Eersel;2022;19823.0;19913.5
9137;Totaal mannen en vrouwen;Totaal;Totaal burgerlijke staat;Eersel;2023;20004.0;20101.5
9138;Totaal mannen en vrouwen;Totaal;Totaal burgerlijke staat;Eersel;2024;20199.0;
9139;Totaal mannen en vrouwen;Totaal;Totaal burgerlijke staat;Egmond;1988;11081.0;
9140;Totaal mannen en vrouwen;Totaal;Totaal burgerlijke staat;Egmond;1989;11163.0;
9141;Totaal mannen en vrouwen;Totaal;Totaal burgerlijke staat;Egmond;1990;11293.0;
9142;Totaal mannen en vrouwen;Totaal;Totaal burgerlijke staat;Egmond;1991;11299.0;
9143;Totaal mannen en vrouwen;Totaal;Totaal burgerlijke staat;Egmond;1992;11481.0;
9144;Totaal mannen en vrouwen;Totaal;Totaal burgerlijke staat;Egmond;1993;11453.0;
9145;Totaal mannen en vrouwen;Totaal;Totaal burgerlijke staat;Egmond;1994;11518.0;
9146;Totaal mannen en vrouwen;Totaal;Totaal burgerlijke staat;Egmond;1995;11557.0;11556.5
9147;Totaal mannen en vrouwen;Totaal;Totaal burgerlijke staat;Egmond;1996;11556.0;11523.0
9148;Totaal mannen en vrouwen;Totaal;Totaal burgerlijke staat;Egmond;1997;11490.0;11462.5
9149;Totaal mannen en vrouwen;Totaal;Totaal burgerlijke staat;Egmond;1998;11435.0;11388.0
9150;Totaal mannen en vrouwen;Totaal;Totaal burgerlijke staat;Egmond;1999;11341.0;11359.0
9151;Totaal mannen en vrouwen;Totaal;Totaal burgerlijke staat;Egmond;2000;11377.0;11367.5
9152;Totaal mannen en vrouwen;Totaal;Totaal burgerlijke staat;Egmond;2001;;
9153;Totaal mannen en vrouwen;Totaal;Totaal burgerlijke staat;Egmond;2002;;
9154;Totaal mannen en vrouwen;Totaal;Totaal burgerlijke staat;Egmond;2003;;
9155;Totaal mannen en vrouwen;Totaal;Totaal burgerlijke staat;Egmond;2004;;
9156;Totaal mannen en vrouwen;Totaal;Totaal burgerlijke staat;Egmond;2005;;
9157;Totaal mannen en vrouwen;Totaal;Totaal burgerlijke staat;Egmond;2006;;
9158;Totaal mannen en vrouwen;Totaal;Totaal burgerlijke staat;Egmond;2007;;
9159;Totaal mannen en vrouwen;Totaal;Totaal burgerlijke staat;Egmond;2008;;
9160;Totaal mannen en vrouwen;Totaal;Totaal burgerlijke staat;Egmond;2009;;
9161;Totaal mannen en vrouwen;Totaal;Totaal burgerlijke staat;Egmond;2010;;
9162;Totaal mannen en vrouwen;Totaal;Totaal burgerlijke staat;Egmond;2011;;
9163;Totaal mannen en vrouwen;Totaal;Totaal burgerlijke staat;Egmond;2012;;
9164;Totaal mannen en vrouwen;Totaal;Totaal burgerlijke staat;Egmond;2013;;
9165;Totaal mannen en vrouwen;Totaal;Totaal burgerlijke staat;Egmond;2014;;
9166;Totaal mannen en vrouwen;Totaal;Totaal burgerlijke staat;Egmond;2015;;
9167;Totaal mannen en vrouwen;Totaal;Totaal burgerlijke staat;Egmond;2016;;
9168;Totaal mannen en vrouwen;Totaal;Totaal burgerlijke staat;Egmond;2017;;
9169;Totaal mannen en vrouwen;Totaal;Totaal burgerlijke staat;Egmond;2018;;
9170;Totaal mannen en vrouwen;Totaal;Totaal burgerlijke staat;Egmond;2019;;
9171;Totaal mannen en vrouwen;Totaal;Totaal burgerlijke staat;Egmond;2020;;
9172;Totaal mannen en vrouwen;Totaal;Totaal burgerlijke staat;Egmond;2021;;
9173;Totaal mannen en vrouwen;Totaal;Totaal burgerlijke staat;Egmond;2022;;
9174;Totaal mannen en vrouwen;Totaal;Totaal burgerlijke staat;Egmond;2023;;
9175;Totaal mannen en vrouwen;Totaal;Totaal burgerlijke staat;Egmond;2024;;
9176;Totaal mannen en vrouwen;Totaal;Totaal burgerlijke staat;Eibergen;1988;16179.0;
9177;Totaal mannen en vrouwen;Totaal;Totaal burgerlijke staat;Eibergen;1989;16260.0;
9178;Totaal mannen en vrouwen;Totaal;Totaal burgerlijke staat;Eibergen;1990;16278.0;
9179;Totaal mannen en vrouwen;Totaal;Totaal burgerlijke staat;Eibergen;1991;16307.0;
9180;Totaal mannen en vrouwen;Totaal;Totaal burgerlijke staat;Eibergen;1992;16303.0;
9181;Totaal mannen en vrouwen;Totaal;Totaal burgerlijke staat;Eibergen;1993;16331.0;
9182;Totaal mannen en vrouwen;Totaal;Totaal burgerlijke staat;Eibergen;1994;16268.0;
9183;Totaal mannen en vrouwen;Totaal;Totaal burgerlijke staat;Eibergen;1995;16341.0;16385.5
9184;Totaal mannen en vrouwen;Totaal;Totaal burgerlijke staat;Eibergen;1996;16430.0;16440.0
9185;Totaal mannen en vrouwen;Totaal;Totaal burgerlijke staat;Eibergen;1997;16450.0;16470.5
9186;Totaal mannen en vrouwen;Totaal;Totaal burgerlijke staat;Eibergen;1998;16491.0;16509.0
9187;Totaal mannen en vrouwen;Totaal;Totaal burgerlijke staat;Eibergen;1999;16527.0;16553.5
9188;Totaal mannen en vrouwen;Totaal;Totaal burgerlijke staat;Eibergen;2000;16580.0;16637.5
9189;Totaal mannen en vrouwen;Totaal;Totaal burgerlijke staat;Eibergen;2001;16695.0;16710.5
9190;Totaal mannen en vrouwen;Totaal;Totaal burgerlijke staat;Eibergen;2002;16726.0;16744.0
9191;Totaal mannen en vrouwen;Totaal;Totaal burgerlijke staat;Eibergen;2003;16762.0;16694.0
9192;Totaal mannen en vrouwen;Totaal;Totaal burgerlijke staat;Eibergen;2004;16626.0;16595.0
9193;Totaal mannen en vrouwen;Totaal;Totaal burgerlijke staat;Eibergen;2005;;
9194;Totaal mannen en vrouwen;Totaal;Totaal burgerlijke staat;Eibergen;2006;;
9195;Totaal mannen en vrouwen;Totaal;Totaal burgerlijke staat;Eibergen;2007;;
9196;Totaal mannen en vrouwen;Totaal;Totaal burgerlijke staat;Eibergen;2008;;
9197;Totaal mannen en vrouwen;Totaal;Totaal burgerlijke staat;Eibergen;2009;;
9198;Totaal mannen en vrouwen;Totaal;Totaal burgerlijke staat;Eibergen;2010;;
9199;Totaal mannen en vrouwen;Totaal;Totaal burgerlijke staat;Eibergen;2011;;
9200;Totaal mannen en vrouwen;Totaal;Totaal burgerlijke staat;Eibergen;2012;;
9201;Totaal mannen en vrouwen;Totaal;Totaal burgerlijke staat;Eibergen;2013;;
9202;Totaal mannen en vrouwen;Totaal;Totaal burgerlijke staat;Eibergen;2014;;
9203;Totaal mannen en vrouwen;Totaal;Totaal burgerlijke staat;Eibergen;2015;;
9204;Totaal mannen en vrouwen;Totaal;Totaal burgerlijke staat;Eibergen;2016;;
9205;Totaal mannen en vrouwen;Totaal;Totaal burgerlijke staat;Eibergen;2017;;
9206;Totaal mannen en vrouwen;Totaal;Totaal burgerlijke staat;Eibergen;2018;;
9207;Totaal mannen en vrouwen;Totaal;Totaal burgerlijke staat;Eibergen;2019;;
9208;Totaal mannen en vrouwen;Totaal;Totaal burgerlijke staat;Eibergen;2020;;
9209;Totaal mannen en vrouwen;Totaal;Totaal burgerlijke staat;Eibergen;2021;;
9210;Totaal mannen en vrouwen;Totaal;Totaal burgerlijke staat;Eibergen;2022;;
9211;Totaal mannen en vrouwen;Totaal;Totaal burgerlijke staat;Eibergen;2023;;
9212;Totaal mannen en vrouwen;Totaal;Totaal burgerlijke staat;Eibergen;2024;;
9213;Totaal mannen en vrouwen;Totaal;Totaal burgerlijke staat;Eijsden;1988;10996.0;
9214;Totaal mannen en vrouwen;Totaal;Totaal burgerlijke staat;Eijsden;1989;11074.0;
9215;Totaal mannen en vrouwen;Totaal;Totaal burgerlijke staat;Eijsden;1990;11199.0;
9216;Totaal mannen en vrouwen;Totaal;Totaal burgerlijke staat;Eijsden;1991;11386.0;
9217;Totaal mannen en vrouwen;Totaal;Totaal burgerlijke staat;Eijsden;1992;11452.0;
9218;Totaal mannen en vrouwen;Totaal;Totaal burgerlijke staat;Eijsden;1993;11551.0;
9219;Totaal mannen en vrouwen;Totaal;Totaal burgerlijke staat;Eijsden;1994;11649.0;
9220;Totaal mannen en vrouwen;Totaal;Totaal burgerlijke staat;Eijsden;1995;11722.0;11775.5
9221;Totaal mannen en vrouwen;Totaal;Totaal burgerlijke staat;Eijsden;1996;11829.0;11844.5
9222;Totaal mannen en vrouwen;Totaal;Totaal burgerlijke staat;Eijsden;1997;11860.0;11866.5
9223;Totaal mannen en vrouwen;Totaal;Totaal burgerlijke staat;Eijsden;1998;11873.0;11969.5
9224;Totaal mannen en vrouwen;Totaal;Totaal burgerlijke staat;Eijsden;1999;12038.0;12087.5
9225;Totaal mannen en vrouwen;Totaal;Totaal burgerlijke staat;Eijsden;2000;12137.0;12102.0
9226;Totaal mannen en vrouwen;Totaal;Totaal burgerlijke staat;Eijsden;2001;12067.0;12048.0
9227;Totaal mannen en vrouwen;Totaal;Totaal burgerlijke staat;Eijsden;2002;12029.0;11983.5
9228;Totaal mannen en vrouwen;Totaal;Totaal burgerlijke staat;Eijsden;2003;11938.0;11902.0
9229;Totaal mannen en vrouwen;Totaal;Totaal burgerlijke staat;Eijsden;2004;11866.0;11808.5
9230;Totaal mannen en vrouwen;Totaal;Totaal burgerlijke staat;Eijsden;2005;11751.0;11737.0
9231;Totaal mannen en vrouwen;Totaal;Totaal burgerlijke staat;Eijsden;2006;11723.0;11688.0
9232;Totaal mannen en vrouwen;Totaal;Totaal burgerlijke staat;Eijsden;2007;11653.0;11574.0
9233;Totaal mannen en vrouwen;Totaal;Totaal burgerlijke staat;Eijsden;2008;11495.0;11456.5
9234;Totaal mannen en vrouwen;Totaal;Totaal burgerlijke staat;Eijsden;2009;11418.0;11428.5
9235;Totaal mannen en vrouwen;Totaal;Totaal burgerlijke staat;Eijsden;2010;11439.0;11502.0
9236;Totaal mannen en vrouwen;Totaal;Totaal burgerlijke staat;Eijsden;2011;;
9237;Totaal mannen en vrouwen;Totaal;Totaal burgerlijke staat;Eijsden;2012;;
9238;Totaal mannen en vrouwen;Totaal;Totaal burgerlijke staat;Eijsden;2013;;
9239;Totaal mannen en vrouwen;Totaal;Totaal burgerlijke staat;Eijsden;2014;;
9240;Totaal mannen en vrouwen;Totaal;Totaal burgerlijke staat;Eijsden;2015;;
9241;Totaal mannen en vrouwen;Totaal;Totaal burgerlijke staat;Eijsden;2016;;
9242;Totaal mannen en vrouwen;Totaal;Totaal burgerlijke staat;Eijsden;2017;;
9243;Totaal mannen en vrouwen;Totaal;Totaal burgerlijke staat;Eijsden;2018;;
9244;Totaal mannen en vrouwen;Totaal;Totaal burgerlijke staat;Eijsden;2019;;
9245;Totaal mannen en vrouwen;Totaal;Totaal burgerlijke staat;Eijsden;2020;;
9246;Totaal mannen en vrouwen;Totaal;Totaal burgerlijke staat;Eijsden;2021;;
9247;Totaal mannen en vrouwen;Totaal;Totaal burgerlijke staat;Eijsden;2022;;
9248;Totaal mannen en vrouwen;Totaal;Totaal burgerlijke staat;Eijsden;2023;;
9249;Totaal mannen en vrouwen;Totaal;Totaal burgerlijke staat;Eijsden;2024;;
9250;Totaal mannen en vrouwen;Totaal;Totaal burgerlijke staat;Eijsden-Margraten;1988;;
9251;Totaal mannen en vrouwen;Totaal;Totaal burgerlijke staat;Eijsden-Margraten;1989;;
9252;Totaal mannen en vrouwen;Totaal;Totaal burgerlijke staat;Eijsden-Margraten;1990;;
9253;Totaal mannen en vrouwen;Totaal;Totaal burgerlijke staat;Eijsden-Margraten;1991;;
9254;Totaal mannen en vrouwen;Totaal;Totaal burgerlijke staat;Eijsden-Margraten;1992;;
9255;Totaal mannen en vrouwen;Totaal;Totaal burgerlijke staat;Eijsden-Margraten;1993;;
9256;Totaal mannen en vrouwen;Totaal;Totaal burgerlijke staat;Eijsden-Margraten;1994;;
9257;Totaal mannen en vrouwen;Totaal;Totaal burgerlijke staat;Eijsden-Margraten;1995;;
9258;Totaal mannen en vrouwen;Totaal;Totaal burgerlijke staat;Eijsden-Margraten;1996;;
9259;Totaal mannen en vrouwen;Totaal;Totaal burgerlijke staat;Eijsden-Margraten;1997;;
9260;Totaal mannen en vrouwen;Totaal;Totaal burgerlijke staat;Eijsden-Margraten;1998;;
9261;Totaal mannen en vrouwen;Totaal;Totaal burgerlijke staat;Eijsden-Margraten;1999;;
9262;Totaal mannen en vrouwen;Totaal;Totaal burgerlijke staat;Eijsden-Margraten;2000;;
9263;Totaal mannen en vrouwen;Totaal;Totaal burgerlijke staat;Eijsden-Margraten;2001;;
9264;Totaal mannen en vrouwen;Totaal;Totaal burgerlijke staat;Eijsden-Margraten;2002;;
9265;Totaal mannen en vrouwen;Totaal;Totaal burgerlijke staat;Eijsden-Margraten;2003;;
9266;Totaal mannen en vrouwen;Totaal;Totaal burgerlijke staat;Eijsden-Margraten;2004;;
9267;Totaal mannen en vrouwen;Totaal;Totaal burgerlijke staat;Eijsden-Margraten;2005;;
9268;Totaal mannen en vrouwen;Totaal;Totaal burgerlijke staat;Eijsden-Margraten;2006;;
9269;Totaal mannen en vrouwen;Totaal;Totaal burgerlijke staat;Eijsden-Margraten;2007;;
9270;Totaal mannen en vrouwen;Totaal;Totaal burgerlijke staat;Eijsden-Margraten;2008;;
9271;Totaal mannen en vrouwen;Totaal;Totaal burgerlijke staat;Eijsden-Margraten;2009;;
9272;Totaal mannen en vrouwen;Totaal;Totaal burgerlijke staat;Eijsden-Margraten;2010;;
9273;Totaal mannen en vrouwen;Totaal;Totaal burgerlijke staat;Eijsden-Margraten;2011;24940.0;24967.0
9274;Totaal mannen en vrouwen;Totaal;Totaal burgerlijke staat;Eijsden-Margraten;2012;24994.0;25021.5
9275;Totaal mannen en vrouwen;Totaal;Totaal burgerlijke staat;Eijsden-Margraten;2013;25049.0;25014.0
9276;Totaal mannen en vrouwen;Totaal;Totaal burgerlijke staat;Eijsden-Margraten;2014;24979.0;24973.0
9277;Totaal mannen en vrouwen;Totaal;Totaal burgerlijke staat;Eijsden-Margraten;2015;24967.0;25045.0
9278;Totaal mannen en vrouwen;Totaal;Totaal burgerlijke staat;Eijsden-Margraten;2016;25123.0;25210.0
9279;Totaal mannen en vrouwen;Totaal;Totaal burgerlijke staat;Eijsden-Margraten;2017;25297.0;25431.5
9280;Totaal mannen en vrouwen;Totaal;Totaal burgerlijke staat;Eijsden-Margraten;2018;25566.0;25612.0
9281;Totaal mannen en vrouwen;Totaal;Totaal burgerlijke staat;Eijsden-Margraten;2019;25658.0;25713.0
9282;Totaal mannen en vrouwen;Totaal;Totaal burgerlijke staat;Eijsden-Margraten;2020;25768.0;25834.0
9283;Totaal mannen en vrouwen;Totaal;Totaal burgerlijke staat;Eijsden-Margraten;2021;25900.0;25878.5
9284;Totaal mannen en vrouwen;Totaal;Totaal burgerlijke staat;Eijsden-Margraten;2022;25857.0;25924.0
9285;Totaal mannen en vrouwen;Totaal;Totaal burgerlijke staat;Eijsden-Margraten;2023;25991.0;26012.5
9286;Totaal mannen en vrouwen;Totaal;Totaal burgerlijke staat;Eijsden-Margraten;2024;26034.0;
9287;Totaal mannen en vrouwen;Totaal;Totaal burgerlijke staat;Eindhoven;1988;191002.0;
9288;Totaal mannen en vrouwen;Totaal;Totaal burgerlijke staat;Eindhoven;1989;190736.0;
9289;Totaal mannen en vrouwen;Totaal;Totaal burgerlijke staat;Eindhoven;1990;191467.0;
9290;Totaal mannen en vrouwen;Totaal;Totaal burgerlijke staat;Eindhoven;1991;192895.0;
9291;Totaal mannen en vrouwen;Totaal;Totaal burgerlijke staat;Eindhoven;1992;193966.0;
9292;Totaal mannen en vrouwen;Totaal;Totaal burgerlijke staat;Eindhoven;1993;195267.0;
9293;Totaal mannen en vrouwen;Totaal;Totaal burgerlijke staat;Eindhoven;1994;196130.0;
9294;Totaal mannen en vrouwen;Totaal;Totaal burgerlijke staat;Eindhoven;1995;196963.0;197168.5
9295;Totaal mannen en vrouwen;Totaal;Totaal burgerlijke staat;Eindhoven;1996;197374.0;197570.0
9296;Totaal mannen en vrouwen;Totaal;Totaal burgerlijke staat;Eindhoven;1997;197766.0;198052.5
9297;Totaal mannen en vrouwen;Totaal;Totaal burgerlijke staat;Eindhoven;1998;198339.0;199112.5
9298;Totaal mannen en vrouwen;Totaal;Totaal burgerlijke staat;Eindhoven;1999;199877.0;200802.5
9299;Totaal mannen en vrouwen;Totaal;Totaal burgerlijke staat;Eindhoven;2000;201728.0;202562.5
9300;Totaal mannen en vrouwen;Totaal;Totaal burgerlijke staat;Eindhoven;2001;203397.0;204086.5
9301;Totaal mannen en vrouwen;Totaal;Totaal burgerlijke staat;Eindhoven;2002;204776.0;205447.0
9302;Totaal mannen en vrouwen;Totaal;Totaal burgerlijke staat;Eindhoven;2003;206118.0;206994.0
9303;Totaal mannen en vrouwen;Totaal;Totaal burgerlijke staat;Eindhoven;2004;207870.0;208162.5
9304;Totaal mannen en vrouwen;Totaal;Totaal burgerlijke staat;Eindhoven;2005;208455.0;208813.5
9305;Totaal mannen en vrouwen;Totaal;Totaal burgerlijke staat;Eindhoven;2006;209172.0;209435.5
9306;Totaal mannen en vrouwen;Totaal;Totaal burgerlijke staat;Eindhoven;2007;209699.0;210016.0
9307;Totaal mannen en vrouwen;Totaal;Totaal burgerlijke staat;Eindhoven;2008;210333.0;211301.0
9308;Totaal mannen en vrouwen;Totaal;Totaal burgerlijke staat;Eindhoven;2009;212269.0;213039.0
9309;Totaal mannen en vrouwen;Totaal;Totaal burgerlijke staat;Eindhoven;2010;213809.0;214922.5
9310;Totaal mannen en vrouwen;Totaal;Totaal burgerlijke staat;Eindhoven;2011;216036.0;216630.5
9311;Totaal mannen en vrouwen;Totaal;Totaal burgerlijke staat;Eindhoven;2012;217225.0;217829.0
9312;Totaal mannen en vrouwen;Totaal;Totaal burgerlijke staat;Eindhoven;2013;218433.0;219676.5
9313;Totaal mannen en vrouwen;Totaal;Totaal burgerlijke staat;Eindhoven;2014;220920.0;222064.5
9314;Totaal mannen en vrouwen;Totaal;Totaal burgerlijke staat;Eindhoven;2015;223209.0;223982.0
9315;Totaal mannen en vrouwen;Totaal;Totaal burgerlijke staat;Eindhoven;2016;224755.0;225811.5
9316;Totaal mannen en vrouwen;Totaal;Totaal burgerlijke staat;Eindhoven;2017;226868.0;227997.0
9317;Totaal mannen en vrouwen;Totaal;Totaal burgerlijke staat;Eindhoven;2018;229126.0;230384.0
9318;Totaal mannen en vrouwen;Totaal;Totaal burgerlijke staat;Eindhoven;2019;231642.0;233018.0
9319;Totaal mannen en vrouwen;Totaal;Totaal burgerlijke staat;Eindhoven;2020;234394.0;235042.5
9320;Totaal mannen en vrouwen;Totaal;Totaal burgerlijke staat;Eindhoven;2021;235691.0;237008.5
9321;Totaal mannen en vrouwen;Totaal;Totaal burgerlijke staat;Eindhoven;2022;238326.0;241028.0
9322;Totaal mannen en vrouwen;Totaal;Totaal burgerlijke staat;Eindhoven;2023;243730.0;245073.5
9323;Totaal mannen en vrouwen;Totaal;Totaal burgerlijke staat;Eindhoven;2024;246417.0;
9324;Totaal mannen en vrouwen;Totaal;Totaal burgerlijke staat;Elburg;1988;20439.0;
9325;Totaal mannen en vrouwen;Totaal;Totaal burgerlijke staat;Elburg;1989;20537.0;
9326;Totaal mannen en vrouwen;Totaal;Totaal burgerlijke staat;Elburg;1990;20657.0;
9327;Totaal mannen en vrouwen;Totaal;Totaal burgerlijke staat;Elburg;1991;20733.0;
9328;Totaal mannen en vrouwen;Totaal;Totaal burgerlijke staat;Elburg;1992;20859.0;
9329;Totaal mannen en vrouwen;Totaal;Totaal burgerlijke staat;Elburg;1993;20887.0;
9330;Totaal mannen en vrouwen;Totaal;Totaal burgerlijke staat;Elburg;1994;21089.0;
9331;Totaal mannen en vrouwen;Totaal;Totaal burgerlijke staat;Elburg;1995;21074.0;21094.5
9332;Totaal mannen en vrouwen;Totaal;Totaal burgerlijke staat;Elburg;1996;21115.0;21274.0
9333;Totaal mannen en vrouwen;Totaal;Totaal burgerlijke staat;Elburg;1997;21433.0;21527.0
9334;Totaal mannen en vrouwen;Totaal;Totaal burgerlijke staat;Elburg;1998;21621.0;21562.5
9335;Totaal mannen en vrouwen;Totaal;Totaal burgerlijke staat;Elburg;1999;21504.0;21564.0
9336;Totaal mannen en vrouwen;Totaal;Totaal burgerlijke staat;Elburg;2000;21624.0;21656.5
9337;Totaal mannen en vrouwen;Totaal;Totaal burgerlijke staat;Elburg;2001;21689.0;21696.5
9338;Totaal mannen en vrouwen;Totaal;Totaal burgerlijke staat;Elburg;2002;21704.0;21683.0
9339;Totaal mannen en vrouwen;Totaal;Totaal burgerlijke staat;Elburg;2003;21662.0;21707.5
9340;Totaal mannen en vrouwen;Totaal;Totaal burgerlijke staat;Elburg;2004;21753.0;21892.5
9341;Totaal mannen en vrouwen;Totaal;Totaal burgerlijke staat;Elburg;2005;22032.0;22059.0
9342;Totaal mannen en vrouwen;Totaal;Totaal burgerlijke staat;Elburg;2006;22086.0;22151.0
9343;Totaal mannen en vrouwen;Totaal;Totaal burgerlijke staat;Elburg;2007;22216.0;22223.5
9344;Totaal mannen en vrouwen;Totaal;Totaal burgerlijke staat;Elburg;2008;22231.0;22171.5
9345;Totaal mannen en vrouwen;Totaal;Totaal burgerlijke staat;Elburg;2009;22112.0;22144.0
9346;Totaal mannen en vrouwen;Totaal;Totaal burgerlijke staat;Elburg;2010;22176.0;22243.0
9347;Totaal mannen en vrouwen;Totaal;Totaal burgerlijke staat;Elburg;2011;22310.0;22363.0
9348;Totaal mannen en vrouwen;Totaal;Totaal burgerlijke staat;Elburg;2012;22416.0;22463.0
9349;Totaal mannen en vrouwen;Totaal;Totaal burgerlijke staat;Elburg;2013;22510.0;22577.5
9350;Totaal mannen en vrouwen;Totaal;Totaal burgerlijke staat;Elburg;2014;22645.0;22744.0
9351;Totaal mannen en vrouwen;Totaal;Totaal burgerlijke staat;Elburg;2015;22843.0;22886.0
9352;Totaal mannen en vrouwen;Totaal;Totaal burgerlijke staat;Elburg;2016;22929.0;22977.5
9353;Totaal mannen en vrouwen;Totaal;Totaal burgerlijke staat;Elburg;2017;23026.0;23066.5
9354;Totaal mannen en vrouwen;Totaal;Totaal burgerlijke staat;Elburg;2018;23107.0;23096.5
9355;Totaal mannen en vrouwen;Totaal;Totaal burgerlijke staat;Elburg;2019;23086.0;23123.5
9356;Totaal mannen en vrouwen;Totaal;Totaal burgerlijke staat;Elburg;2020;23161.0;23295.0
9357;Totaal mannen en vrouwen;Totaal;Totaal burgerlijke staat;Elburg;2021;23429.0;23584.5
9358;Totaal mannen en vrouwen;Totaal;Totaal burgerlijke staat;Elburg;2022;23740.0;23888.5
9359;Totaal mannen en vrouwen;Totaal;Totaal burgerlijke staat;Elburg;2023;24037.0;23971.5
9360;Totaal mannen en vrouwen;Totaal;Totaal burgerlijke staat;Elburg;2024;23906.0;
9361;Totaal mannen en vrouwen;Totaal;Totaal burgerlijke staat;Elst;1988;17413.0;
9362;Totaal mannen en vrouwen;Totaal;Totaal burgerlijke staat;Elst;1989;17654.0;
9363;Totaal mannen en vrouwen;Totaal;Totaal burgerlijke staat;Elst;1990;17832.0;
9364;Totaal mannen en vrouwen;Totaal;Totaal burgerlijke staat;Elst;1991;18056.0;
9365;Totaal mannen en vrouwen;Totaal;Totaal burgerlijke staat;Elst;1992;18204.0;
9366;Totaal mannen en vrouwen;Totaal;Totaal burgerlijke staat;Elst;1993;18400.0;
9367;Totaal mannen en vrouwen;Totaal;Totaal burgerlijke staat;Elst;1994;18740.0;
9368;Totaal mannen en vrouwen;Totaal;Totaal burgerlijke staat;Elst;1995;19011.0;19178.0
9369;Totaal mannen en vrouwen;Totaal;Totaal burgerlijke staat;Elst;1996;19347.0;19546.5
9370;Totaal mannen en vrouwen;Totaal;Totaal burgerlijke staat;Elst;1997;19746.0;19777.0
9371;Totaal mannen en vrouwen;Totaal;Totaal burgerlijke staat;Elst;1998;16613.0;16656.0
9372;Totaal mannen en vrouwen;Totaal;Totaal burgerlijke staat;Elst;1999;16699.0;16716.0
9373;Totaal mannen en vrouwen;Totaal;Totaal burgerlijke staat;Elst;2000;16733.0;16711.0
9374;Totaal mannen en vrouwen;Totaal;Totaal burgerlijke staat;Elst;2001;;
9375;Totaal mannen en vrouwen;Totaal;Totaal burgerlijke staat;Elst;2002;;
9376;Totaal mannen en vrouwen;Totaal;Totaal burgerlijke staat;Elst;2003;;
9377;Totaal mannen en vrouwen;Totaal;Totaal burgerlijke staat;Elst;2004;;
9378;Totaal mannen en vrouwen;Totaal;Totaal burgerlijke staat;Elst;2005;;
9379;Totaal mannen en vrouwen;Totaal;Totaal burgerlijke staat;Elst;2006;;
9380;Totaal mannen en vrouwen;Totaal;Totaal burgerlijke staat;Elst;2007;;
9381;Totaal mannen en vrouwen;Totaal;Totaal burgerlijke staat;Elst;2008;;
9382;Totaal mannen en vrouwen;Totaal;Totaal burgerlijke staat;Elst;2009;;
9383;Totaal mannen en vrouwen;Totaal;Totaal burgerlijke staat;Elst;2010;;
9384;Totaal mannen en vrouwen;Totaal;Totaal burgerlijke staat;Elst;2011;;
9385;Totaal mannen en vrouwen;Totaal;Totaal burgerlijke staat;Elst;2012;;
9386;Totaal mannen en vrouwen;Totaal;Totaal burgerlijke staat;Elst;2013;;
9387;Totaal mannen en vrouwen;Totaal;Totaal burgerlijke staat;Elst;2014;;
9388;Totaal mannen en vrouwen;Totaal;Totaal burgerlijke staat;Elst;2015;;
9389;Totaal mannen en vrouwen;Totaal;Totaal burgerlijke staat;Elst;2016;;
9390;Totaal mannen en vrouwen;Totaal;Totaal burgerlijke staat;Elst;2017;;
9391;Totaal mannen en vrouwen;Totaal;Totaal burgerlijke staat;Elst;2018;;
9392;Totaal mannen en vrouwen;Totaal;Totaal burgerlijke staat;Elst;2019;;
9393;Totaal mannen en vrouwen;Totaal;Totaal burgerlijke staat;Elst;2020;;
9394;Totaal mannen en vrouwen;Totaal;Totaal burgerlijke staat;Elst;2021;;
9395;Totaal mannen en vrouwen;Totaal;Totaal burgerlijke staat;Elst;2022;;
9396;Totaal mannen en vrouwen;Totaal;Totaal burgerlijke staat;Elst;2023;;
9397;Totaal mannen en vrouwen;Totaal;Totaal burgerlijke staat;Elst;2024;;
9398;Totaal mannen en vrouwen;Totaal;Totaal burgerlijke staat;Emmen;1988;92323.0;
9399;Totaal mannen en vrouwen;Totaal;Totaal burgerlijke staat;Emmen;1989;92422.0;
9400;Totaal mannen en vrouwen;Totaal;Totaal burgerlijke staat;Emmen;1990;92807.0;
9401;Totaal mannen en vrouwen;Totaal;Totaal burgerlijke staat;Emmen;1991;92895.0;
9402;Totaal mannen en vrouwen;Totaal;Totaal burgerlijke staat;Emmen;1992;93107.0;
9403;Totaal mannen en vrouwen;Totaal;Totaal burgerlijke staat;Emmen;1993;93246.0;
9404;Totaal mannen en vrouwen;Totaal;Totaal burgerlijke staat;Emmen;1994;93476.0;
9405;Totaal mannen en vrouwen;Totaal;Totaal burgerlijke staat;Emmen;1995;93752.0;93933.0
9406;Totaal mannen en vrouwen;Totaal;Totaal burgerlijke staat;Emmen;1996;94114.0;94321.0
9407;Totaal mannen en vrouwen;Totaal;Totaal burgerlijke staat;Emmen;1997;94528.0;94766.0
9408;Totaal mannen en vrouwen;Totaal;Totaal burgerlijke staat;Emmen;1998;105228.0;105362.5
9409;Totaal mannen en vrouwen;Totaal;Totaal burgerlijke staat;Emmen;1999;105497.0;105734.5
9410;Totaal mannen en vrouwen;Totaal;Totaal burgerlijke staat;Emmen;2000;105972.0;106697.0
9411;Totaal mannen en vrouwen;Totaal;Totaal burgerlijke staat;Emmen;2001;107422.0;107894.5
9412;Totaal mannen en vrouwen;Totaal;Totaal burgerlijke staat;Emmen;2002;108367.0;108282.5
9413;Totaal mannen en vrouwen;Totaal;Totaal burgerlijke staat;Emmen;2003;108198.0;108276.0
9414;Totaal mannen en vrouwen;Totaal;Totaal burgerlijke staat;Emmen;2004;108354.0;108485.5
9415;Totaal mannen en vrouwen;Totaal;Totaal burgerlijke staat;Emmen;2005;108617.0;108603.0
9416;Totaal mannen en vrouwen;Totaal;Totaal burgerlijke staat;Emmen;2006;108589.0;108710.5
9417;Totaal mannen en vrouwen;Totaal;Totaal burgerlijke staat;Emmen;2007;108832.0;108991.5
9418;Totaal mannen en vrouwen;Totaal;Totaal burgerlijke staat;Emmen;2008;109151.0;109296.0
9419;Totaal mannen en vrouwen;Totaal;Totaal burgerlijke staat;Emmen;2009;109441.0;109466.0
9420;Totaal mannen en vrouwen;Totaal;Totaal burgerlijke staat;Emmen;2010;109491.0;109375.0
9421;Totaal mannen en vrouwen;Totaal;Totaal burgerlijke staat;Emmen;2011;109259.0;109048.5
9422;Totaal mannen en vrouwen;Totaal;Totaal burgerlijke staat;Emmen;2012;108838.0;108615.0
9423;Totaal mannen en vrouwen;Totaal;Totaal burgerlijke staat;Emmen;2013;108392.0;108222.0
9424;Totaal mannen en vrouwen;Totaal;Totaal burgerlijke staat;Emmen;2014;108052.0;107913.5
9425;Totaal mannen en vrouwen;Totaal;Totaal burgerlijke staat;Emmen;2015;107775.0;107679.5
9426;Totaal mannen en vrouwen;Totaal;Totaal burgerlijke staat;Emmen;2016;107584.0;107537.0
9427;Totaal mannen en vrouwen;Totaal;Totaal burgerlijke staat;Emmen;2017;107490.0;107341.0
9428;Totaal mannen en vrouwen;Totaal;Totaal burgerlijke staat;Emmen;2018;107192.0;107152.5
9429;Totaal mannen en vrouwen;Totaal;Totaal burgerlijke staat;Emmen;2019;107113.0;107080.5
9430;Totaal mannen en vrouwen;Totaal;Totaal burgerlijke staat;Emmen;2020;107048.0;107036.0
9431;Totaal mannen en vrouwen;Totaal;Totaal burgerlijke staat;Emmen;2021;107024.0;107440.0
9432;Totaal mannen en vrouwen;Totaal;Totaal burgerlijke staat;Emmen;2022;107856.0;108310.5
9433;Totaal mannen en vrouwen;Totaal;Totaal burgerlijke staat;Emmen;2023;108765.0;109055.5
9434;Totaal mannen en vrouwen;Totaal;Totaal burgerlijke staat;Emmen;2024;109346.0;
9435;Totaal mannen en vrouwen;Totaal;Totaal burgerlijke staat;Enkhuizen;1988;15874.0;
9436;Totaal mannen en vrouwen;Totaal;Totaal burgerlijke staat;Enkhuizen;1989;15939.0;
9437;Totaal mannen en vrouwen;Totaal;Totaal burgerlijke staat;Enkhuizen;1990;16073.0;
9438;Totaal mannen en vrouwen;Totaal;Totaal burgerlijke staat;Enkhuizen;1991;16039.0;
9439;Totaal mannen en vrouwen;Totaal;Totaal burgerlijke staat;Enkhuizen;1992;16056.0;
9440;Totaal mannen en vrouwen;Totaal;Totaal burgerlijke staat;Enkhuizen;1993;16081.0;
9441;Totaal mannen en vrouwen;Totaal;Totaal burgerlijke staat;Enkhuizen;1994;16037.0;
9442;Totaal mannen en vrouwen;Totaal;Totaal burgerlijke staat;Enkhuizen;1995;16124.0;16155.0
9443;Totaal mannen en vrouwen;Totaal;Totaal burgerlijke staat;Enkhuizen;1996;16186.0;16224.5
9444;Totaal mannen en vrouwen;Totaal;Totaal burgerlijke staat;Enkhuizen;1997;16263.0;16417.5
9445;Totaal mannen en vrouwen;Totaal;Totaal burgerlijke staat;Enkhuizen;1998;16572.0;16642.5
9446;Totaal mannen en vrouwen;Totaal;Totaal burgerlijke staat;Enkhuizen;1999;16713.0;16829.5
9447;Totaal mannen en vrouwen;Totaal;Totaal burgerlijke staat;Enkhuizen;2000;16946.0;16989.5
9448;Totaal mannen en vrouwen;Totaal;Totaal burgerlijke staat;Enkhuizen;2001;17033.0;17054.5
9449;Totaal mannen en vrouwen;Totaal;Totaal burgerlijke staat;Enkhuizen;2002;17076.0;17096.5
9450;Totaal mannen en vrouwen;Totaal;Totaal burgerlijke staat;Enkhuizen;2003;17117.0;17179.0
9451;Totaal mannen en vrouwen;Totaal;Totaal burgerlijke staat;Enkhuizen;2004;17241.0;17274.5
9452;Totaal mannen en vrouwen;Totaal;Totaal burgerlijke staat;Enkhuizen;2005;17308.0;17511.5
9453;Totaal mannen en vrouwen;Totaal;Totaal burgerlijke staat;Enkhuizen;2006;17715.0;17770.5
9454;Totaal mannen en vrouwen;Totaal;Totaal burgerlijke staat;Enkhuizen;2007;17826.0;17815.0
9455;Totaal mannen en vrouwen;Totaal;Totaal burgerlijke staat;Enkhuizen;2008;17804.0;17954.0
9456;Totaal mannen en vrouwen;Totaal;Totaal burgerlijke staat;Enkhuizen;2009;18104.0;18128.5
9457;Totaal mannen en vrouwen;Totaal;Totaal burgerlijke staat;Enkhuizen;2010;18153.0;18163.0
9458;Totaal mannen en vrouwen;Totaal;Totaal burgerlijke staat;Enkhuizen;2011;18173.0;18220.5
9459;Totaal mannen en vrouwen;Totaal;Totaal burgerlijke staat;Enkhuizen;2012;18268.0;18291.5
9460;Totaal mannen en vrouwen;Totaal;Totaal burgerlijke staat;Enkhuizen;2013;18315.0;18345.5
9461;Totaal mannen en vrouwen;Totaal;Totaal burgerlijke staat;Enkhuizen;2014;18376.0;18360.5
9462;Totaal mannen en vrouwen;Totaal;Totaal burgerlijke staat;Enkhuizen;2015;18345.0;18400.0
9463;Totaal mannen en vrouwen;Totaal;Totaal burgerlijke staat;Enkhuizen;2016;18455.0;18467.0
9464;Totaal mannen en vrouwen;Totaal;Totaal burgerlijke staat;Enkhuizen;2017;18479.0;18477.5
9465;Totaal mannen en vrouwen;Totaal;Totaal burgerlijke staat;Enkhuizen;2018;18476.0;18491.5
9466;Totaal mannen en vrouwen;Totaal;Totaal burgerlijke staat;Enkhuizen;2019;18507.0;18549.0
9467;Totaal mannen en vrouwen;Totaal;Totaal burgerlijke staat;Enkhuizen;2020;18591.0;18614.0
9468;Totaal mannen en vrouwen;Totaal;Totaal burgerlijke staat;Enkhuizen;2021;18637.0;18628.5
9469;Totaal mannen en vrouwen;Totaal;Totaal burgerlijke staat;Enkhuizen;2022;18620.0;18752.5
9470;Totaal mannen en vrouwen;Totaal;Totaal burgerlijke staat;Enkhuizen;2023;18885.0;18890.0
9471;Totaal mannen en vrouwen;Totaal;Totaal burgerlijke staat;Enkhuizen;2024;18895.0;
9472;Totaal mannen en vrouwen;Totaal;Totaal burgerlijke staat;Enschede;1988;144695.0;
9473;Totaal mannen en vrouwen;Totaal;Totaal burgerlijke staat;Enschede;1989;145223.0;
9474;Totaal mannen en vrouwen;Totaal;Totaal burgerlijke staat;Enschede;1990;146010.0;
9475;Totaal mannen en vrouwen;Totaal;Totaal burgerlijke staat;Enschede;1991;146509.0;
9476;Totaal mannen en vrouwen;Totaal;Totaal burgerlijke staat;Enschede;1992;147199.0;
9477;Totaal mannen en vrouwen;Totaal;Totaal burgerlijke staat;Enschede;1993;147349.0;
9478;Totaal mannen en vrouwen;Totaal;Totaal burgerlijke staat;Enschede;1994;147624.0;
9479;Totaal mannen en vrouwen;Totaal;Totaal burgerlijke staat;Enschede;1995;148034.0;147933.0
9480;Totaal mannen en vrouwen;Totaal;Totaal burgerlijke staat;Enschede;1996;147832.0;147872.0
9481;Totaal mannen en vrouwen;Totaal;Totaal burgerlijke staat;Enschede;1997;147912.0;148136.0
9482;Totaal mannen en vrouwen;Totaal;Totaal burgerlijke staat;Enschede;1998;148360.0;148587.0
9483;Totaal mannen en vrouwen;Totaal;Totaal burgerlijke staat;Enschede;1999;148814.0;149159.5
9484;Totaal mannen en vrouwen;Totaal;Totaal burgerlijke staat;Enschede;2000;149505.0;149977.0
9485;Totaal mannen en vrouwen;Totaal;Totaal burgerlijke staat;Enschede;2001;150449.0;150897.5
9486;Totaal mannen en vrouwen;Totaal;Totaal burgerlijke staat;Enschede;2002;151346.0;151833.5
9487;Totaal mannen en vrouwen;Totaal;Totaal burgerlijke staat;Enschede;2003;152321.0;152655.0
9488;Totaal mannen en vrouwen;Totaal;Totaal burgerlijke staat;Enschede;2004;152989.0;153334.0
9489;Totaal mannen en vrouwen;Totaal;Totaal burgerlijke staat;Enschede;2005;153679.0;154028.0
9490;Totaal mannen en vrouwen;Totaal;Totaal burgerlijke staat;Enschede;2006;154377.0;154426.5
9491;Totaal mannen en vrouwen;Totaal;Totaal burgerlijke staat;Enschede;2007;154476.0;154614.5
9492;Totaal mannen en vrouwen;Totaal;Totaal burgerlijke staat;Enschede;2008;154753.0;155412.0
9493;Totaal mannen en vrouwen;Totaal;Totaal burgerlijke staat;Enschede;2009;156071.0;156561.5
9494;Totaal mannen en vrouwen;Totaal;Totaal burgerlijke staat;Enschede;2010;157052.0;157445.0
9495;Totaal mannen en vrouwen;Totaal;Totaal burgerlijke staat;Enschede;2011;157838.0;157943.0
9496;Totaal mannen en vrouwen;Totaal;Totaal burgerlijke staat;Enschede;2012;158048.0;158337.5
9497;Totaal mannen en vrouwen;Totaal;Totaal burgerlijke staat;Enschede;2013;158627.0;158606.5
9498;Totaal mannen en vrouwen;Totaal;Totaal burgerlijke staat;Enschede;2014;158586.0;158569.5
9499;Totaal mannen en vrouwen;Totaal;Totaal burgerlijke staat;Enschede;2015;158553.0;158452.0
9500;Totaal mannen en vrouwen;Totaal;Totaal burgerlijke staat;Enschede;2016;158351.0;158245.5
9501;Totaal mannen en vrouwen;Totaal;Totaal burgerlijke staat;Enschede;2017;158140.0;158200.5
9502;Totaal mannen en vrouwen;Totaal;Totaal burgerlijke staat;Enschede;2018;158261.0;158623.5
9503;Totaal mannen en vrouwen;Totaal;Totaal burgerlijke staat;Enschede;2019;158986.0;159313.0
9504;Totaal mannen en vrouwen;Totaal;Totaal burgerlijke staat;Enschede;2020;159640.0;159686.0
9505;Totaal mannen en vrouwen;Totaal;Totaal burgerlijke staat;Enschede;2021;159732.0;160186.0
9506;Totaal mannen en vrouwen;Totaal;Totaal burgerlijke staat;Enschede;2022;160640.0;160937.5
9507;Totaal mannen en vrouwen;Totaal;Totaal burgerlijke staat;Enschede;2023;161235.0;161486.5
9508;Totaal mannen en vrouwen;Totaal;Totaal burgerlijke staat;Enschede;2024;161738.0;
9509;Totaal mannen en vrouwen;Totaal;Totaal burgerlijke staat;Epe;1988;33987.0;
9510;Totaal mannen en vrouwen;Totaal;Totaal burgerlijke staat;Epe;1989;33872.0;
9511;Totaal mannen en vrouwen;Totaal;Totaal burgerlijke staat;Epe;1990;34004.0;
9512;Totaal mannen en vrouwen;Totaal;Totaal burgerlijke staat;Epe;1991;33995.0;
9513;Totaal mannen en vrouwen;Totaal;Totaal burgerlijke staat;Epe;1992;33827.0;
9514;Totaal mannen en vrouwen;Totaal;Totaal burgerlijke staat;Epe;1993;33675.0;
9515;Totaal mannen en vrouwen;Totaal;Totaal burgerlijke staat;Epe;1994;33558.0;
9516;Totaal mannen en vrouwen;Totaal;Totaal burgerlijke staat;Epe;1995;33472.0;33437.5
9517;Totaal mannen en vrouwen;Totaal;Totaal burgerlijke staat;Epe;1996;33403.0;33366.0
9518;Totaal mannen en vrouwen;Totaal;Totaal burgerlijke staat;Epe;1997;33329.0;33286.5
9519;Totaal mannen en vrouwen;Totaal;Totaal burgerlijke staat;Epe;1998;33244.0;33239.5
9520;Totaal mannen en vrouwen;Totaal;Totaal burgerlijke staat;Epe;1999;33235.0;33158.0
9521;Totaal mannen en vrouwen;Totaal;Totaal burgerlijke staat;Epe;2000;33081.0;33118.5
9522;Totaal mannen en vrouwen;Totaal;Totaal burgerlijke staat;Epe;2001;33156.0;33190.0
9523;Totaal mannen en vrouwen;Totaal;Totaal burgerlijke staat;Epe;2002;33224.0;33228.5
9524;Totaal mannen en vrouwen;Totaal;Totaal burgerlijke staat;Epe;2003;33233.0;33271.0
9525;Totaal mannen en vrouwen;Totaal;Totaal burgerlijke staat;Epe;2004;33309.0;33208.5
9526;Totaal mannen en vrouwen;Totaal;Totaal burgerlijke staat;Epe;2005;33108.0;33043.0
9527;Totaal mannen en vrouwen;Totaal;Totaal burgerlijke staat;Epe;2006;32978.0;32983.5
9528;Totaal mannen en vrouwen;Totaal;Totaal burgerlijke staat;Epe;2007;32989.0;32979.5
9529;Totaal mannen en vrouwen;Totaal;Totaal burgerlijke staat;Epe;2008;32970.0;32962.0
9530;Totaal mannen en vrouwen;Totaal;Totaal burgerlijke staat;Epe;2009;32954.0;32917.5
9531;Totaal mannen en vrouwen;Totaal;Totaal burgerlijke staat;Epe;2010;32881.0;32878.0
9532;Totaal mannen en vrouwen;Totaal;Totaal burgerlijke staat;Epe;2011;32875.0;32697.0
9533;Totaal mannen en vrouwen;Totaal;Totaal burgerlijke staat;Epe;2012;32519.0;32452.0
9534;Totaal mannen en vrouwen;Totaal;Totaal burgerlijke staat;Epe;2013;32385.0;32368.0
9535;Totaal mannen en vrouwen;Totaal;Totaal burgerlijke staat;Epe;2014;32351.0;32282.5
9536;Totaal mannen en vrouwen;Totaal;Totaal burgerlijke staat;Epe;2015;32214.0;32248.0
9537;Totaal mannen en vrouwen;Totaal;Totaal burgerlijke staat;Epe;2016;32282.0;32409.5
9538;Totaal mannen en vrouwen;Totaal;Totaal burgerlijke staat;Epe;2017;32537.0;32700.0
9539;Totaal mannen en vrouwen;Totaal;Totaal burgerlijke staat;Epe;2018;32863.0;33004.0
9540;Totaal mannen en vrouwen;Totaal;Totaal burgerlijke staat;Epe;2019;33145.0;33161.5
9541;Totaal mannen en vrouwen;Totaal;Totaal burgerlijke staat;Epe;2020;33178.0;33188.0
9542;Totaal mannen en vrouwen;Totaal;Totaal burgerlijke staat;Epe;2021;33198.0;33227.5
9543;Totaal mannen en vrouwen;Totaal;Totaal burgerlijke staat;Epe;2022;33257.0;33270.0
9544;Totaal mannen en vrouwen;Totaal;Totaal burgerlijke staat;Epe;2023;33283.0;33225.5
9545;Totaal mannen en vrouwen;Totaal;Totaal burgerlijke staat;Epe;2024;33168.0;
9546;Totaal mannen en vrouwen;Totaal;Totaal burgerlijke staat;Ermelo;1988;25441.0;
9547;Totaal mannen en vrouwen;Totaal;Totaal burgerlijke staat;Ermelo;1989;25644.0;
9548;Totaal mannen en vrouwen;Totaal;Totaal burgerlijke staat;Ermelo;1990;25827.0;
9549;Totaal mannen en vrouwen;Totaal;Totaal burgerlijke staat;Ermelo;1991;26063.0;
9550;Totaal mannen en vrouwen;Totaal;Totaal burgerlijke staat;Ermelo;1992;26433.0;
9551;Totaal mannen en vrouwen;Totaal;Totaal burgerlijke staat;Ermelo;1993;26603.0;
9552;Totaal mannen en vrouwen;Totaal;Totaal burgerlijke staat;Ermelo;1994;26705.0;
9553;Totaal mannen en vrouwen;Totaal;Totaal burgerlijke staat;Ermelo;1995;26762.0;26740.5
9554;Totaal mannen en vrouwen;Totaal;Totaal burgerlijke staat;Ermelo;1996;26719.0;26863.5
9555;Totaal mannen en vrouwen;Totaal;Totaal burgerlijke staat;Ermelo;1997;27008.0;27008.0
9556;Totaal mannen en vrouwen;Totaal;Totaal burgerlijke staat;Ermelo;1998;27008.0;26885.0
9557;Totaal mannen en vrouwen;Totaal;Totaal burgerlijke staat;Ermelo;1999;26762.0;26761.0
9558;Totaal mannen en vrouwen;Totaal;Totaal burgerlijke staat;Ermelo;2000;26760.0;26772.0
9559;Totaal mannen en vrouwen;Totaal;Totaal burgerlijke staat;Ermelo;2001;26784.0;26772.0
9560;Totaal mannen en vrouwen;Totaal;Totaal burgerlijke staat;Ermelo;2002;26760.0;26757.5
9561;Totaal mannen en vrouwen;Totaal;Totaal burgerlijke staat;Ermelo;2003;26755.0;26672.5
9562;Totaal mannen en vrouwen;Totaal;Totaal burgerlijke staat;Ermelo;2004;26590.0;26502.0
9563;Totaal mannen en vrouwen;Totaal;Totaal burgerlijke staat;Ermelo;2005;26414.0;26332.5
9564;Totaal mannen en vrouwen;Totaal;Totaal burgerlijke staat;Ermelo;2006;26251.0;26278.0
9565;Totaal mannen en vrouwen;Totaal;Totaal burgerlijke staat;Ermelo;2007;26305.0;26287.5
9566;Totaal mannen en vrouwen;Totaal;Totaal burgerlijke staat;Ermelo;2008;26270.0;26288.0
9567;Totaal mannen en vrouwen;Totaal;Totaal burgerlijke staat;Ermelo;2009;26306.0;26285.0
9568;Totaal mannen en vrouwen;Totaal;Totaal burgerlijke staat;Ermelo;2010;26264.0;26198.5
9569;Totaal mannen en vrouwen;Totaal;Totaal burgerlijke staat;Ermelo;2011;26133.0;26130.0
9570;Totaal mannen en vrouwen;Totaal;Totaal burgerlijke staat;Ermelo;2012;26127.0;26123.5
9571;Totaal mannen en vrouwen;Totaal;Totaal burgerlijke staat;Ermelo;2013;26120.0;26082.5
9572;Totaal mannen en vrouwen;Totaal;Totaal burgerlijke staat;Ermelo;2014;26045.0;26117.5
9573;Totaal mannen en vrouwen;Totaal;Totaal burgerlijke staat;Ermelo;2015;26190.0;26348.5
9574;Totaal mannen en vrouwen;Totaal;Totaal burgerlijke staat;Ermelo;2016;26507.0;26548.5
9575;Totaal mannen en vrouwen;Totaal;Totaal burgerlijke staat;Ermelo;2017;26590.0;26691.5
9576;Totaal mannen en vrouwen;Totaal;Totaal burgerlijke staat;Ermelo;2018;26793.0;26825.5
9577;Totaal mannen en vrouwen;Totaal;Totaal burgerlijke staat;Ermelo;2019;26858.0;26933.0
9578;Totaal mannen en vrouwen;Totaal;Totaal burgerlijke staat;Ermelo;2020;27008.0;27012.0
9579;Totaal mannen en vrouwen;Totaal;Totaal burgerlijke staat;Ermelo;2021;27016.0;27137.0
9580;Totaal mannen en vrouwen;Totaal;Totaal burgerlijke staat;Ermelo;2022;27258.0;27377.0
9581;Totaal mannen en vrouwen;Totaal;Totaal burgerlijke staat;Ermelo;2023;27496.0;27676.0
9582;Totaal mannen en vrouwen;Totaal;Totaal burgerlijke staat;Ermelo;2024;27856.0;
9583;Totaal mannen en vrouwen;Totaal;Totaal burgerlijke staat;Erp;1988;6144.0;
9584;Totaal mannen en vrouwen;Totaal;Totaal burgerlijke staat;Erp;1989;6221.0;
9585;Totaal mannen en vrouwen;Totaal;Totaal burgerlijke staat;Erp;1990;6299.0;
9586;Totaal mannen en vrouwen;Totaal;Totaal burgerlijke staat;Erp;1991;6422.0;
9587;Totaal mannen en vrouwen;Totaal;Totaal burgerlijke staat;Erp;1992;6463.0;
9588;Totaal mannen en vrouwen;Totaal;Totaal burgerlijke staat;Erp;1993;6504.0;
9589;Totaal mannen en vrouwen;Totaal;Totaal burgerlijke staat;Erp;1994;;
9590;Totaal mannen en vrouwen;Totaal;Totaal burgerlijke staat;Erp;1995;;
9591;Totaal mannen en vrouwen;Totaal;Totaal burgerlijke staat;Erp;1996;;
9592;Totaal mannen en vrouwen;Totaal;Totaal burgerlijke staat;Erp;1997;;
9593;Totaal mannen en vrouwen;Totaal;Totaal burgerlijke staat;Erp;1998;;
9594;Totaal mannen en vrouwen;Totaal;Totaal burgerlijke staat;Erp;1999;;
9595;Totaal mannen en vrouwen;Totaal;Totaal burgerlijke staat;Erp;2000;;
9596;Totaal mannen en vrouwen;Totaal;Totaal burgerlijke staat;Erp;2001;;
9597;Totaal mannen en vrouwen;Totaal;Totaal burgerlijke staat;Erp;2002;;
9598;Totaal mannen en vrouwen;Totaal;Totaal burgerlijke staat;Erp;2003;;
9599;Totaal mannen en vrouwen;Totaal;Totaal burgerlijke staat;Erp;2004;;
9600;Totaal mannen en vrouwen;Totaal;Totaal burgerlijke staat;Erp;2005;;
9601;Totaal mannen en vrouwen;Totaal;Totaal burgerlijke staat;Erp;2006;;
9602;Totaal mannen en vrouwen;Totaal;Totaal burgerlijke staat;Erp;2007;;
9603;Totaal mannen en vrouwen;Totaal;Totaal burgerlijke staat;Erp;2008;;
9604;Totaal mannen en vrouwen;Totaal;Totaal burgerlijke staat;Erp;2009;;
9605;Totaal mannen en vrouwen;Totaal;Totaal burgerlijke staat;Erp;2010;;
9606;Totaal mannen en vrouwen;Totaal;Totaal burgerlijke staat;Erp;2011;;
9607;Totaal mannen en vrouwen;Totaal;Totaal burgerlijke staat;Erp;2012;;
9608;Totaal mannen en vrouwen;Totaal;Totaal burgerlijke staat;Erp;2013;;
9609;Totaal mannen en vrouwen;Totaal;Totaal burgerlijke staat;Erp;2014;;
9610;Totaal mannen en vrouwen;Totaal;Totaal burgerlijke staat;Erp;2015;;
9611;Totaal mannen en vrouwen;Totaal;Totaal burgerlijke staat;Erp;2016;;
9612;Totaal mannen en vrouwen;Totaal;Totaal burgerlijke staat;Erp;2017;;
9613;Totaal mannen en vrouwen;Totaal;Totaal burgerlijke staat;Erp;2018;;
9614;Totaal mannen en vrouwen;Totaal;Totaal burgerlijke staat;Erp;2019;;
9615;Totaal mannen en vrouwen;Totaal;Totaal burgerlijke staat;Erp;2020;;
9616;Totaal mannen en vrouwen;Totaal;Totaal burgerlijke staat;Erp;2021;;
9617;Totaal mannen en vrouwen;Totaal;Totaal burgerlijke staat;Erp;2022;;
9618;Totaal mannen en vrouwen;Totaal;Totaal burgerlijke staat;Erp;2023;;
9619;Totaal mannen en vrouwen;Totaal;Totaal burgerlijke staat;Erp;2024;;
9620;Totaal mannen en vrouwen;Totaal;Totaal burgerlijke staat;Esch;1988;1856.0;
9621;Totaal mannen en vrouwen;Totaal;Totaal burgerlijke staat;Esch;1989;1843.0;
9622;Totaal mannen en vrouwen;Totaal;Totaal burgerlijke staat;Esch;1990;1903.0;
9623;Totaal mannen en vrouwen;Totaal;Totaal burgerlijke staat;Esch;1991;1937.0;
9624;Totaal mannen en vrouwen;Totaal;Totaal burgerlijke staat;Esch;1992;1987.0;
9625;Totaal mannen en vrouwen;Totaal;Totaal burgerlijke staat;Esch;1993;1980.0;
9626;Totaal mannen en vrouwen;Totaal;Totaal burgerlijke staat;Esch;1994;1959.0;
9627;Totaal mannen en vrouwen;Totaal;Totaal burgerlijke staat;Esch;1995;1940.0;1964.5
9628;Totaal mannen en vrouwen;Totaal;Totaal burgerlijke staat;Esch;1996;;
9629;Totaal mannen en vrouwen;Totaal;Totaal burgerlijke staat;Esch;1997;;
9630;Totaal mannen en vrouwen;Totaal;Totaal burgerlijke staat;Esch;1998;;
9631;Totaal mannen en vrouwen;Totaal;Totaal burgerlijke staat;Esch;1999;;
9632;Totaal mannen en vrouwen;Totaal;Totaal burgerlijke staat;Esch;2000;;
9633;Totaal mannen en vrouwen;Totaal;Totaal burgerlijke staat;Esch;2001;;
9634;Totaal mannen en vrouwen;Totaal;Totaal burgerlijke staat;Esch;2002;;
9635;Totaal mannen en vrouwen;Totaal;Totaal burgerlijke staat;Esch;2003;;
9636;Totaal mannen en vrouwen;Totaal;Totaal burgerlijke staat;Esch;2004;;
9637;Totaal mannen en vrouwen;Totaal;Totaal burgerlijke staat;Esch;2005;;
9638;Totaal mannen en vrouwen;Totaal;Totaal burgerlijke staat;Esch;2006;;
9639;Totaal mannen en vrouwen;Totaal;Totaal burgerlijke staat;Esch;2007;;
9640;Totaal mannen en vrouwen;Totaal;Totaal burgerlijke staat;Esch;2008;;
9641;Totaal mannen en vrouwen;Totaal;Totaal burgerlijke staat;Esch;2009;;
9642;Totaal mannen en vrouwen;Totaal;Totaal burgerlijke staat;Esch;2010;;
9643;Totaal mannen en vrouwen;Totaal;Totaal burgerlijke staat;Esch;2011;;
9644;Totaal mannen en vrouwen;Totaal;Totaal burgerlijke staat;Esch;2012;;
9645;Totaal mannen en vrouwen;Totaal;Totaal burgerlijke staat;Esch;2013;;
9646;Totaal mannen en vrouwen;Totaal;Totaal burgerlijke staat;Esch;2014;;
9647;Totaal mannen en vrouwen;Totaal;Totaal burgerlijke staat;Esch;2015;;
9648;Totaal mannen en vrouwen;Totaal;Totaal burgerlijke staat;Esch;2016;;
9649;Totaal mannen en vrouwen;Totaal;Totaal burgerlijke staat;Esch;2017;;
9650;Totaal mannen en vrouwen;Totaal;Totaal burgerlijke staat;Esch;2018;;
9651;Totaal mannen en vrouwen;Totaal;Totaal burgerlijke staat;Esch;2019;;
9652;Totaal mannen en vrouwen;Totaal;Totaal burgerlijke staat;Esch;2020;;
9653;Totaal mannen en vrouwen;Totaal;Totaal burgerlijke staat;Esch;2021;;
9654;Totaal mannen en vrouwen;Totaal;Totaal burgerlijke staat;Esch;2022;;
9655;Totaal mannen en vrouwen;Totaal;Totaal burgerlijke staat;Esch;2023;;
9656;Totaal mannen en vrouwen;Totaal;Totaal burgerlijke staat;Esch;2024;;
9657;Totaal mannen en vrouwen;Totaal;Totaal burgerlijke staat;Etten-Leur;1988;31989.0;
9658;Totaal mannen en vrouwen;Totaal;Totaal burgerlijke staat;Etten-Leur;1989;32010.0;
9659;Totaal mannen en vrouwen;Totaal;Totaal burgerlijke staat;Etten-Leur;1990;32304.0;
9660;Totaal mannen en vrouwen;Totaal;Totaal burgerlijke staat;Etten-Leur;1991;32651.0;
9661;Totaal mannen en vrouwen;Totaal;Totaal burgerlijke staat;Etten-Leur;1992;32926.0;
9662;Totaal mannen en vrouwen;Totaal;Totaal burgerlijke staat;Etten-Leur;1993;33193.0;
9663;Totaal mannen en vrouwen;Totaal;Totaal burgerlijke staat;Etten-Leur;1994;33863.0;
9664;Totaal mannen en vrouwen;Totaal;Totaal burgerlijke staat;Etten-Leur;1995;34410.0;34624.5
9665;Totaal mannen en vrouwen;Totaal;Totaal burgerlijke staat;Etten-Leur;1996;34839.0;35060.5
9666;Totaal mannen en vrouwen;Totaal;Totaal burgerlijke staat;Etten-Leur;1997;35089.0;35394.5
9667;Totaal mannen en vrouwen;Totaal;Totaal burgerlijke staat;Etten-Leur;1998;35700.0;35903.0
9668;Totaal mannen en vrouwen;Totaal;Totaal burgerlijke staat;Etten-Leur;1999;36106.0;36564.5
9669;Totaal mannen en vrouwen;Totaal;Totaal burgerlijke staat;Etten-Leur;2000;37023.0;37403.5
9670;Totaal mannen en vrouwen;Totaal;Totaal burgerlijke staat;Etten-Leur;2001;37784.0;38198.5
9671;Totaal mannen en vrouwen;Totaal;Totaal burgerlijke staat;Etten-Leur;2002;38613.0;38982.5
9672;Totaal mannen en vrouwen;Totaal;Totaal burgerlijke staat;Etten-Leur;2003;39352.0;39504.5
9673;Totaal mannen en vrouwen;Totaal;Totaal burgerlijke staat;Etten-Leur;2004;39657.0;39758.5
9674;Totaal mannen en vrouwen;Totaal;Totaal burgerlijke staat;Etten-Leur;2005;39860.0;40091.0
9675;Totaal mannen en vrouwen;Totaal;Totaal burgerlijke staat;Etten-Leur;2006;40322.0;40456.5
9676;Totaal mannen en vrouwen;Totaal;Totaal burgerlijke staat;Etten-Leur;2007;40591.0;40513.0
9677;Totaal mannen en vrouwen;Totaal;Totaal burgerlijke staat;Etten-Leur;2008;40435.0;40716.0
9678;Totaal mannen en vrouwen;Totaal;Totaal burgerlijke staat;Etten-Leur;2009;40997.0;41260.5
9679;Totaal mannen en vrouwen;Totaal;Totaal burgerlijke staat;Etten-Leur;2010;41524.0;41662.0
9680;Totaal mannen en vrouwen;Totaal;Totaal burgerlijke staat;Etten-Leur;2011;41800.0;41924.0
9681;Totaal mannen en vrouwen;Totaal;Totaal burgerlijke staat;Etten-Leur;2012;42048.0;42161.0
9682;Totaal mannen en vrouwen;Totaal;Totaal burgerlijke staat;Etten-Leur;2013;42274.0;42315.5
9683;Totaal mannen en vrouwen;Totaal;Totaal burgerlijke staat;Etten-Leur;2014;42357.0;42430.0
9684;Totaal mannen en vrouwen;Totaal;Totaal burgerlijke staat;Etten-Leur;2015;42503.0;42667.5
9685;Totaal mannen en vrouwen;Totaal;Totaal burgerlijke staat;Etten-Leur;2016;42832.0;42929.5
9686;Totaal mannen en vrouwen;Totaal;Totaal burgerlijke staat;Etten-Leur;2017;43027.0;43279.5
9687;Totaal mannen en vrouwen;Totaal;Totaal burgerlijke staat;Etten-Leur;2018;43532.0;43653.0
9688;Totaal mannen en vrouwen;Totaal;Totaal burgerlijke staat;Etten-Leur;2019;43774.0;43826.0
9689;Totaal mannen en vrouwen;Totaal;Totaal burgerlijke staat;Etten-Leur;2020;43878.0;43873.5
9690;Totaal mannen en vrouwen;Totaal;Totaal burgerlijke staat;Etten-Leur;2021;43869.0;44010.5
9691;Totaal mannen en vrouwen;Totaal;Totaal burgerlijke staat;Etten-Leur;2022;44152.0;44365.0
9692;Totaal mannen en vrouwen;Totaal;Totaal burgerlijke staat;Etten-Leur;2023;44578.0;44907.5
9693;Totaal mannen en vrouwen;Totaal;Totaal burgerlijke staat;Etten-Leur;2024;45237.0;
9694;Totaal mannen en vrouwen;Totaal;Totaal burgerlijke staat;Ezinge;1988;1857.0;
9695;Totaal mannen en vrouwen;Totaal;Totaal burgerlijke staat;Ezinge;1989;1860.0;
9696;Totaal mannen en vrouwen;Totaal;Totaal burgerlijke staat;Ezinge;1990;;
9697;Totaal mannen en vrouwen;Totaal;Totaal burgerlijke staat;Ezinge;1991;;
9698;Totaal mannen en vrouwen;Totaal;Totaal burgerlijke staat;Ezinge;1992;;
9699;Totaal mannen en vrouwen;Totaal;Totaal burgerlijke staat;Ezinge;1993;;
9700;Totaal mannen en vrouwen;Totaal;Totaal burgerlijke staat;Ezinge;1994;;
9701;Totaal mannen en vrouwen;Totaal;Totaal burgerlijke staat;Ezinge;1995;;
9702;Totaal mannen en vrouwen;Totaal;Totaal burgerlijke staat;Ezinge;1996;;
9703;Totaal mannen en vrouwen;Totaal;Totaal burgerlijke staat;Ezinge;1997;;
9704;Totaal mannen en vrouwen;Totaal;Totaal burgerlijke staat;Ezinge;1998;;
9705;Totaal mannen en vrouwen;Totaal;Totaal burgerlijke staat;Ezinge;1999;;
9706;Totaal mannen en vrouwen;Totaal;Totaal burgerlijke staat;Ezinge;2000;;
9707;Totaal mannen en vrouwen;Totaal;Totaal burgerlijke staat;Ezinge;2001;;
9708;Totaal mannen en vrouwen;Totaal;Totaal burgerlijke staat;Ezinge;2002;;
9709;Totaal mannen en vrouwen;Totaal;Totaal burgerlijke staat;Ezinge;2003;;
9710;Totaal mannen en vrouwen;Totaal;Totaal burgerlijke staat;Ezinge;2004;;
9711;Totaal mannen en vrouwen;Totaal;Totaal burgerlijke staat;Ezinge;2005;;
9712;Totaal mannen en vrouwen;Totaal;Totaal burgerlijke staat;Ezinge;2006;;
9713;Totaal mannen en vrouwen;Totaal;Totaal burgerlijke staat;Ezinge;2007;;
9714;Totaal mannen en vrouwen;Totaal;Totaal burgerlijke staat;Ezinge;2008;;
9715;Totaal mannen en vrouwen;Totaal;Totaal burgerlijke staat;Ezinge;2009;;
9716;Totaal mannen en vrouwen;Totaal;Totaal burgerlijke staat;Ezinge;2010;;
9717;Totaal mannen en vrouwen;Totaal;Totaal burgerlijke staat;Ezinge;2011;;
9718;Totaal mannen en vrouwen;Totaal;Totaal burgerlijke staat;Ezinge;2012;;
9719;Totaal mannen en vrouwen;Totaal;Totaal burgerlijke staat;Ezinge;2013;;
9720;Totaal mannen en vrouwen;Totaal;Totaal burgerlijke staat;Ezinge;2014;;
9721;Totaal mannen en vrouwen;Totaal;Totaal burgerlijke staat;Ezinge;2015;;
9722;Totaal mannen en vrouwen;Totaal;Totaal burgerlijke staat;Ezinge;2016;;
9723;Totaal mannen en vrouwen;Totaal;Totaal burgerlijke staat;Ezinge;2017;;
9724;Totaal mannen en vrouwen;Totaal;Totaal burgerlijke staat;Ezinge;2018;;
9725;Totaal mannen en vrouwen;Totaal;Totaal burgerlijke staat;Ezinge;2019;;
9726;Totaal mannen en vrouwen;Totaal;Totaal burgerlijke staat;Ezinge;2020;;
9727;Totaal mannen en vrouwen;Totaal;Totaal burgerlijke staat;Ezinge;2021;;
9728;Totaal mannen en vrouwen;Totaal;Totaal burgerlijke staat;Ezinge;2022;;
9729;Totaal mannen en vrouwen;Totaal;Totaal burgerlijke staat;Ezinge;2023;;
9730;Totaal mannen en vrouwen;Totaal;Totaal burgerlijke staat;Ezinge;2024;;
9731;Totaal mannen en vrouwen;Totaal;Totaal burgerlijke staat;Ferwerderadeel;1988;9098.0;
9732;Totaal mannen en vrouwen;Totaal;Totaal burgerlijke staat;Ferwerderadeel;1989;9185.0;
9733;Totaal mannen en vrouwen;Totaal;Totaal burgerlijke staat;Ferwerderadeel;1990;9019.0;
9734;Totaal mannen en vrouwen;Totaal;Totaal burgerlijke staat;Ferwerderadeel;1991;8938.0;
9735;Totaal mannen en vrouwen;Totaal;Totaal burgerlijke staat;Ferwerderadeel;1992;8897.0;
9736;Totaal mannen en vrouwen;Totaal;Totaal burgerlijke staat;Ferwerderadeel;1993;8883.0;
9737;Totaal mannen en vrouwen;Totaal;Totaal burgerlijke staat;Ferwerderadeel;1994;8938.0;
9738;Totaal mannen en vrouwen;Totaal;Totaal burgerlijke staat;Ferwerderadeel;1995;8886.0;8870.0
9739;Totaal mannen en vrouwen;Totaal;Totaal burgerlijke staat;Ferwerderadeel;1996;8854.0;8829.0
9740;Totaal mannen en vrouwen;Totaal;Totaal burgerlijke staat;Ferwerderadeel;1997;8804.0;8771.5
9741;Totaal mannen en vrouwen;Totaal;Totaal burgerlijke staat;Ferwerderadeel;1998;8739.0;8732.0
9742;Totaal mannen en vrouwen;Totaal;Totaal burgerlijke staat;Ferwerderadeel;1999;;
9743;Totaal mannen en vrouwen;Totaal;Totaal burgerlijke staat;Ferwerderadeel;2000;;
9744;Totaal mannen en vrouwen;Totaal;Totaal burgerlijke staat;Ferwerderadeel;2001;;
9745;Totaal mannen en vrouwen;Totaal;Totaal burgerlijke staat;Ferwerderadeel;2002;;
9746;Totaal mannen en vrouwen;Totaal;Totaal burgerlijke staat;Ferwerderadeel;2003;;
9747;Totaal mannen en vrouwen;Totaal;Totaal burgerlijke staat;Ferwerderadeel;2004;;
9748;Totaal mannen en vrouwen;Totaal;Totaal burgerlijke staat;Ferwerderadeel;2005;;
9749;Totaal mannen en vrouwen;Totaal;Totaal burgerlijke staat;Ferwerderadeel;2006;;
9750;Totaal mannen en vrouwen;Totaal;Totaal burgerlijke staat;Ferwerderadeel;2007;;
9751;Totaal mannen en vrouwen;Totaal;Totaal burgerlijke staat;Ferwerderadeel;2008;;
9752;Totaal mannen en vrouwen;Totaal;Totaal burgerlijke staat;Ferwerderadeel;2009;;
9753;Totaal mannen en vrouwen;Totaal;Totaal burgerlijke staat;Ferwerderadeel;2010;;
9754;Totaal mannen en vrouwen;Totaal;Totaal burgerlijke staat;Ferwerderadeel;2011;;
9755;Totaal mannen en vrouwen;Totaal;Totaal burgerlijke staat;Ferwerderadeel;2012;;
9756;Totaal mannen en vrouwen;Totaal;Totaal burgerlijke staat;Ferwerderadeel;2013;;
9757;Totaal mannen en vrouwen;Totaal;Totaal burgerlijke staat;Ferwerderadeel;2014;;
9758;Totaal mannen en vrouwen;Totaal;Totaal burgerlijke staat;Ferwerderadeel;2015;;
9759;Totaal mannen en vrouwen;Totaal;Totaal burgerlijke staat;Ferwerderadeel;2016;;
9760;Totaal mannen en vrouwen;Totaal;Totaal burgerlijke staat;Ferwerderadeel;2017;;
9761;Totaal mannen en vrouwen;Totaal;Totaal burgerlijke staat;Ferwerderadeel;2018;;
9762;Totaal mannen en vrouwen;Totaal;Totaal burgerlijke staat;Ferwerderadeel;2019;;
9763;Totaal mannen en vrouwen;Totaal;Totaal burgerlijke staat;Ferwerderadeel;2020;;
9764;Totaal mannen en vrouwen;Totaal;Totaal burgerlijke staat;Ferwerderadeel;2021;;
9765;Totaal mannen en vrouwen;Totaal;Totaal burgerlijke staat;Ferwerderadeel;2022;;
9766;Totaal mannen en vrouwen;Totaal;Totaal burgerlijke staat;Ferwerderadeel;2023;;
9767;Totaal mannen en vrouwen;Totaal;Totaal burgerlijke staat;Ferwerderadeel;2024;;
9768;Totaal mannen en vrouwen;Totaal;Totaal burgerlijke staat;Ferwerderadiel;1988;;
9769;Totaal mannen en vrouwen;Totaal;Totaal burgerlijke staat;Ferwerderadiel;1989;;
9770;Totaal mannen en vrouwen;Totaal;Totaal burgerlijke staat;Ferwerderadiel;1990;;
9771;Totaal mannen en vrouwen;Totaal;Totaal burgerlijke staat;Ferwerderadiel;1991;;
9772;Totaal mannen en vrouwen;Totaal;Totaal burgerlijke staat;Ferwerderadiel;1992;;
9773;Totaal mannen en vrouwen;Totaal;Totaal burgerlijke staat;Ferwerderadiel;1993;;
9774;Totaal mannen en vrouwen;Totaal;Totaal burgerlijke staat;Ferwerderadiel;1994;;
9775;Totaal mannen en vrouwen;Totaal;Totaal burgerlijke staat;Ferwerderadiel;1995;;
9776;Totaal mannen en vrouwen;Totaal;Totaal burgerlijke staat;Ferwerderadiel;1996;;
9777;Totaal mannen en vrouwen;Totaal;Totaal burgerlijke staat;Ferwerderadiel;1997;;
9778;Totaal mannen en vrouwen;Totaal;Totaal burgerlijke staat;Ferwerderadiel;1998;;
9779;Totaal mannen en vrouwen;Totaal;Totaal burgerlijke staat;Ferwerderadiel;1999;8725.0;8739.0
9780;Totaal mannen en vrouwen;Totaal;Totaal burgerlijke staat;Ferwerderadiel;2000;8753.0;8785.5
9781;Totaal mannen en vrouwen;Totaal;Totaal burgerlijke staat;Ferwerderadiel;2001;8818.0;8856.0
9782;Totaal mannen en vrouwen;Totaal;Totaal burgerlijke staat;Ferwerderadiel;2002;8894.0;8923.5
9783;Totaal mannen en vrouwen;Totaal;Totaal burgerlijke staat;Ferwerderadiel;2003;8953.0;8980.5
9784;Totaal mannen en vrouwen;Totaal;Totaal burgerlijke staat;Ferwerderadiel;2004;9008.0;8987.5
9785;Totaal mannen en vrouwen;Totaal;Totaal burgerlijke staat;Ferwerderadiel;2005;8967.0;8971.5
9786;Totaal mannen en vrouwen;Totaal;Totaal burgerlijke staat;Ferwerderadiel;2006;8976.0;8935.0
9787;Totaal mannen en vrouwen;Totaal;Totaal burgerlijke staat;Ferwerderadiel;2007;8894.0;8879.5
9788;Totaal mannen en vrouwen;Totaal;Totaal burgerlijke staat;Ferwerderadiel;2008;8865.0;8845.0
9789;Totaal mannen en vrouwen;Totaal;Totaal burgerlijke staat;Ferwerderadiel;2009;8825.0;8832.0
9790;Totaal mannen en vrouwen;Totaal;Totaal burgerlijke staat;Ferwerderadiel;2010;8839.0;8851.5
9791;Totaal mannen en vrouwen;Totaal;Totaal burgerlijke staat;Ferwerderadiel;2011;8864.0;8850.5
9792;Totaal mannen en vrouwen;Totaal;Totaal burgerlijke staat;Ferwerderadiel;2012;8837.0;8846.5
9793;Totaal mannen en vrouwen;Totaal;Totaal burgerlijke staat;Ferwerderadiel;2013;8856.0;8823.0
9794;Totaal mannen en vrouwen;Totaal;Totaal burgerlijke staat;Ferwerderadiel;2014;8790.0;8764.0
9795;Totaal mannen en vrouwen;Totaal;Totaal burgerlijke staat;Ferwerderadiel;2015;8738.0;8719.5
9796;Totaal mannen en vrouwen;Totaal;Totaal burgerlijke staat;Ferwerderadiel;2016;8701.0;8718.0
9797;Totaal mannen en vrouwen;Totaal;Totaal burgerlijke staat;Ferwerderadiel;2017;8735.0;8703.0
9798;Totaal mannen en vrouwen;Totaal;Totaal burgerlijke staat;Ferwerderadiel;2018;8671.0;8623.0
9799;Totaal mannen en vrouwen;Totaal;Totaal burgerlijke staat;Ferwerderadiel;2019;;
9800;Totaal mannen en vrouwen;Totaal;Totaal burgerlijke staat;Ferwerderadiel;2020;;
9801;Totaal mannen en vrouwen;Totaal;Totaal burgerlijke staat;Ferwerderadiel;2021;;
9802;Totaal mannen en vrouwen;Totaal;Totaal burgerlijke staat;Ferwerderadiel;2022;;
9803;Totaal mannen en vrouwen;Totaal;Totaal burgerlijke staat;Ferwerderadiel;2023;;
9804;Totaal mannen en vrouwen;Totaal;Totaal burgerlijke staat;Ferwerderadiel;2024;;
9805;Totaal mannen en vrouwen;Totaal;Totaal burgerlijke staat;Fijnaart en Heijningen;1988;6126.0;
9806;Totaal mannen en vrouwen;Totaal;Totaal burgerlijke staat;Fijnaart en Heijningen;1989;6167.0;
9807;Totaal mannen en vrouwen;Totaal;Totaal burgerlijke staat;Fijnaart en Heijningen;1990;6163.0;
9808;Totaal mannen en vrouwen;Totaal;Totaal burgerlijke staat;Fijnaart en Heijningen;1991;6152.0;
9809;Totaal mannen en vrouwen;Totaal;Totaal burgerlijke staat;Fijnaart en Heijningen;1992;6143.0;
9810;Totaal mannen en vrouwen;Totaal;Totaal burgerlijke staat;Fijnaart en Heijningen;1993;6153.0;
9811;Totaal mannen en vrouwen;Totaal;Totaal burgerlijke staat;Fijnaart en Heijningen;1994;6194.0;
9812;Totaal mannen en vrouwen;Totaal;Totaal burgerlijke staat;Fijnaart en Heijningen;1995;6199.0;6165.5
9813;Totaal mannen en vrouwen;Totaal;Totaal burgerlijke staat;Fijnaart en Heijningen;1996;6132.0;6152.5
9814;Totaal mannen en vrouwen;Totaal;Totaal burgerlijke staat;Fijnaart en Heijningen;1997;;
9815;Totaal mannen en vrouwen;Totaal;Totaal burgerlijke staat;Fijnaart en Heijningen;1998;;
9816;Totaal mannen en vrouwen;Totaal;Totaal burgerlijke staat;Fijnaart en Heijningen;1999;;
9817;Totaal mannen en vrouwen;Totaal;Totaal burgerlijke staat;Fijnaart en Heijningen;2000;;
9818;Totaal mannen en vrouwen;Totaal;Totaal burgerlijke staat;Fijnaart en Heijningen;2001;;
9819;Totaal mannen en vrouwen;Totaal;Totaal burgerlijke staat;Fijnaart en Heijningen;2002;;
9820;Totaal mannen en vrouwen;Totaal;Totaal burgerlijke staat;Fijnaart en Heijningen;2003;;
9821;Totaal mannen en vrouwen;Totaal;Totaal burgerlijke staat;Fijnaart en Heijningen;2004;;
9822;Totaal mannen en vrouwen;Totaal;Totaal burgerlijke staat;Fijnaart en Heijningen;2005;;
9823;Totaal mannen en vrouwen;Totaal;Totaal burgerlijke staat;Fijnaart en Heijningen;2006;;
9824;Totaal mannen en vrouwen;Totaal;Totaal burgerlijke staat;Fijnaart en Heijningen;2007;;
9825;Totaal mannen en vrouwen;Totaal;Totaal burgerlijke staat;Fijnaart en Heijningen;2008;;
9826;Totaal mannen en vrouwen;Totaal;Totaal burgerlijke staat;Fijnaart en Heijningen;2009;;
9827;Totaal mannen en vrouwen;Totaal;Totaal burgerlijke staat;Fijnaart en Heijningen;2010;;
9828;Totaal mannen en vrouwen;Totaal;Totaal burgerlijke staat;Fijnaart en Heijningen;2011;;
9829;Totaal mannen en vrouwen;Totaal;Totaal burgerlijke staat;Fijnaart en Heijningen;2012;;
9830;Totaal mannen en vrouwen;Totaal;Totaal burgerlijke staat;Fijnaart en Heijningen;2013;;
9831;Totaal mannen en vrouwen;Totaal;Totaal burgerlijke staat;Fijnaart en Heijningen;2014;;
9832;Totaal mannen en vrouwen;Totaal;Totaal burgerlijke staat;Fijnaart en Heijningen;2015;;
9833;Totaal mannen en vrouwen;Totaal;Totaal burgerlijke staat;Fijnaart en Heijningen;2016;;
9834;Totaal mannen en vrouwen;Totaal;Totaal burgerlijke staat;Fijnaart en Heijningen;2017;;
9835;Totaal mannen en vrouwen;Totaal;Totaal burgerlijke staat;Fijnaart en Heijningen;2018;;
9836;Totaal mannen en vrouwen;Totaal;Totaal burgerlijke staat;Fijnaart en Heijningen;2019;;
9837;Totaal mannen en vrouwen;Totaal;Totaal burgerlijke staat;Fijnaart en Heijningen;2020;;
9838;Totaal mannen en vrouwen;Totaal;Totaal burgerlijke staat;Fijnaart en Heijningen;2021;;
9839;Totaal mannen en vrouwen;Totaal;Totaal burgerlijke staat;Fijnaart en Heijningen;2022;;
9840;Totaal mannen en vrouwen;Totaal;Totaal burgerlijke staat;Fijnaart en Heijningen;2023;;
9841;Totaal mannen en vrouwen;Totaal;Totaal burgerlijke staat;Fijnaart en Heijningen;2024;;
9842;Totaal mannen en vrouwen;Totaal;Totaal burgerlijke staat;Finsterwolde;1988;2592.0;
9843;Totaal mannen en vrouwen;Totaal;Totaal burgerlijke staat;Finsterwolde;1989;2547.0;
9844;Totaal mannen en vrouwen;Totaal;Totaal burgerlijke staat;Finsterwolde;1990;;
9845;Totaal mannen en vrouwen;Totaal;Totaal burgerlijke staat;Finsterwolde;1991;;
9846;Totaal mannen en vrouwen;Totaal;Totaal burgerlijke staat;Finsterwolde;1992;;
9847;Totaal mannen en vrouwen;Totaal;Totaal burgerlijke staat;Finsterwolde;1993;;
9848;Totaal mannen en vrouwen;Totaal;Totaal burgerlijke staat;Finsterwolde;1994;;
9849;Totaal mannen en vrouwen;Totaal;Totaal burgerlijke staat;Finsterwolde;1995;;
9850;Totaal mannen en vrouwen;Totaal;Totaal burgerlijke staat;Finsterwolde;1996;;
9851;Totaal mannen en vrouwen;Totaal;Totaal burgerlijke staat;Finsterwolde;1997;;
9852;Totaal mannen en vrouwen;Totaal;Totaal burgerlijke staat;Finsterwolde;1998;;
9853;Totaal mannen en vrouwen;Totaal;Totaal burgerlijke staat;Finsterwolde;1999;;
9854;Totaal mannen en vrouwen;Totaal;Totaal burgerlijke staat;Finsterwolde;2000;;
9855;Totaal mannen en vrouwen;Totaal;Totaal burgerlijke staat;Finsterwolde;2001;;
9856;Totaal mannen en vrouwen;Totaal;Totaal burgerlijke staat;Finsterwolde;2002;;
9857;Totaal mannen en vrouwen;Totaal;Totaal burgerlijke staat;Finsterwolde;2003;;
9858;Totaal mannen en vrouwen;Totaal;Totaal burgerlijke staat;Finsterwolde;2004;;
9859;Totaal mannen en vrouwen;Totaal;Totaal burgerlijke staat;Finsterwolde;2005;;
9860;Totaal mannen en vrouwen;Totaal;Totaal burgerlijke staat;Finsterwolde;2006;;
9861;Totaal mannen en vrouwen;Totaal;Totaal burgerlijke staat;Finsterwolde;2007;;
9862;Totaal mannen en vrouwen;Totaal;Totaal burgerlijke staat;Finsterwolde;2008;;
9863;Totaal mannen en vrouwen;Totaal;Totaal burgerlijke staat;Finsterwolde;2009;;
9864;Totaal mannen en vrouwen;Totaal;Totaal burgerlijke staat;Finsterwolde;2010;;
9865;Totaal mannen en vrouwen;Totaal;Totaal burgerlijke staat;Finsterwolde;2011;;
9866;Totaal mannen en vrouwen;Totaal;Totaal burgerlijke staat;Finsterwolde;2012;;
9867;Totaal mannen en vrouwen;Totaal;Totaal burgerlijke staat;Finsterwolde;2013;;
9868;Totaal mannen en vrouwen;Totaal;Totaal burgerlijke staat;Finsterwolde;2014;;
9869;Totaal mannen en vrouwen;Totaal;Totaal burgerlijke staat;Finsterwolde;2015;;
9870;Totaal mannen en vrouwen;Totaal;Totaal burgerlijke staat;Finsterwolde;2016;;
9871;Totaal mannen en vrouwen;Totaal;Totaal burgerlijke staat;Finsterwolde;2017;;
9872;Totaal mannen en vrouwen;Totaal;Totaal burgerlijke staat;Finsterwolde;2018;;
9873;Totaal mannen en vrouwen;Totaal;Totaal burgerlijke staat;Finsterwolde;2019;;
9874;Totaal mannen en vrouwen;Totaal;Totaal burgerlijke staat;Finsterwolde;2020;;
9875;Totaal mannen en vrouwen;Totaal;Totaal burgerlijke staat;Finsterwolde;2021;;
9876;Totaal mannen en vrouwen;Totaal;Totaal burgerlijke staat;Finsterwolde;2022;;
9877;Totaal mannen en vrouwen;Totaal;Totaal burgerlijke staat;Finsterwolde;2023;;
9878;Totaal mannen en vrouwen;Totaal;Totaal burgerlijke staat;Finsterwolde;2024;;
9879;Totaal mannen en vrouwen;Totaal;Totaal burgerlijke staat;Franekeradeel;1988;20954.0;
9880;Totaal mannen en vrouwen;Totaal;Totaal burgerlijke staat;Franekeradeel;1989;20931.0;
9881;Totaal mannen en vrouwen;Totaal;Totaal burgerlijke staat;Franekeradeel;1990;20837.0;
9882;Totaal mannen en vrouwen;Totaal;Totaal burgerlijke staat;Franekeradeel;1991;20689.0;
9883;Totaal mannen en vrouwen;Totaal;Totaal burgerlijke staat;Franekeradeel;1992;20677.0;
9884;Totaal mannen en vrouwen;Totaal;Totaal burgerlijke staat;Franekeradeel;1993;20694.0;
9885;Totaal mannen en vrouwen;Totaal;Totaal burgerlijke staat;Franekeradeel;1994;20555.0;
9886;Totaal mannen en vrouwen;Totaal;Totaal burgerlijke staat;Franekeradeel;1995;20490.0;20431.5
9887;Totaal mannen en vrouwen;Totaal;Totaal burgerlijke staat;Franekeradeel;1996;20373.0;20325.5
9888;Totaal mannen en vrouwen;Totaal;Totaal burgerlijke staat;Franekeradeel;1997;20278.0;20211.0
9889;Totaal mannen en vrouwen;Totaal;Totaal burgerlijke staat;Franekeradeel;1998;20144.0;20103.0
9890;Totaal mannen en vrouwen;Totaal;Totaal burgerlijke staat;Franekeradeel;1999;20062.0;20117.5
9891;Totaal mannen en vrouwen;Totaal;Totaal burgerlijke staat;Franekeradeel;2000;20173.0;20263.5
9892;Totaal mannen en vrouwen;Totaal;Totaal burgerlijke staat;Franekeradeel;2001;20354.0;20548.5
9893;Totaal mannen en vrouwen;Totaal;Totaal burgerlijke staat;Franekeradeel;2002;20743.0;20849.0
9894;Totaal mannen en vrouwen;Totaal;Totaal burgerlijke staat;Franekeradeel;2003;20955.0;21001.5
9895;Totaal mannen en vrouwen;Totaal;Totaal burgerlijke staat;Franekeradeel;2004;21048.0;21010.0
9896;Totaal mannen en vrouwen;Totaal;Totaal burgerlijke staat;Franekeradeel;2005;20972.0;20929.5
9897;Totaal mannen en vrouwen;Totaal;Totaal burgerlijke staat;Franekeradeel;2006;20887.0;20729.0
9898;Totaal mannen en vrouwen;Totaal;Totaal burgerlijke staat;Franekeradeel;2007;20571.0;20556.5
9899;Totaal mannen en vrouwen;Totaal;Totaal burgerlijke staat;Franekeradeel;2008;20542.0;20560.5
9900;Totaal mannen en vrouwen;Totaal;Totaal burgerlijke staat;Franekeradeel;2009;20579.0;20588.0
9901;Totaal mannen en vrouwen;Totaal;Totaal burgerlijke staat;Franekeradeel;2010;20597.0;20676.0
9902;Totaal mannen en vrouwen;Totaal;Totaal burgerlijke staat;Franekeradeel;2011;20755.0;20633.5
9903;Totaal mannen en vrouwen;Totaal;Totaal burgerlijke staat;Franekeradeel;2012;20512.0;20494.0
9904;Totaal mannen en vrouwen;Totaal;Totaal burgerlijke staat;Franekeradeel;2013;20476.0;20460.5
9905;Totaal mannen en vrouwen;Totaal;Totaal burgerlijke staat;Franekeradeel;2014;20445.0;20386.5
9906;Totaal mannen en vrouwen;Totaal;Totaal burgerlijke staat;Franekeradeel;2015;20328.0;20296.5
9907;Totaal mannen en vrouwen;Totaal;Totaal burgerlijke staat;Franekeradeel;2016;20265.0;20240.0
9908;Totaal mannen en vrouwen;Totaal;Totaal burgerlijke staat;Franekeradeel;2017;20215.0;20214.0
9909;Totaal mannen en vrouwen;Totaal;Totaal burgerlijke staat;Franekeradeel;2018;;
9910;Totaal mannen en vrouwen;Totaal;Totaal burgerlijke staat;Franekeradeel;2019;;
9911;Totaal mannen en vrouwen;Totaal;Totaal burgerlijke staat;Franekeradeel;2020;;
9912;Totaal mannen en vrouwen;Totaal;Totaal burgerlijke staat;Franekeradeel;2021;;
9913;Totaal mannen en vrouwen;Totaal;Totaal burgerlijke staat;Franekeradeel;2022;;
9914;Totaal mannen en vrouwen;Totaal;Totaal burgerlijke staat;Franekeradeel;2023;;
9915;Totaal mannen en vrouwen;Totaal;Totaal burgerlijke staat;Franekeradeel;2024;;
9916;Totaal mannen en vrouwen;Totaal;Totaal burgerlijke staat;De Friese Meren;1988;;
9917;Totaal mannen en vrouwen;Totaal;Totaal burgerlijke staat;De Friese Meren;1989;;
9918;Totaal mannen en vrouwen;Totaal;Totaal burgerlijke staat;De Friese Meren;1990;;
9919;Totaal mannen en vrouwen;Totaal;Totaal burgerlijke staat;De Friese Meren;1991;;
9920;Totaal mannen en vrouwen;Totaal;Totaal burgerlijke staat;De Friese Meren;1992;;
9921;Totaal mannen en vrouwen;Totaal;Totaal burgerlijke staat;De Friese Meren;1993;;
9922;Totaal mannen en vrouwen;Totaal;Totaal burgerlijke staat;De Friese Meren;1994;;
9923;Totaal mannen en vrouwen;Totaal;Totaal burgerlijke staat;De Friese Meren;1995;;
9924;Totaal mannen en vrouwen;Totaal;Totaal burgerlijke staat;De Friese Meren;1996;;
9925;Totaal mannen en vrouwen;Totaal;Totaal burgerlijke staat;De Friese Meren;1997;;
9926;Totaal mannen en vrouwen;Totaal;Totaal burgerlijke staat;De Friese Meren;1998;;
9927;Totaal mannen en vrouwen;Totaal;Totaal burgerlijke staat;De Friese Meren;1999;;
9928;Totaal mannen en vrouwen;Totaal;Totaal burgerlijke staat;De Friese Meren;2000;;
9929;Totaal mannen en vrouwen;Totaal;Totaal burgerlijke staat;De Friese Meren;2001;;
9930;Totaal mannen en vrouwen;Totaal;Totaal burgerlijke staat;De Friese Meren;2002;;
9931;Totaal mannen en vrouwen;Totaal;Totaal burgerlijke staat;De Friese Meren;2003;;
9932;Totaal mannen en vrouwen;Totaal;Totaal burgerlijke staat;De Friese Meren;2004;;
9933;Totaal mannen en vrouwen;Totaal;Totaal burgerlijke staat;De Friese Meren;2005;;
9934;Totaal mannen en vrouwen;Totaal;Totaal burgerlijke staat;De Friese Meren;2006;;
9935;Totaal mannen en vrouwen;Totaal;Totaal burgerlijke staat;De Friese Meren;2007;;
9936;Totaal mannen en vrouwen;Totaal;Totaal burgerlijke staat;De Friese Meren;2008;;
9937;Totaal mannen en vrouwen;Totaal;Totaal burgerlijke staat;De Friese Meren;2009;;
9938;Totaal mannen en vrouwen;Totaal;Totaal burgerlijke staat;De Friese Meren;2010;;
9939;Totaal mannen en vrouwen;Totaal;Totaal burgerlijke staat;De Friese Meren;2011;;
9940;Totaal mannen en vrouwen;Totaal;Totaal burgerlijke staat;De Friese Meren;2012;;
9941;Totaal mannen en vrouwen;Totaal;Totaal burgerlijke staat;De Friese Meren;2013;;
9942;Totaal mannen en vrouwen;Totaal;Totaal burgerlijke staat;De Friese Meren;2014;51414.0;51313.5
9943;Totaal mannen en vrouwen;Totaal;Totaal burgerlijke staat;De Friese Meren;2015;51213.0;51239.0
9944;Totaal mannen en vrouwen;Totaal;Totaal burgerlijke staat;De Friese Meren;2016;;
9945;Totaal mannen en vrouwen;Totaal;Totaal burgerlijke staat;De Friese Meren;2017;;
9946;Totaal mannen en vrouwen;Totaal;Totaal burgerlijke staat;De Friese Meren;2018;;
9947;Totaal mannen en vrouwen;Totaal;Totaal burgerlijke staat;De Friese Meren;2019;;
9948;Totaal mannen en vrouwen;Totaal;Totaal burgerlijke staat;De Friese Meren;2020;;
9949;Totaal mannen en vrouwen;Totaal;Totaal burgerlijke staat;De Friese Meren;2021;;
9950;Totaal mannen en vrouwen;Totaal;Totaal burgerlijke staat;De Friese Meren;2022;;
9951;Totaal mannen en vrouwen;Totaal;Totaal burgerlijke staat;De Friese Meren;2023;;
9952;Totaal mannen en vrouwen;Totaal;Totaal burgerlijke staat;De Friese Meren;2024;;
9953;Totaal mannen en vrouwen;Totaal;Totaal burgerlijke staat;De Fryske Marren;1988;;
9954;Totaal mannen en vrouwen;Totaal;Totaal burgerlijke staat;De Fryske Marren;1989;;
9955;Totaal mannen en vrouwen;Totaal;Totaal burgerlijke staat;De Fryske Marren;1990;;
9956;Totaal mannen en vrouwen;Totaal;Totaal burgerlijke staat;De Fryske Marren;1991;;
9957;Totaal mannen en vrouwen;Totaal;Totaal burgerlijke staat;De Fryske Marren;1992;;
9958;Totaal mannen en vrouwen;Totaal;Totaal burgerlijke staat;De Fryske Marren;1993;;
9959;Totaal mannen en vrouwen;Totaal;Totaal burgerlijke staat;De Fryske Marren;1994;;
9960;Totaal mannen en vrouwen;Totaal;Totaal burgerlijke staat;De Fryske Marren;1995;;
9961;Totaal mannen en vrouwen;Totaal;Totaal burgerlijke staat;De Fryske Marren;1996;;
9962;Totaal mannen en vrouwen;Totaal;Totaal burgerlijke staat;De Fryske Marren;1997;;
9963;Totaal mannen en vrouwen;Totaal;Totaal burgerlijke staat;De Fryske Marren;1998;;
9964;Totaal mannen en vrouwen;Totaal;Totaal burgerlijke staat;De Fryske Marren;1999;;
9965;Totaal mannen en vrouwen;Totaal;Totaal burgerlijke staat;De Fryske Marren;2000;;
9966;Totaal mannen en vrouwen;Totaal;Totaal burgerlijke staat;De Fryske Marren;2001;;
9967;Totaal mannen en vrouwen;Totaal;Totaal burgerlijke staat;De Fryske Marren;2002;;
9968;Totaal mannen en vrouwen;Totaal;Totaal burgerlijke staat;De Fryske Marren;2003;;
9969;Totaal mannen en vrouwen;Totaal;Totaal burgerlijke staat;De Fryske Marren;2004;;
9970;Totaal mannen en vrouwen;Totaal;Totaal burgerlijke staat;De Fryske Marren;2005;;
9971;Totaal mannen en vrouwen;Totaal;Totaal burgerlijke staat;De Fryske Marren;2006;;
9972;Totaal mannen en vrouwen;Totaal;Totaal burgerlijke staat;De Fryske Marren;2007;;
9973;Totaal mannen en vrouwen;Totaal;Totaal burgerlijke staat;De Fryske Marren;2008;;
9974;Totaal mannen en vrouwen;Totaal;Totaal burgerlijke staat;De Fryske Marren;2009;;
9975;Totaal mannen en vrouwen;Totaal;Totaal burgerlijke staat;De Fryske Marren;2010;;
9976;Totaal mannen en vrouwen;Totaal;Totaal burgerlijke staat;De Fryske Marren;2011;;
9977;Totaal mannen en vrouwen;Totaal;Totaal burgerlijke staat;De Fryske Marren;2012;;
9978;Totaal mannen en vrouwen;Totaal;Totaal burgerlijke staat;De Fryske Marren;2013;;
9979;Totaal mannen en vrouwen;Totaal;Totaal burgerlijke staat;De Fryske Marren;2014;;
9980;Totaal mannen en vrouwen;Totaal;Totaal burgerlijke staat;De Fryske Marren;2015;;
9981;Totaal mannen en vrouwen;Totaal;Totaal burgerlijke staat;De Fryske Marren;2016;51265.0;51425.0
9982;Totaal mannen en vrouwen;Totaal;Totaal burgerlijke staat;De Fryske Marren;2017;51585.0;51663.5
9983;Totaal mannen en vrouwen;Totaal;Totaal burgerlijke staat;De Fryske Marren;2018;51742.0;51586.0
9984;Totaal mannen en vrouwen;Totaal;Totaal burgerlijke staat;De Fryske Marren;2019;51430.0;51497.0
9985;Totaal mannen en vrouwen;Totaal;Totaal burgerlijke staat;De Fryske Marren;2020;51564.0;51671.0
9986;Totaal mannen en vrouwen;Totaal;Totaal burgerlijke staat;De Fryske Marren;2021;51778.0;51687.5
9987;Totaal mannen en vrouwen;Totaal;Totaal burgerlijke staat;De Fryske Marren;2022;51597.0;51794.5
9988;Totaal mannen en vrouwen;Totaal;Totaal burgerlijke staat;De Fryske Marren;2023;51992.0;51960.5
9989;Totaal mannen en vrouwen;Totaal;Totaal burgerlijke staat;De Fryske Marren;2024;51929.0;
9990;Totaal mannen en vrouwen;Totaal;Totaal burgerlijke staat;Gaasterlân-Sleat;1988;9130.0;
9991;Totaal mannen en vrouwen;Totaal;Totaal burgerlijke staat;Gaasterlân-Sleat;1989;9211.0;
9992;Totaal mannen en vrouwen;Totaal;Totaal burgerlijke staat;Gaasterlân-Sleat;1990;9229.0;
9993;Totaal mannen en vrouwen;Totaal;Totaal burgerlijke staat;Gaasterlân-Sleat;1991;9257.0;
9994;Totaal mannen en vrouwen;Totaal;Totaal burgerlijke staat;Gaasterlân-Sleat;1992;9307.0;
9995;Totaal mannen en vrouwen;Totaal;Totaal burgerlijke staat;Gaasterlân-Sleat;1993;9380.0;
9996;Totaal mannen en vrouwen;Totaal;Totaal burgerlijke staat;Gaasterlân-Sleat;1994;9462.0;
9997;Totaal mannen en vrouwen;Totaal;Totaal burgerlijke staat;Gaasterlân-Sleat;1995;9501.0;9516.5
9998;Totaal mannen en vrouwen;Totaal;Totaal burgerlijke staat;Gaasterlân-Sleat;1996;9532.0;9583.5
9999;Totaal mannen en vrouwen;Totaal;Totaal burgerlijke staat;Gaasterlân-Sleat;1997;9635.0;9666.5
